2866 3754
4061 5511
5221 6313
8566 9795
14573 16075
18037 21791
21791 21911
22218 22662
23993 24846
24982 25000
28156 29573
30546 34317
43703 44522
46843 48873
50443 53600
53600 53703
55119 55750
58361 60000
58430 60648
63498 64402
65000 67423
69692 71296
70000 70529
72150 73976
75000 80153
79761 79778
79795 79965
80153 80170
80170 80443
82269 83924
85000 85017
86808 87576
89180 92303
94351 95000
95631 96279
97866 99488
100000 102696
102696 103020
104300 105068
105068 105477
108191 109197
109402 115000
112133 118174
119215 120358
121450 123703
125477 128105
128822 130119
130119 130238
130238 130358
130921 131416
131416 133122
132508 134744
136740 138395
140955 143993
141501 141638
146894 148020
152354 160017
155017 160000
161313 162781
163993 164539
166006 167269
168225 170000
171058 172081
172081 175017
175017 175204
178447 181808
181416 182542
182866 185170
185170 185426
185426 185665
185665 185972
185972 187679
188037 189982
189982 192457
193907 196996
197303 197406
197406 197849
198907 200000
202013 202423
204215 205000
208156 209044
210767 212184
214880 215000
216587 219112
220221 220341
220972 223361
224453 228498
230000 230034
230904 233105
237610 238139
243890 244419
243993 244453
244453 244505
244505 244573
245000 247866
249965 252918
254556 255460
260000 263310
263310 264044
267081 267781
272696 273788
275000 275034
275034 275409
278498 280000
278754 279232
280494 280563
280563 280904
285000 285921
288310 289692
289982 290000
292696 293327
295255 297935
