829 1 221 2 534 182 0
829 2 3 16 162 558 0
830 1 266 0 586 175 0
830 2 2 8 164 581 0
831 1 311 0 638 171 0
831 2 1 1 295 604 0
832 1 324 0 673 159 0
832 2 1 1 295 596 0
833 1 315 0 664 135 0
833 2 1 1 295 589 0
834 1 320 0 641 154 0
834 2 1 1 295 582 0
835 1 311 0 686 133 0
835 2 1 1 288 582 0
836 1 287 3 618 165 0
836 2 1 1 282 582 0
837 1 264 7 565 191 0
837 2 1 1 221 530 0
838 1 208 6 525 165 0
838 2 1 1 172 488 0
839 1 171 5 539 181 0
839 2 1 1 172 488 0
840 1 91 4 464 169 0
841 1 59 2 424 153 0
842 1 15 0 384 161 0
843 1 24 1 378 154 0
844 1 7 4 321 143 0
845 1 7 4 319 150 0
846 1 7 4 269 160 0
847 1 7 4 262 134 0
848 1 7 4 244 143 0
849 1 7 4 218 164 0
850 1 7 4 220 172 0
851 1 7 4 223 169 0
852 1 7 0 216 165 0
853 1 7 4 213 188 0
854 1 7 4 195 176 0
855 1 0 4 179 167 0
856 1 2 4 183 183 0
857 1 0 4 208 116 0
858 1 0 4 78 125 0
859 1 0 4 78 125 0
1538 3 1782 128 1837 191 0
1539 3 1745 235 1800 296 0
1540 3 1738 235 1809 301 0
1541 4 763 109 856 211 0
1541 5 1057 87 1172 211 0
1541 3 1692 428 1747 478 0
1542 4 753 198 843 306 0
1542 5 1050 171 1173 327 0
1542 3 1667 497 1726 547 0
1543 4 762 194 840 306 0
1543 5 1043 171 1166 316 0
1543 3 1666 489 1714 555 0
1544 4 745 309 831 429 0
1544 5 1054 320 1177 453 0
1544 3 1645 597 1702 650 0
1545 4 749 356 832 453 0
1545 5 1071 357 1184 513 0
1545 3 1649 633 1697 686 0
1546 4 748 353 834 459 0
1546 5 1063 352 1191 512 0
1546 3 1651 652 1706 711 0
1547 4 770 412 856 513 0
1547 5 1094 427 1216 557 0
1547 3 1653 671 1716 735 0
1548 4 792 453 862 542 0
1548 5 1114 451 1240 595 0
1548 3 1667 710 1715 773 0
1549 4 778 444 860 539 0
1549 5 1121 446 1245 592 0
1549 3 1662 733 1713 786 0
1550 4 778 519 864 603 0
1550 5 1133 502 1261 646 0
1550 3 1656 755 1711 799 0
1551 4 780 504 866 616 0
1551 5 1136 504 1264 650 0
1551 3 1656 755 1711 799 0
1552 4 780 506 864 620 0
1552 5 1136 504 1264 652 0
1552 3 1656 755 1711 799 0
1553 4 599 632 675 710 0
1553 5 1012 588 1110 716 0
1554 4 610 637 669 713 0
1554 5 1012 577 1123 722 0
1558 5 347 695 528 866 0
1558 6 1401 727 1534 843 0
1559 5 305 703 477 851 0
1559 6 1329 722 1493 863 0
1559 3 710 928 752 974 0
1560 5 312 698 474 846 0
1560 6 1338 738 1452 828 0
1560 3 710 928 752 974 0
1561 5 322 708 484 840 0
1561 6 1311 727 1439 827 0
1561 3 710 928 752 974 0
1562 5 338 706 496 840 0
1562 6 1324 720 1450 826 0
1562 3 710 928 752 974 0
1563 5 470 693 630 825 0
1563 6 1453 707 1561 811 0
1571 1 116 456 492 797 0
1572 1 210 423 575 743 0
1573 1 305 390 658 689 0
1574 1 550 249 884 463 0
1575 1 595 195 940 413 0
1576 1 587 221 942 402 0
1577 1 657 129 964 308 0
1578 1 636 135 986 316 0
1579 1 625 102 976 294 0
1580 1 582 149 879 323 0
1581 1 574 149 866 363 0
1582 1 505 267 779 467 0
1583 1 447 293 721 521 0
1584 1 474 291 755 532 0
1585 1 441 296 735 523 0
1586 1 451 305 766 471 0
1587 1 440 276 757 472 0
1588 1 472 236 786 450 0
1589 1 486 269 789 456 0
1590 1 498 280 787 453 0
1591 1 528 368 787 542 0
1592 1 488 470 769 680 0
1593 1 460 466 759 671 0
1594 1 431 596 709 797 0
1594 2 281 11 469 172 0
1595 1 396 608 702 856 0
1595 2 271 86 424 234 0
1596 1 380 604 699 810 0
1596 2 274 85 426 227 0
1597 1 320 673 637 879 0
1597 2 245 169 385 319 0
1598 1 315 676 604 903 0
1598 2 245 197 400 319 0
1599 1 299 664 595 872 0
1599 2 243 181 421 316 0
1600 1 256 638 525 860 0
1600 2 198 176 370 312 0
1601 1 195 643 476 867 0
1601 2 178 164 333 304 0
1602 1 192 634 487 856 0
1602 2 152 145 307 278 0
1603 1 70 607 401 828 0
1603 2 126 126 281 252 0
1604 1 81 589 379 793 0
1604 2 119 98 274 224 0
1605 1 64 579 375 806 0
1605 2 117 69 272 193 0
1606 1 10 537 351 750 0
1606 2 116 39 271 161 0
1607 1 41 514 349 740 0
1607 2 136 39 271 161 0
1608 1 49 498 347 722 0
1608 2 170 13 291 135 0
1609 1 49 509 350 732 0
1609 2 199 13 320 135 0
1610 1 56 470 375 703 0
1610 2 228 14 349 136 0
1611 1 13 476 370 713 0
1611 2 265 18 386 140 0
1612 1 89 450 396 701 0
1612 2 302 22 423 144 0
1613 1 89 470 426 687 0
1613 2 326 14 473 110 0
1614 1 133 443 429 694 0
1614 2 366 13 513 104 0
1615 1 176 416 466 661 0
1615 2 407 11 554 98 0
1616 1 154 408 461 650 0
1616 2 407 11 554 98 0
1617 1 214 322 499 572 0
1618 1 212 314 520 539 0
1619 1 293 174 597 434 0
1620 1 356 111 695 350 0
1621 1 326 135 680 323 0
1622 1 427 0 742 276 0
1623 1 416 0 748 278 0
1624 1 474 0 800 230 0
1625 1 474 0 825 191 0
1626 1 474 0 817 185 0
1627 1 474 0 843 108 0
1628 1 474 0 838 75 0
1629 1 474 0 843 78 0
1635 1 402 0 742 95 0
1636 1 305 0 691 181 0
1637 1 272 0 715 179 0
1638 1 238 29 635 260 0
1639 1 192 97 562 367 0
1640 1 149 68 550 388 0
1641 1 81 179 483 465 0
1642 1 54 235 466 505 0
1642 2 813 0 897 37 0
1643 1 74 247 466 499 0
1643 2 803 0 891 30 0
1644 1 53 300 455 588 0
1644 2 793 27 886 135 0
1645 1 123 360 478 617 0
1645 2 799 78 895 171 0
1646 1 143 355 476 621 0
1646 2 808 78 890 170 0
1647 1 162 375 529 635 0
1647 2 821 112 920 211 0
1648 1 155 359 546 624 0
1648 2 835 104 925 205 0
1649 1 173 352 553 631 0
1649 2 840 114 916 212 0
1650 1 157 333 553 575 0
1650 2 830 78 915 171 0
1651 1 141 313 506 541 0
1651 2 811 44 896 148 0
1652 1 162 301 543 521 0
1652 2 818 52 884 144 0
1653 1 11 230 377 455 0
1654 1 4 152 340 357 0
1655 1 0 118 296 323 0
1656 1 0 116 294 306 0
1657 1 0 19 188 215 0
1658 1 0 17 132 214 0
1659 1 0 17 134 211 0
1660 1 0 17 76 211 0
1661 1 0 17 83 188 0
2215 1 0 531 247 808 0
2215 2 635 144 756 263 0
2216 1 0 667 246 907 0
2216 2 657 273 777 383 0
2217 1 2 627 238 937 0
2217 2 679 282 772 387 0
2218 1 3 791 248 1079 0
2218 2 699 433 790 540 0
2219 1 3 824 217 1063 0
2219 2 699 436 790 555 0
2220 1 3 916 215 1080 0
2220 2 699 537 790 644 0
2221 1 3 938 218 1081 0
2221 2 704 540 800 668 0
2222 2 695 635 805 762 0
2223 2 702 638 784 758 0
2224 2 694 705 791 837 0
2225 2 677 704 792 824 0
2226 2 660 786 768 905 0
2227 2 648 794 758 907 0
2228 2 603 830 716 954 0
2229 2 592 817 707 946 0
2230 2 522 841 635 976 0
2231 2 528 849 640 981 0
2232 2 467 853 575 972 0
2233 2 472 850 584 972 0
2234 2 380 844 476 965 0
2235 2 372 845 487 957 0
2240 7 1291 797 1399 949 0
2241 7 1291 819 1392 931 0
2242 4 1694 576 1863 719 0
2242 7 1197 778 1302 913 0
2243 4 1706 592 1858 722 0
2243 7 1202 794 1294 908 0
2244 4 1616 577 1796 711 0
2244 7 1143 771 1253 889 0
2245 4 1630 590 1792 720 0
2245 7 1146 766 1236 892 0
2246 4 1583 571 1760 714 0
2246 7 1091 741 1218 873 0
2247 4 1588 594 1748 720 0
2247 7 1100 744 1194 876 0
2248 4 1546 588 1728 716 0
2248 7 1067 727 1169 855 0
2248 3 1032 813 1088 879 0
2249 4 1544 580 1690 698 0
2249 7 1067 733 1152 839 0
2249 3 1010 813 1076 866 0
2250 4 1550 586 1702 702 0
2250 7 1060 712 1158 858 0
2250 3 993 797 1062 857 0
2251 4 1514 556 1701 688 0
2251 5 1887 581 1918 738 0
2251 7 1044 687 1142 823 0
2251 3 975 781 1047 847 0
2252 4 1530 570 1690 700 0
2252 5 1886 582 1916 746 0
2252 7 1038 690 1136 840 0
2252 3 961 765 1034 837 0
2253 4 1514 554 1693 684 0
2253 5 1862 584 1916 734 0
2253 7 1034 669 1140 805 0
2253 3 947 749 1020 827 0
2254 4 1524 564 1684 690 0
2254 5 1872 588 1919 736 0
2254 7 1026 668 1124 818 0
2254 3 938 740 1014 825 0
2255 4 1522 554 1676 686 0
2255 5 1868 584 1912 738 0
2255 7 1022 667 1134 795 0
2255 3 929 731 1008 824 0
2256 4 1526 560 1680 688 0
2256 5 1872 586 1916 738 0
2256 7 1022 646 1126 808 0
2256 3 924 724 1008 814 0
2257 4 1542 550 1706 684 0
2257 5 1888 586 1919 736 0
2257 7 1031 629 1142 776 0
2257 3 919 717 1007 804 0
2258 4 1534 556 1700 686 0
2258 5 1888 586 1919 736 0
2258 7 1018 630 1148 774 0
2258 3 916 719 1007 819 0
2259 4 1572 560 1722 686 0
2259 5 1888 586 1919 736 0
2259 7 1031 617 1154 759 0
2259 3 899 698 999 807 0
2260 4 1560 560 1710 682 0
2260 5 1888 586 1919 736 0
2260 7 1039 617 1142 757 0
2260 3 899 707 986 807 0
2261 4 1558 562 1708 684 0
2261 5 1888 586 1919 736 0
2261 7 1031 612 1160 766 0
2261 3 907 714 994 814 0
2262 4 1595 553 1765 711 0
2262 7 1049 593 1172 753 0
2262 3 907 714 994 816 0
2263 4 1600 574 1752 698 0
2263 7 1034 597 1184 757 0
2263 3 898 701 1001 803 0
2264 4 1629 558 1815 706 0
2264 7 1069 584 1208 750 0
2264 3 920 689 1014 803 0
2265 4 1638 564 1797 711 0
2265 7 1078 596 1211 752 0
2265 3 920 689 1020 803 0
2266 4 1680 573 1878 721 0
2266 7 1108 588 1259 757 0
2266 3 943 689 1043 803 0
2267 4 1678 578 1868 735 0
2267 7 1097 581 1248 761 0
2267 3 943 689 1051 803 0
2268 4 1750 597 1918 733 0
2268 2 0 327 76 501 0
2268 7 1135 570 1279 759 0
2268 3 959 689 1062 803 0
2269 4 1723 597 1918 733 0
2269 2 0 327 99 495 0
2269 7 1133 570 1272 762 0
2269 3 970 690 1061 802 0
2270 4 1801 591 1918 677 0
2270 2 0 327 121 490 0
2270 7 1157 597 1305 758 0
2270 3 988 690 1081 808 0
2271 4 1801 591 1918 677 0
2271 2 0 330 130 491 0
2271 7 1166 576 1310 766 0
2271 3 1006 695 1079 803 0
2272 2 52 332 190 481 0
2272 7 1211 566 1340 756 0
2272 3 1030 702 1112 810 0
2273 2 50 342 192 474 0
2273 7 1198 587 1339 747 0
2273 3 1021 693 1133 804 0
2274 2 105 355 244 497 0
2274 7 1234 564 1381 736 0
2274 3 1069 693 1148 790 0
2275 2 102 342 240 498 0
2275 7 1235 567 1376 732 0
2275 3 1070 693 1154 790 0
2276 2 147 343 285 477 0
2276 7 1258 525 1405 699 0
2276 3 1103 672 1185 759 0
2277 2 146 326 284 464 0
2277 7 1259 498 1400 712 0
2277 3 1103 666 1185 747 0
2278 2 144 326 282 464 0
2278 7 1262 518 1400 707 0
2278 3 1094 662 1184 750 0
2279 2 195 320 345 444 0
2279 7 1294 444 1459 635 0
2279 3 1130 609 1218 691 0
2280 2 190 302 342 432 0
2280 7 1298 423 1448 651 0
2280 3 1127 612 1218 693 0
2281 2 235 308 381 436 0
2281 7 1318 404 1508 629 0
2282 2 232 298 378 428 0
2282 7 1326 392 1495 639 0
2283 2 301 299 437 436 0
2283 7 1363 368 1555 611 0
2284 2 294 304 428 418 0
2284 7 1371 387 1557 612 0
2285 2 389 333 523 457 0
2285 7 1446 372 1659 631 0
2286 2 384 314 518 461 0
2286 7 1444 383 1654 623 0
2287 2 476 339 604 463 0
2287 7 1527 375 1771 639 0
2287 3 1306 626 1420 731 0
2288 2 470 332 598 456 0
2288 7 1540 359 1787 648 0
2288 3 1336 635 1450 740 0
2289 2 569 355 701 473 0
2289 7 1650 368 1897 641 0
2289 3 1366 644 1480 749 0
2290 2 562 342 696 460 0
2290 7 1641 368 1884 641 0
2290 3 1373 636 1494 763 0
2291 2 562 342 696 460 0
2291 7 1632 368 1870 641 0
2291 3 1379 629 1507 778 0
2292 2 669 363 802 505 0
2292 7 1752 368 1918 641 0
2292 3 1423 657 1585 822 0
2293 2 658 370 790 496 0
2293 7 1768 383 1918 640 0
2293 3 1417 664 1579 829 0
2294 2 702 446 822 584 0
2294 7 1815 418 1918 640 0
2294 3 1411 671 1573 836 0
2295 2 688 408 810 548 0
2295 7 1814 424 1918 666 0
2295 3 1405 678 1567 843 0
2296 2 687 460 811 590 0
2296 7 1812 430 1918 692 0
2296 3 1365 697 1517 862 0
2297 2 682 446 804 576 0
2297 7 1811 415 1918 673 0
2297 3 1368 701 1510 866 0
2298 2 641 483 800 617 0
2298 7 1810 400 1918 655 0
2298 3 1307 714 1449 879 0
2299 2 656 474 790 608 0
2299 7 1809 385 1918 636 0
2299 3 1294 714 1436 879 0
2300 2 631 479 761 620 0
2300 7 1808 371 1918 619 0
2300 3 1229 714 1371 879 0
2301 2 626 488 758 615 0
2301 7 1807 356 1918 600 0
2301 3 1228 722 1360 887 0
2302 2 624 480 754 622 0
2302 7 1805 341 1918 582 0
2302 3 1178 702 1301 867 0
2303 2 612 466 740 610 0
2303 7 1805 341 1918 582 0
2303 3 1167 696 1314 848 0
2304 2 640 432 755 570 0
2304 3 1156 665 1279 830 0
2305 2 640 431 766 561 0
2305 3 1148 668 1271 824 0
2306 2 705 323 811 447 0
2306 3 1178 572 1301 719 0
2307 2 686 341 821 475 0
2307 3 1178 572 1301 719 0
2308 2 818 107 932 247 0
2308 3 1237 346 1379 547 0
2309 2 818 107 932 247 0
2309 3 1308 224 1455 424 0
2310 3 1379 102 1531 300 0
2311 3 1440 0 1594 201 0
2312 3 1440 0 1594 201 0
2331 1 1 4 424 212 0
2332 1 1 0 424 210 0
2333 1 1 66 456 364 0
2334 1 6 91 449 366 0
2334 3 1251 2 1386 62 0
2335 1 10 218 435 511 0
2335 2 1359 0 1495 76 0
2335 3 1150 0 1294 177 0
2336 1 17 250 445 584 0
2336 2 1339 0 1478 61 0
2336 3 1146 1 1297 174 0
2337 1 12 390 389 773 0
2337 2 1271 90 1413 208 0
2337 3 1024 127 1183 293 0
2338 1 4 438 396 760 0
2338 2 1261 87 1403 223 0
2338 3 1024 127 1183 310 0
2339 1 0 569 343 893 0
2339 2 1184 189 1326 343 0
2339 3 895 237 1055 433 0
2340 1 0 591 360 886 0
2340 2 1192 196 1304 318 0
2340 3 911 230 1061 434 0
2341 1 0 613 281 968 0
2341 2 1130 282 1252 420 0
2341 3 808 316 968 512 0
2342 1 0 649 274 970 0
2342 2 1128 264 1250 404 0
2342 3 801 294 957 518 0
2343 1 0 686 236 977 0
2343 2 1082 331 1224 494 0
2343 3 722 387 882 576 0
2344 1 0 721 261 961 0
2344 2 1098 332 1215 486 0
2344 3 720 392 880 581 0
2345 1 0 785 226 1061 0
2345 2 1049 414 1184 585 0
2345 3 633 454 793 643 0
2346 1 0 803 208 1040 0
2346 2 1070 400 1179 558 0
2346 3 646 466 800 638 0
2347 1 0 821 221 1074 0
2347 2 1029 467 1164 625 0
2347 3 557 506 731 664 0
2348 1 0 821 237 1076 0
2348 2 1030 472 1150 608 0
2348 3 562 504 728 664 0
2349 1 0 821 237 1078 0
2349 2 1012 481 1134 648 0
2349 3 478 497 690 684 0
2350 1 0 821 239 1078 0
2350 2 1032 498 1126 640 0
2350 3 514 516 674 680 0
2351 1 0 821 241 1078 0
2351 2 1018 512 1132 654 0
2351 3 446 485 658 704 0
2352 1 0 821 244 1078 0
2352 2 1024 508 1137 650 0
2352 3 454 485 634 686 0
2353 1 0 821 246 1078 0
2353 2 1020 514 1138 640 0
2353 3 410 510 592 674 0
2354 1 0 821 249 1078 0
2354 2 1020 516 1136 642 0
2354 3 410 510 596 674 0
2355 1 0 821 251 1078 0
2355 2 1032 502 1132 642 0
2355 3 376 508 556 656 0
2356 1 0 821 254 1078 0
2356 2 1032 508 1130 648 0
2356 3 378 508 560 660 0
2357 1 0 821 256 1078 0
2357 2 1044 485 1159 620 0
2357 3 348 466 524 658 0
2358 1 0 821 258 1078 0
2358 2 1038 480 1155 624 0
2358 3 346 484 520 674 0
2359 1 0 811 253 1035 0
2359 2 1038 478 1136 622 0
2359 3 344 484 520 636 0
2360 1 0 751 315 992 0
2360 2 1056 429 1174 578 0
2360 3 303 432 517 608 0
2361 1 0 730 345 974 0
2361 2 1071 395 1215 558 0
2361 3 309 393 515 583 0
2362 1 0 744 324 966 0
2362 2 1082 414 1196 536 0
2362 3 326 404 498 587 0
2363 1 0 653 367 888 0
2363 2 1132 326 1265 497 0
2363 3 309 322 512 506 0
2364 1 0 664 369 980 0
2364 2 1110 330 1246 482 0
2364 3 298 310 514 498 0
2365 1 0 497 399 769 0
2365 2 1132 229 1268 360 0
2365 3 277 210 453 360 0
2366 1 0 526 386 738 0
2366 2 1152 248 1250 394 0
2366 3 290 209 454 363 0
2367 1 0 337 361 514 0
2367 2 1134 27 1243 178 0
2367 3 160 2 363 114 0
2368 1 0 331 361 530 0
2368 2 1128 16 1257 170 0
2368 3 160 2 363 114 0
2369 1 0 320 356 517 0
2369 2 1128 16 1257 170 0
2369 3 160 2 363 114 0
2370 1 0 2 240 155 0
2371 1 0 2 186 88 0
2372 1 0 2 186 88 0
2492 4 1602 383 1754 514 0
2493 4 1592 376 1804 490 0
2494 4 1316 422 1451 562 0
2495 4 1262 428 1380 557 0
2495 5 1695 505 1856 645 0
2496 4 1256 440 1386 567 0
2496 5 1709 505 1847 657 0
2497 4 1188 441 1341 565 0
2497 5 1619 481 1768 626 0
2498 4 1188 448 1322 544 0
2498 5 1608 494 1770 628 0
2499 4 1128 450 1286 576 0
2499 5 1550 508 1677 632 0
2500 4 1144 464 1268 560 0
2500 5 1556 500 1716 630 0
2501 4 1092 456 1230 616 0
2501 5 1483 483 1663 626 0
2502 4 1106 474 1232 572 0
2502 5 1496 500 1656 630 0
2503 4 1082 465 1244 589 0
2503 5 1472 506 1630 638 0
2504 4 1094 484 1218 580 0
2504 5 1486 500 1640 634 0
2505 4 1112 518 1242 622 0
2505 5 1500 524 1678 662 0
2506 4 1102 502 1230 606 0
2506 5 1490 510 1662 648 0
2507 4 1121 504 1279 627 0
2507 5 1566 534 1740 662 0
2508 4 1142 518 1266 614 0
2508 5 1526 522 1692 648 0
2509 4 1232 516 1362 612 0
2509 5 1702 493 1847 647 0
2510 4 1232 516 1362 612 0
2510 5 1702 493 1847 647 0
2511 4 1525 453 1684 598 0
2512 4 1525 453 1684 598 0
2513 2 298 79 461 203 0
2514 2 331 95 483 176 0
2515 2 736 95 895 230 0
2516 2 724 100 918 235 0
2517 1 1 322 162 742 0
2517 2 1062 79 1191 230 0
2518 1 1 358 176 709 0
2518 2 1051 101 1177 232 0
2519 1 1 410 389 674 0
2519 2 1246 52 1408 212 0
2520 1 0 427 393 658 0
2520 2 1258 54 1418 206 0
2521 1 89 402 544 654 0
2521 2 1381 38 1543 198 0
2522 1 96 398 471 675 0
2522 2 1395 36 1566 196 0
2523 1 184 430 548 678 0
2523 2 1492 34 1654 194 0
2524 1 192 416 549 673 0
2524 2 1512 39 1665 199 0
2525 1 234 410 585 708 0
2525 2 1566 43 1728 203 0
2526 1 227 412 593 713 0
2526 2 1576 20 1734 208 0
2527 1 257 382 614 715 0
2527 2 1650 48 1779 238 0
2528 1 298 402 607 696 0
2528 2 1640 26 1838 194 0
2529 1 219 398 611 701 0
2529 2 1626 36 1826 204 0
2530 1 216 372 600 678 0
2530 2 1640 0 1850 194 0
2531 1 249 386 609 680 0
2531 2 1654 0 1855 178 0
2532 1 206 360 604 666 0
2532 2 1669 0 1861 162 0
2533 1 232 372 587 666 0
2533 2 1683 0 1866 146 0
2534 1 234 360 599 648 0
2534 2 1698 0 1872 130 0
2535 1 234 374 589 645 0
2535 2 1698 0 1872 116 0
2536 1 232 376 602 657 0
2536 2 1698 0 1872 103 0
2537 1 184 322 593 622 0
2537 2 1698 0 1872 76 0
2538 1 137 296 561 554 0
2539 1 173 276 558 549 0
2540 1 163 276 559 511 0
2541 1 117 190 507 419 0
2542 1 85 190 494 397 0
2543 1 3 0 374 243 0
2544 1 1 0 419 240 0
2545 1 1 0 346 150 0
2546 1 3 0 321 137 0
2547 1 3 0 162 100 0
2548 1 3 0 162 100 0
2570 1 0 4 147 120 0
2571 1 0 4 147 123 0
2572 1 0 4 218 137 0
2573 1 0 3 203 154 0
2574 1 0 2 203 163 0
2575 1 0 1 251 188 0
2576 1 0 0 258 249 0
2577 1 0 0 286 282 0
2578 1 1 0 287 248 0
2579 1 1 0 274 249 0
2580 1 1 0 276 282 0
2581 1 1 0 271 283 0
2582 1 1 0 269 273 0
2583 1 1 0 273 268 0
2584 1 1 0 273 277 0
2585 1 1 0 279 273 0
2586 1 1 0 276 276 0
2587 1 1 0 274 262 0
2588 1 1 0 279 265 0
2589 1 1 0 266 263 0
2590 1 1 0 269 263 0
2591 1 1 0 257 259 0
2592 1 1 0 257 262 0
2593 1 1 0 240 252 0
2594 1 1 0 231 249 0
2595 1 1 0 196 226 0
2596 1 1 0 185 221 0
2597 1 1 0 129 184 0
2598 1 1 0 132 204 0
2599 1 1 0 76 173 0
2600 1 1 0 75 168 0
2601 1 1 0 98 182 0
2620 1 1 13 118 319 0
2621 1 2 0 174 291 0
2622 1 2 154 278 430 0
2623 1 1 114 292 430 0
2624 1 0 262 346 552 0
2625 1 12 243 346 541 0
2626 1 0 306 375 609 0
2627 1 0 324 362 609 0
2628 1 5 344 351 649 0
2629 1 1 344 369 633 0
2630 1 0 369 356 655 0
2631 1 0 372 375 665 0
2632 1 1 404 345 714 0
2633 1 11 386 338 681 0
2634 1 17 408 324 689 0
2635 1 1 398 327 671 0
2636 1 0 389 315 659 0
2637 1 1 410 322 673 0
2638 1 1 368 268 660 0
2639 1 1 393 275 634 0
2640 1 1 388 240 651 0
2641 1 3 384 242 662 0
2642 1 0 379 245 626 0
2643 1 0 375 248 629 0
2644 1 0 370 251 632 0
2645 1 0 366 254 635 0
2646 1 0 361 257 638 0
2647 1 0 356 260 640 0
2648 1 0 402 270 643 0
2649 1 0 402 279 650 0
2650 1 0 402 288 656 0
2651 1 0 402 298 663 0
2652 1 0 402 307 669 0
2653 1 0 402 316 676 0
2654 1 0 402 293 655 0
2655 1 0 384 292 648 0
2656 1 0 367 291 641 0
2657 1 14 349 283 679 0
2658 1 0 330 276 622 0
2659 1 7 340 271 635 0
2660 1 0 297 228 591 0
2661 1 0 285 227 602 0
2662 1 0 274 212 544 0
2663 1 0 263 212 541 0
2664 1 0 252 204 513 0
2665 1 0 252 207 522 0
2666 1 0 252 210 530 0
2667 1 0 252 213 538 0
2668 1 0 252 215 547 0
2669 1 0 252 199 528 0
2670 1 0 252 182 510 0
2671 1 0 252 186 503 0
2672 1 0 252 189 496 0
2673 1 0 252 186 491 0
2674 1 0 252 207 490 0
2675 1 2 246 206 501 0
2676 1 1 241 202 486 0
2677 1 0 235 199 470 0
2678 1 0 229 204 476 0
2679 1 0 224 207 476 0
2680 1 0 218 217 474 0
2681 1 0 218 215 468 0
2682 1 0 218 179 516 0
2683 1 0 218 140 453 0
2684 1 2 218 111 425 0
2699 1 2 122 108 400 0
2700 1 1 122 154 412 0
2701 1 0 122 178 412 0
2702 1 0 122 179 406 0
2703 1 0 122 140 390 0
2704 1 5 122 110 398 0
2725 1 1 2 40 200 0
2726 1 1 4 58 198 0
2727 1 1 7 75 197 0
2728 1 1 3 86 205 0
2729 1 1 0 84 220 0
2730 1 1 0 87 218 0
2731 1 1 0 90 217 0
2732 1 1 0 92 216 0
2733 1 1 0 95 215 0
2734 1 1 0 108 222 0
2735 1 1 0 120 229 0
2736 1 1 0 115 232 0
2737 1 1 0 111 235 0
2738 1 1 0 104 238 0
2739 1 1 0 114 246 0
2740 1 1 0 73 252 0
2741 1 1 0 52 229 0
2742 1 1 0 59 232 0
2743 1 1 0 48 246 0
2744 1 1 0 47 257 0
2745 1 1 0 62 262 0
2746 1 1 0 62 268 0
2747 1 1 0 70 273 0
2748 1 1 0 122 218 0
2749 1 1 0 123 229 0
2750 1 1 0 181 185 0
2751 1 1 0 185 199 0
2752 1 55 0 240 176 0
2753 1 28 0 241 182 0
2754 1 33 0 288 171 0
2755 1 60 0 302 201 0
2756 1 88 0 326 201 0
2757 1 70 0 331 194 0
2758 1 72 0 339 179 0
2759 1 73 0 346 164 0
2760 1 186 0 355 145 0
2761 1 187 0 327 159 0
2762 1 145 0 291 151 0
2763 1 142 0 289 150 0
2764 1 133 0 262 133 0
2765 1 122 0 273 128 0
2766 1 106 0 222 106 0
2767 1 105 0 240 114 0
2768 1 89 0 219 104 0
3788 2 1426 6 1592 160 0
3788 7 99 2 162 79 0
3788 3 186 27 246 111 0
3789 2 1457 2 1581 154 0
3789 7 88 4 151 76 0
3789 3 188 20 265 115 0
3790 4 423 0 566 98 0
3790 5 608 1 787 116 0
3790 2 1308 139 1435 269 0
3790 7 8 109 65 174 0
3790 3 115 137 172 213 0
3791 4 417 1 555 82 0
3791 5 601 0 751 119 0
3791 2 1306 148 1433 278 0
3791 7 8 109 65 174 0
3791 3 116 139 176 207 0
3792 4 361 81 504 180 0
3792 5 531 57 710 197 0
3792 2 1232 223 1359 353 0
3792 3 49 253 133 325 0
3793 4 352 86 483 191 0
3793 5 515 64 698 204 0
3793 2 1238 238 1356 358 0
3793 3 59 256 121 314 0
3794 4 328 165 447 277 0
3794 5 468 143 656 283 0
3794 2 1186 300 1302 430 0
3794 3 31 333 96 405 0
3795 4 320 168 440 274 0
3795 5 482 146 634 274 0
3795 2 1192 304 1306 422 0
3795 3 44 336 88 404 0
3796 4 289 234 389 344 0
3796 5 406 187 602 344 0
3796 2 1138 356 1264 483 0
3796 3 10 410 83 486 0
3797 4 290 234 412 344 0
3797 5 444 202 596 342 0
3797 2 1150 346 1253 474 0
3797 3 10 406 83 491 0
3798 4 251 296 371 400 0
3798 5 367 270 568 404 0
3798 2 1105 397 1233 512 0
3798 3 0 462 53 547 0
3799 4 251 286 365 414 0
3799 5 370 273 556 407 0
3799 2 1116 394 1232 510 0
3799 3 0 466 53 548 0
3800 4 221 335 329 461 0
3800 5 337 310 512 444 0
3800 2 1081 429 1195 547 0
3800 3 0 514 42 607 0
3801 4 221 326 334 456 0
3801 5 322 300 531 456 0
3801 2 1090 430 1204 552 0
3801 3 0 514 46 607 0
3802 4 198 359 315 484 0
3802 5 318 330 525 470 0
3802 2 1057 461 1177 581 0
3802 3 2 557 49 641 0
3803 4 204 364 348 502 0
3803 5 346 332 504 474 0
3803 2 1058 460 1180 580 0
3803 3 0 570 49 654 0
3804 4 180 378 328 522 0
3804 5 309 339 505 513 0
3804 2 1037 470 1163 594 0
3804 3 0 583 48 668 0
3805 4 171 395 294 522 0
3805 5 292 339 512 505 0
3805 2 1032 484 1158 608 0
3805 3 2 590 52 677 0
3806 4 180 395 301 527 0
3806 5 289 360 487 498 0
3806 2 1034 478 1162 602 0
3806 3 0 596 51 671 0
3807 4 178 406 305 526 0
3807 5 292 362 487 500 0
3807 2 1034 480 1162 604 0
3807 3 0 602 52 665 0
3808 4 171 419 281 559 0
3808 5 281 369 467 520 0
3808 2 1032 504 1166 630 0
3808 3 0 608 68 699 0
3809 4 166 415 281 547 0
3809 5 277 382 467 523 0
3809 2 1018 492 1150 620 0
3809 3 16 625 81 699 0
3810 4 151 420 273 540 0
3810 5 266 388 473 518 0
3810 2 1024 488 1156 614 0
3810 3 18 635 84 694 0
3811 4 154 438 265 573 0
3811 5 253 402 475 557 0
3811 2 1028 508 1162 638 0
3811 3 20 645 87 729 0
3812 4 150 430 263 569 0
3812 5 255 410 455 544 0
3812 2 1020 490 1154 618 0
3812 3 27 645 93 719 0
3813 4 145 443 275 591 0
3813 5 259 412 470 573 0
3813 2 1028 514 1162 640 0
3813 3 42 662 112 749 0
3814 4 158 446 246 572 0
3814 5 247 434 449 554 0
3814 2 1020 498 1152 626 0
3814 7 1 652 29 715 0
3814 3 42 664 112 749 0
3815 4 145 468 255 611 0
3815 5 262 436 459 587 0
3815 2 1009 514 1151 642 0
3815 7 3 658 47 734 0
3815 3 77 694 138 766 0
3816 4 166 472 249 574 0
3816 5 253 450 443 570 0
3816 2 1022 504 1162 634 0
3816 7 7 657 52 733 0
3816 3 77 696 139 756 0
3817 4 173 496 288 594 0
3817 5 285 451 460 597 0
3817 2 1023 494 1181 633 0
3817 7 31 690 96 751 0
3817 3 127 708 178 773 0
3818 4 182 466 314 611 0
3818 5 302 466 460 582 0
3818 2 1040 506 1174 628 0
3818 7 35 686 85 761 0
3818 3 127 708 178 773 0
3819 4 244 503 318 625 0
3819 5 311 471 497 607 0
3819 2 1069 477 1233 629 0
3819 7 113 709 182 772 0
3820 4 251 494 333 641 0
3820 5 322 480 505 602 0
3820 2 1080 506 1216 626 0
3820 7 113 709 170 772 0
3821 4 352 503 432 601 0
3821 5 408 490 589 602 0
3821 2 1152 480 1295 625 0
3822 4 343 503 425 608 0
3822 5 395 490 585 611 0
3822 2 1152 490 1290 612 0
3823 4 439 532 493 637 0
3823 5 488 503 665 624 0
3823 2 1211 458 1390 595 0
3824 4 449 512 509 611 0
3824 5 496 509 673 625 0
3824 2 1224 470 1370 592 0
3825 4 518 520 570 641 0
3825 5 558 513 712 623 0
3825 2 1266 442 1442 572 0
3826 4 524 539 566 626 0
3826 5 556 504 714 620 0
3826 2 1266 442 1438 576 0
3827 4 567 514 606 626 0
3827 5 593 492 755 618 0
3827 2 1295 415 1463 553 0
3828 4 565 509 611 620 0
3828 5 588 503 760 633 0
3828 2 1302 420 1468 560 0
3829 4 587 503 616 613 0
3829 5 614 462 776 611 0
3829 2 1319 386 1489 546 0
3830 4 580 494 632 613 0
3830 5 600 474 756 606 0
3830 2 1310 388 1480 548 0
3831 4 612 494 647 593 0
3831 5 644 458 796 590 0
3831 1 1 574 107 1031 0
3831 2 1314 358 1476 506 0
3832 4 612 494 647 593 0
3832 5 638 445 767 579 0
3832 1 1 621 75 1031 0
3832 2 1328 358 1492 506 0
3833 5 637 397 777 548 0
3833 1 1 621 131 957 0
3833 2 1335 307 1489 469 0
3834 5 638 408 768 544 0
3834 1 1 574 104 870 0
3834 2 1338 310 1492 474 0
3835 5 640 319 787 469 0
3835 1 1 527 118 781 0
3835 2 1351 229 1479 396 0
3836 5 627 320 785 474 0
3836 1 1 527 118 802 0
3836 2 1354 232 1488 384 0
3837 5 617 184 759 340 0
3837 1 1 359 132 673 0
3837 2 1349 95 1471 238 0
3838 5 621 189 740 337 0
3838 1 1 371 131 665 0
3838 2 1342 115 1471 249 0
3839 5 591 36 734 207 0
3839 1 1 270 129 525 0
3839 2 1331 1 1467 120 0
3840 5 591 36 734 207 0
3840 1 1 275 123 522 0
3840 2 1331 1 1467 120 0
3841 5 591 36 734 207 0
3841 1 1 281 126 517 0
3841 2 1331 1 1467 120 0
3842 1 1 90 107 351 0
3843 1 0 94 98 363 0
3844 1 0 0 80 259 0
3845 1 0 0 84 262 0
3846 1 2 0 61 190 0
3847 1 0 0 60 187 0
4370 7 606 0 663 40 0
4371 7 584 11 645 77 0
4372 7 585 25 638 84 0
4373 7 586 39 631 91 0
4374 7 592 54 638 111 0
4375 7 591 57 637 120 0
4376 7 594 70 630 110 0
4377 7 587 70 643 133 0
4378 7 591 80 639 135 0
4379 7 602 72 658 149 0
4380 7 606 79 658 151 0
4381 1 0 187 52 420 0
4381 7 627 115 677 184 0
4382 1 0 209 53 432 0
4382 7 628 126 682 191 0
4383 1 0 231 77 483 0
4383 7 658 184 704 241 0
4384 1 0 232 83 485 0
4384 7 647 165 714 234 0
4385 1 0 283 125 540 0
4385 7 677 215 731 285 0
4385 3 757 59 803 116 0
4386 1 0 283 117 542 0
4386 7 682 244 716 286 0
4386 3 759 74 795 120 0
4387 1 0 305 115 571 0
4387 7 691 246 733 308 0
4387 3 768 88 817 156 0
4388 1 0 310 134 565 0
4388 7 687 251 732 303 0
4388 3 768 100 808 152 0
4389 1 0 343 150 604 0
4389 7 710 273 745 322 0
4389 3 786 117 831 170 0
4390 1 0 353 153 601 0
4390 7 706 284 740 322 0
4390 3 770 115 831 174 0
4391 1 0 363 184 655 0
4391 7 723 316 772 372 0
4391 3 800 161 838 229 0
4392 1 1 388 178 650 0
4392 7 724 326 774 378 0
4392 3 800 154 835 204 0
4393 1 3 413 210 718 0
4393 7 738 382 787 428 0
4393 3 806 219 863 282 0
4394 1 3 455 200 725 0
4394 7 738 380 789 428 0
4394 3 810 206 867 284 0
4395 1 3 496 218 761 0
4395 7 742 400 792 465 0
4395 3 815 264 874 318 0
4396 1 3 496 225 771 0
4396 7 750 416 782 450 0
4396 3 826 266 860 308 0
4397 1 3 496 241 767 0
4397 7 759 421 811 481 0
4397 3 838 270 882 343 0
4398 1 3 496 235 766 0
4398 7 762 428 794 470 0
4398 3 840 282 876 332 0
4399 1 3 496 242 746 0
4399 7 763 428 821 480 0
4399 3 853 268 890 333 0
4400 1 3 466 253 729 0
4400 7 769 402 826 466 0
4400 3 851 260 912 307 0
4401 1 3 475 263 731 0
4401 7 782 418 826 462 0
4401 3 862 260 901 324 0
4402 1 3 393 266 669 0
4402 7 774 356 837 419 0
4402 3 864 214 920 279 0
4403 1 3 392 264 675 0
4403 7 776 357 832 414 0
4403 3 866 208 923 275 0
4404 1 3 335 260 601 0
4404 7 778 313 837 374 0
4404 3 860 158 929 219 0
4405 1 3 335 255 593 0
4405 7 785 310 832 361 0
4405 3 869 168 923 220 0
4406 1 3 285 239 560 0
4406 7 770 272 829 326 0
4406 3 856 128 915 189 0
4407 1 3 280 232 545 0
4407 7 769 276 824 327 0
4407 3 861 128 912 196 0
4408 1 3 223 168 482 0
4408 7 735 238 779 286 0
4408 3 828 102 874 165 0
4409 1 3 223 175 490 0
4409 7 732 248 766 290 0
4409 3 819 107 869 159 0
5419 7 1747 2 1915 198 0
5420 7 1742 2 1910 189 0
5421 5 1122 273 1192 364 0
5421 7 1506 62 1697 270 0
5421 3 848 2 1016 133 0
5422 5 1124 264 1205 357 0
5422 7 1490 77 1693 274 0
5422 3 851 1 1007 123 0
5423 5 1006 328 1090 427 0
5423 7 1388 166 1543 355 0
5423 3 731 1 886 208 0
5424 5 1023 338 1071 417 0
5424 7 1359 144 1562 358 0
5424 3 717 0 902 203 0
5425 5 922 391 992 471 0
5425 7 1245 225 1448 439 0
5425 3 647 32 837 248 0
5426 5 926 408 982 471 0
5426 7 1262 250 1432 390 0
5426 3 644 56 832 274 0
5427 5 834 449 906 527 0
5427 6 1787 567 1917 725 0
5427 7 1215 311 1379 445 0
5427 3 579 124 777 351 0
5428 5 840 449 908 532 0
5428 6 1816 564 1914 710 0
5428 7 1184 308 1348 444 0
5428 3 584 158 758 348 0
5429 5 761 494 843 581 0
5429 6 1694 593 1832 723 0
5429 7 1129 344 1300 504 0
5429 3 537 225 730 413 0
5430 5 761 494 828 581 0
5430 6 1704 590 1844 714 0
5430 7 1114 358 1278 480 0
5430 3 510 224 702 390 0
5431 5 692 537 757 630 0
5431 6 1598 609 1753 737 0
5431 7 1049 384 1223 567 0
5431 3 463 300 654 479 0
5432 5 692 537 753 630 0
5432 6 1606 600 1748 737 0
5432 7 1060 388 1232 518 0
5432 3 452 282 648 452 0
5433 5 628 580 698 649 0
5433 6 1534 606 1668 753 0
5433 7 1024 438 1188 568 0
5433 3 430 337 626 538 0
5434 5 628 580 704 649 0
5434 6 1536 606 1674 726 0
5434 7 1014 420 1176 554 0
5434 3 412 346 600 512 0
5435 5 582 608 654 695 0
5435 6 1473 630 1618 747 0
5435 7 983 474 1145 608 0
5435 3 385 406 568 576 0
5436 5 582 608 654 695 0
5436 6 1478 618 1608 734 0
5436 7 978 450 1136 588 0
5436 3 384 392 580 564 0
5437 5 543 645 604 742 0
5437 6 1417 634 1544 756 0
5437 7 939 475 1110 631 0
5437 3 362 443 570 631 0
5438 5 552 662 598 742 0
5438 6 1426 626 1562 754 0
5438 7 942 476 1108 616 0
5438 3 360 428 560 600 0
5439 5 530 679 577 749 0
5439 6 1389 638 1523 760 0
5439 7 904 503 1107 637 0
5439 3 322 470 544 658 0
5440 5 530 679 577 749 0
5440 6 1396 632 1530 758 0
5440 7 932 486 1109 636 0
5440 3 354 466 552 634 0
5441 6 1372 636 1514 758 0
5441 7 924 500 1103 643 0
5441 3 346 496 556 658 0
5442 6 1378 636 1516 758 0
5442 7 936 498 1088 630 0
5442 3 370 488 568 654 0
5443 6 1376 634 1512 756 0
5443 7 936 496 1086 628 0
5443 3 374 486 568 652 0
5444 6 1382 632 1518 756 0
5444 7 944 496 1100 628 0
5444 3 408 478 580 664 0
5445 6 1378 634 1514 760 0
5445 7 944 496 1122 628 0
5445 3 404 476 599 662 0
5446 6 1394 624 1532 748 0
5446 7 992 494 1144 626 0
5446 3 442 486 618 634 0
5447 6 1382 630 1520 756 0
5447 7 982 496 1132 632 0
5447 3 432 490 608 640 0
5448 6 1428 614 1564 744 0
5448 7 1038 476 1192 618 0
5448 3 498 476 668 618 0
5449 6 1404 622 1540 754 0
5449 7 1018 484 1170 624 0
5449 3 480 488 646 628 0
5450 6 1428 617 1564 739 0
5450 7 1043 456 1233 613 0
5450 3 518 458 695 608 0
5451 6 1434 616 1570 738 0
5451 7 1066 478 1204 622 0
5451 3 538 470 698 620 0
5452 6 1491 604 1625 722 0
5452 7 1122 450 1303 596 0
5452 3 589 430 758 608 0
5453 6 1488 612 1614 726 0
5453 7 1124 445 1266 621 0
5453 3 610 452 756 600 0
5454 6 1625 589 1763 720 0
5454 7 1326 407 1492 598 0
5454 3 794 376 899 570 0
5455 6 1625 589 1763 720 0
5455 7 1326 407 1492 598 0
5455 3 794 376 899 570 0
5499 4 1150 404 1234 492 0
5499 5 902 353 969 423 0
5499 3 1466 311 1632 502 0
5500 4 1162 404 1234 495 0
5500 5 911 348 978 427 0
5500 3 1478 310 1634 491 0
5501 4 1053 449 1146 506 0
5501 5 806 389 891 452 0
5501 3 1376 309 1529 506 0
5502 4 1053 441 1138 515 0
5502 5 818 406 884 466 0
5502 3 1378 350 1514 460 0
5503 4 996 462 1095 536 0
5503 5 770 427 842 486 0
5503 7 1837 369 1917 608 0
5503 3 1315 384 1471 520 0
5504 4 1006 460 1086 533 0
5504 5 772 438 832 496 0
5504 7 1856 392 1920 576 0
5504 3 1314 368 1468 506 0
5505 4 957 462 1052 551 0
5505 5 731 434 824 508 0
5505 6 1391 511 1510 606 0
5505 7 1787 414 1921 592 0
5505 3 1267 404 1425 540 0
5506 4 976 482 1042 544 0
5506 5 740 452 804 516 0
5506 6 1380 511 1503 606 0
5506 7 1806 406 1916 588 0
5506 3 1276 402 1434 540 0
5507 4 928 486 1036 548 0
5507 5 722 453 791 531 0
5507 6 1370 511 1497 606 0
5507 7 1768 392 1919 574 0
5507 3 1270 397 1426 545 0
5508 4 952 482 1018 546 0
5508 5 724 462 788 526 0
5508 6 1370 511 1487 606 0
5508 7 1788 392 1916 576 0
5508 3 1226 406 1382 542 0
5509 4 926 502 993 572 0
5509 5 711 475 795 551 0
5509 6 1372 511 1485 624 0
5509 7 1742 402 1898 596 0
5509 3 1256 371 1405 552 0
5510 4 938 490 1002 562 0
5510 5 710 472 774 540 0
5510 6 1372 511 1485 624 0
5510 7 1760 396 1914 592 0
5510 3 1246 412 1394 556 0
5511 4 916 508 999 576 0
5511 5 720 496 784 562 0
5511 6 1374 498 1487 626 0
5511 7 1758 400 1914 598 0
5511 3 1256 417 1388 555 0
5512 4 936 498 1000 566 0
5512 5 720 484 784 550 0
5512 6 1374 498 1487 613 0
5512 7 1760 400 1916 596 0
5512 3 1264 412 1404 554 0
5513 4 925 501 995 583 0
5513 5 716 499 800 541 0
5513 6 1385 518 1498 620 0
5513 7 1750 410 1912 606 0
5513 3 1254 410 1401 564 0
5514 4 932 510 994 576 0
5514 5 716 496 778 562 0
5514 6 1378 511 1497 606 0
5514 7 1754 406 1912 602 0
5514 3 1271 413 1392 543 0
5515 4 916 512 986 588 0
5515 5 712 502 776 574 0
5515 6 1398 490 1526 615 0
5515 7 1748 414 1908 608 0
5515 3 1274 418 1413 568 0
5516 4 920 510 988 586 0
5516 5 716 500 778 572 0
5516 6 1389 488 1519 620 0
5516 7 1750 412 1910 606 0
5516 3 1256 417 1394 540 0
5517 4 914 508 990 594 0
5517 5 710 512 774 578 0
5517 6 1406 488 1519 620 0
5517 7 1750 422 1912 614 0
5517 3 1264 444 1408 576 0
5518 4 914 506 990 592 0
5518 5 712 510 776 576 0
5518 6 1406 501 1538 635 0
5518 7 1748 418 1910 610 0
5518 3 1251 412 1396 583 0
5519 4 918 516 994 604 0
5519 5 720 518 782 580 0
5519 6 1435 501 1537 635 0
5519 7 1762 426 1915 624 0
5519 3 1276 412 1406 567 0
5520 4 912 510 988 596 0
5520 5 716 512 778 572 0
5520 6 1432 512 1553 652 0
5520 7 1762 426 1919 624 0
5520 3 1249 417 1411 588 0
5521 4 920 526 1017 609 0
5521 5 735 511 807 595 0
5521 6 1447 520 1576 652 0
5521 7 1783 426 1919 624 0
5521 3 1310 452 1452 586 0
5522 4 930 526 996 596 0
5522 5 736 518 794 582 0
5522 6 1462 527 1600 652 0
5522 7 1795 426 1919 624 0
5522 3 1293 446 1442 611 0
5523 4 954 527 1038 617 0
5523 5 761 529 833 599 0
5523 6 1480 527 1599 668 0
5523 7 1807 426 1919 624 0
5523 3 1342 454 1482 608 0
5524 4 946 534 1021 619 0
5524 5 764 536 822 592 0
5524 6 1480 527 1599 657 0
5524 7 1807 426 1919 624 0
5524 3 1340 452 1480 626 0
5525 4 980 544 1071 616 0
5525 5 787 537 863 604 0
5525 6 1547 537 1672 705 0
5525 7 1869 493 1919 659 0
5525 3 1366 421 1521 607 0
5526 4 984 546 1054 608 0
5526 5 792 546 858 606 0
5526 6 1523 531 1685 691 0
5526 7 1869 493 1919 659 0
5526 3 1388 456 1528 576 0
5527 4 1011 540 1108 633 0
5527 5 828 533 917 602 0
5527 6 1594 540 1713 693 0
5527 3 1448 455 1599 628 0
5528 4 1018 546 1099 625 0
5528 5 830 539 898 607 0
5528 6 1594 550 1713 693 0
5528 3 1446 476 1581 620 0
5529 4 1071 546 1151 621 0
5529 5 897 540 956 593 0
5529 6 1676 563 1795 686 0
5529 3 1536 484 1668 635 0
5530 4 1066 550 1136 625 0
5530 5 886 542 960 602 0
5530 6 1676 563 1795 686 0
5530 3 1533 468 1654 637 0
8002 8 911 48 988 118 0
8003 8 914 48 988 106 0
8004 8 827 294 897 368 0
8005 8 778 383 852 460 0
8006 8 776 388 853 446 0
8007 8 703 554 766 645 0
8007 9 579 598 653 670 0
8008 8 691 552 775 643 0
8008 9 577 605 654 675 0
8009 2 1144 585 1198 648 0
8009 8 664 664 723 746 0
8009 9 544 708 609 803 0
8010 2 1142 582 1196 660 0
8010 8 664 664 723 746 0
8010 9 535 701 607 796 0
8011 4 1293 675 1347 723 0
8011 2 1144 656 1192 728 0
8011 8 643 752 725 830 0
8011 9 515 809 593 881 0
8012 4 1300 680 1346 726 0
8012 2 1148 664 1186 718 0
8012 8 658 762 706 836 0
8012 9 524 818 603 888 0
8013 4 1308 694 1369 750 0
8013 2 1153 688 1213 742 0
8013 8 666 798 716 858 0
8013 9 533 826 613 895 0
8014 4 1299 694 1355 755 0
8014 2 1159 688 1211 742 0
8014 8 651 789 725 869 0
8014 9 537 826 622 911 0
8015 8 694 742 768 827 0
8015 9 571 802 651 867 0
8016 8 699 748 773 828 0
8016 9 571 802 651 867 0
8021 1 6 587 202 998 0
8022 1 4 530 194 944 0
8023 1 3 409 337 818 0
8023 8 1295 243 1362 301 0
8024 1 2 384 388 798 0
8024 8 1283 233 1362 312 0
8025 1 1 359 439 779 0
8025 8 1389 189 1471 259 0
8026 1 38 359 473 749 0
8026 8 1409 189 1485 259 0
8027 1 38 333 473 727 0
8027 8 1405 186 1484 260 0
8028 1 38 306 473 703 0
8028 8 1401 182 1482 259 0
8029 1 38 279 473 680 0
8029 8 1467 165 1532 232 0
8030 1 61 279 473 697 0
8030 8 1467 173 1532 232 0
8031 1 66 272 555 632 0
8031 8 1516 158 1579 206 0
8032 1 86 250 575 616 0
8032 8 1516 158 1579 206 0
8033 1 105 229 594 600 0
8034 1 138 213 627 584 0
8035 1 171 197 660 568 0
8036 1 176 183 639 554 0
8037 1 182 169 619 540 0
8038 1 190 157 627 528 0
8039 1 199 144 636 515 0
8040 1 227 120 673 490 0
8041 1 255 96 710 465 0
8042 1 180 24 652 416 0
8043 1 198 16 684 402 0
8044 1 198 16 684 402 0
8045 1 176 4 675 472 0
8046 1 176 4 724 474 0
8047 1 146 14 717 526 0
8048 1 146 14 712 528 0
8049 1 166 76 733 615 0
8050 1 166 76 738 622 0
8051 1 220 298 741 837 0
8052 1 156 298 697 836 0
8053 1 165 568 723 1063 0
8054 1 152 563 714 1063 0
8055 1 147 753 665 1080 0
8055 8 1815 271 1894 378 0
8055 9 1714 332 1814 411 0
8056 1 147 769 682 1080 0
8056 8 1798 254 1889 364 0
8056 9 1719 339 1793 423 0
8057 1 228 892 618 1080 0
8057 8 1781 339 1872 428 0
8057 9 1688 359 1796 480 0
8058 1 172 892 666 1067 0
8058 8 1786 338 1860 428 0
8058 9 1704 386 1774 470 0
8059 1 172 817 666 1067 0
8059 8 1794 268 1874 358 0
8059 9 1694 314 1764 387 0
8060 1 172 817 666 1067 0
8060 8 1794 268 1872 358 0
8060 9 1694 314 1760 398 0
8061 1 109 813 603 1063 0
8061 8 1742 182 1820 284 0
8061 9 1630 215 1727 299 0
8062 1 80 820 574 1070 0
8062 8 1740 187 1820 261 0
8062 9 1633 215 1713 302 0
8063 1 50 827 544 1077 0
8063 8 1652 171 1741 266 0
8063 9 1572 221 1646 303 0
8064 1 50 849 520 1077 0
8064 8 1658 171 1734 266 0
8064 9 1574 210 1639 292 0
8065 1 50 872 495 1077 0
8065 8 1594 191 1678 280 0
8065 9 1506 232 1571 308 0
8066 1 50 880 491 1076 0
8066 8 1583 189 1667 282 0
8066 9 1501 232 1577 319 0
8067 1 50 889 487 1077 0
8067 8 1583 234 1652 328 0
8067 9 1480 258 1558 345 0
8068 1 50 889 487 1077 0
8068 8 1576 234 1636 312 0
8068 9 1486 272 1552 352 0
8069 1 50 889 487 1077 0
8069 8 1583 266 1652 361 0
8069 9 1488 294 1558 394 0
8070 1 50 889 487 1077 0
8070 8 1576 270 1642 340 0
8070 9 1482 308 1556 386 0
8071 1 50 914 412 1076 0
8071 8 1529 290 1613 396 0
8071 9 1450 331 1519 415 0
8072 1 50 914 412 1076 0
8072 8 1538 298 1612 372 0
8072 9 1442 342 1516 410 0
8081 3 1546 601 1754 774 0
8082 6 1719 540 1882 692 0
8082 3 1438 533 1627 738 0
8083 6 1716 545 1856 673 0
8083 3 1447 519 1645 715 0
8084 6 1539 509 1660 622 0
8084 3 1305 498 1466 685 0
8085 6 1543 493 1671 610 0
8085 3 1279 486 1472 673 0
8086 6 1430 456 1570 581 0
8086 3 1204 443 1360 611 0
8087 6 1416 448 1556 573 0
8087 3 1219 451 1375 619 0
8088 6 1335 395 1475 520 0
8088 7 1805 463 1917 692 0
8088 3 1140 395 1296 563 0
8089 6 1332 390 1456 502 0
8089 7 1794 449 1918 681 0
8089 3 1120 410 1278 540 0
8090 6 1274 347 1398 453 0
8090 7 1714 406 1919 669 0
8090 3 1076 346 1222 480 0
8091 6 1276 344 1398 448 0
8091 7 1742 410 1918 626 0
8091 3 1076 344 1222 476 0
8092 6 1243 286 1365 399 0
8092 7 1727 335 1919 561 0
8092 3 1037 263 1179 411 0
8093 6 1248 272 1364 394 0
8093 7 1720 340 1908 566 0
8093 3 1044 288 1180 438 0
8094 6 1243 208 1355 338 0
8094 7 1734 275 1922 505 0
8094 3 1053 219 1193 383 0
8095 6 1236 200 1349 342 0
8095 7 1740 275 1922 505 0
8095 3 1030 210 1164 374 0
8096 6 1249 142 1379 272 0
8096 7 1787 204 1920 434 0
8096 3 1067 180 1213 326 0
8097 6 1254 146 1376 274 0
8097 7 1790 204 1919 434 0
8097 3 1054 158 1190 302 0
8098 6 1252 144 1378 274 0
8098 7 1790 204 1919 434 0
8098 3 1052 156 1190 304 0
8099 6 1289 105 1429 261 0
8099 7 1889 152 1919 382 0
8099 3 1079 128 1251 318 0
8100 6 1294 98 1422 250 0
8100 7 1887 158 1919 349 0
8100 3 1090 124 1250 308 0
8101 6 1263 152 1407 331 0
8101 7 1865 206 1919 428 0
8101 3 1075 214 1231 374 0
8102 6 1249 218 1379 360 0
8102 7 1843 243 1919 446 0
8102 3 1059 250 1225 442 0
8103 6 1242 214 1372 354 0
8103 7 1846 243 1918 446 0
8103 3 1042 250 1204 438 0
8104 6 1202 314 1342 467 0
8104 7 1833 341 1918 565 0
8104 3 1023 342 1179 508 0
8105 6 1224 300 1324 466 0
8105 7 1822 341 1919 565 0
8105 3 1014 342 1172 536 0
8106 6 1263 391 1411 528 0
8106 3 1075 401 1259 595 0
8107 6 1262 396 1398 520 0
8107 3 1062 395 1246 589 0
8108 6 1541 413 1653 532 0
8108 3 1258 444 1414 618 0
8109 6 1548 422 1660 530 0
8109 3 1256 437 1412 611 0
8116 8 474 509 548 597 0
8116 9 354 552 454 638 0
8117 8 476 505 550 593 0
8117 9 361 559 456 638 0
8118 8 574 542 655 612 0
8118 9 462 584 548 668 0
8119 8 592 548 643 618 0
8119 9 481 576 549 666 0
8120 8 677 593 723 656 0
8120 9 559 626 632 700 0
8121 8 677 590 726 666 0
8121 9 570 626 636 708 0
8122 4 1515 779 1571 837 0
8122 5 1288 774 1355 827 0
8122 2 1415 727 1487 797 0
8122 8 746 637 817 711 0
8122 9 653 671 721 748 0
8123 4 1506 774 1573 832 0
8123 5 1279 751 1356 835 0
8123 2 1419 734 1482 797 0
8123 8 757 643 819 709 0
8123 9 644 679 723 769 0
8124 4 1598 832 1652 893 0
8124 5 1340 790 1433 878 0
8124 2 1491 789 1569 841 0
8124 8 793 667 878 767 0
8124 9 691 706 781 809 0
8125 4 1595 828 1652 896 0
8125 5 1328 790 1433 885 0
8125 2 1496 784 1540 840 0
8125 8 793 671 878 753 0
8125 9 700 726 784 820 0
8126 4 1622 886 1694 962 0
8126 5 1375 849 1463 940 0
8126 2 1523 826 1592 915 0
8126 8 817 725 874 810 0
8126 9 709 745 786 830 0
8127 4 1644 911 1704 978 0
8127 5 1407 881 1484 959 0
8127 2 1532 846 1578 900 0
8127 8 814 738 879 828 0
8127 9 715 775 792 860 0
8128 4 1665 936 1713 993 0
8128 5 1439 912 1504 977 0
8128 2 1553 877 1625 933 0
8128 8 812 750 884 845 0
8128 9 721 805 798 890 0
8129 4 1658 936 1714 993 0
8129 5 1434 912 1504 977 0
8129 2 1554 882 1602 938 0
8129 8 812 750 888 845 0
8129 9 726 797 805 891 0
8130 4 1706 978 1784 1047 0
8130 5 1484 950 1543 1037 0
8130 2 1594 918 1667 979 0
8130 8 845 798 919 887 0
8130 9 747 861 839 940 0
8131 4 1706 985 1784 1046 0
8131 5 1484 963 1538 1037 0
8131 2 1607 918 1672 976 0
8131 8 845 798 915 887 0
8131 9 751 850 843 929 0
8132 4 1779 989 1861 1067 0
8132 5 1564 991 1634 1048 0
8132 2 1665 934 1743 994 0
8132 8 886 832 955 923 0
8132 9 787 899 879 978 0
8133 4 1779 996 1861 1066 0
8133 5 1564 979 1636 1063 0
8133 2 1671 934 1745 1011 0
8133 8 892 832 955 923 0
8133 9 787 899 877 978 0
8134 4 1844 968 1909 1044 0
8134 5 1604 966 1678 1031 0
8134 2 1716 901 1795 985 0
8134 8 912 847 992 923 0
8134 9 826 910 916 989 0
8135 4 1837 968 1909 1044 0
8135 5 1604 966 1676 1031 0
8135 2 1721 912 1795 979 0
8135 8 920 832 994 931 0
8135 9 826 910 916 996 0
8136 4 1866 910 1922 1001 0
8136 5 1635 933 1709 998 0
8136 2 1751 864 1827 933 0
8136 8 939 854 1011 939 0
8136 9 857 927 947 1026 0
8137 4 1878 910 1922 984 0
8137 5 1635 914 1722 998 0
8137 2 1770 856 1833 923 0
8137 8 942 862 1018 951 0
8137 9 871 944 952 1033 0
8138 4 1878 910 1922 984 0
8138 5 1660 914 1723 998 0
8138 2 1770 847 1839 921 0
8138 8 942 864 1018 951 0
8138 9 870 944 953 1033 0
8139 5 1682 894 1751 981 0
8139 2 1802 836 1878 903 0
8139 8 957 890 1046 977 0
8139 9 883 960 973 1049 0
8140 5 1691 885 1764 965 0
8140 2 1791 824 1855 898 0
8140 8 961 890 1046 977 0
8140 9 883 960 973 1055 0
8141 5 1701 877 1779 949 0
8141 2 1822 787 1891 865 0
8141 8 967 872 1062 982 0
8141 9 898 949 982 1056 0
8142 5 1701 877 1786 949 0
8142 2 1825 783 1885 876 0
8142 8 991 880 1067 973 0
8142 9 907 949 982 1056 0
8143 5 1701 830 1794 904 0
8143 2 1831 746 1915 822 0
8143 8 995 851 1079 957 0
8143 9 927 933 1002 1040 0
8144 5 1701 824 1794 904 0
8144 2 1839 742 1895 827 0
8144 8 1010 851 1078 957 0
8144 9 927 933 1002 1034 0
8145 5 1731 817 1815 874 0
8145 2 1858 734 1918 802 0
8145 8 1011 851 1078 957 0
8145 9 927 933 1010 1034 0
8146 5 1721 811 1805 900 0
8146 2 1841 718 1921 805 0
8146 8 1004 860 1084 953 0
8146 9 927 933 1011 1034 0
8147 5 1751 809 1838 887 0
8147 2 1874 703 1916 794 0
8147 8 1028 860 1104 953 0
8147 9 948 967 1032 1068 0
8148 5 1768 793 1856 871 0
8148 2 1878 722 1920 813 0
8148 8 1028 879 1112 979 0
8148 9 948 967 1037 1068 0
8149 5 1785 776 1874 854 0
8149 8 1054 851 1128 970 0
8149 9 983 949 1064 1067 0
8150 5 1800 776 1874 854 0
8150 8 1051 845 1133 964 0
8150 9 983 949 1075 1056 0
8151 5 1824 746 1917 828 0
8151 8 1097 826 1192 947 0
8151 9 1006 918 1098 1025 0
8152 5 1826 746 1917 828 0
8152 8 1084 826 1171 947 0
8152 9 1006 918 1098 1036 0
8153 8 1127 809 1222 921 0
8153 9 1038 911 1130 1029 0
8154 8 1127 826 1222 921 0
8154 9 1038 911 1130 1032 0
8155 8 1181 826 1263 921 0
8155 9 1079 911 1169 1032 0
8156 8 1181 819 1263 921 0
8156 9 1079 911 1173 1032 0
8157 8 1181 821 1263 921 0
8157 9 1079 911 1168 1032 0
8158 8 1208 821 1314 921 0
8158 9 1112 915 1201 1036 0
8159 8 1211 821 1313 921 0
8159 9 1112 915 1207 1036 0
8160 8 1217 823 1302 923 0
8160 9 1092 890 1187 1011 0
8161 8 1208 789 1297 923 0
8161 9 1085 881 1180 1002 0
8162 8 1200 789 1282 923 0
8162 9 1085 881 1180 1014 0
8163 8 1183 809 1282 922 0
8163 9 1071 907 1166 1040 0
8164 8 1187 819 1278 934 0
8164 9 1071 916 1166 1040 0
8165 8 1178 841 1278 966 0
8165 9 1064 942 1163 1066 0
8166 8 1187 841 1278 966 0
8166 9 1055 942 1163 1066 0
8167 8 1172 851 1278 966 0
8167 9 1042 945 1163 1066 0
8168 8 1172 849 1278 966 0
8168 9 1042 949 1163 1067 0
8169 8 1172 860 1280 977 0
8169 9 1029 944 1150 1070 0
8170 5 1850 900 1917 974 0
8170 8 1144 860 1243 977 0
8170 9 1015 955 1136 1073 0
8171 5 1850 893 1917 984 0
8171 8 1140 860 1252 977 0
8171 9 1015 955 1113 1073 0
8172 5 1768 867 1895 956 0
8172 8 1099 854 1192 977 0
8172 9 967 949 1065 1067 0
8173 5 1787 861 1898 948 0
8173 8 1099 851 1196 974 0
8173 9 967 949 1077 1067 0
8174 5 1704 836 1823 921 0
8174 8 1049 837 1133 960 0
8174 9 902 936 1012 1057 0
8175 5 1691 833 1790 903 0
8175 8 1049 837 1144 939 0
8175 9 902 920 1012 1057 0
8176 5 1609 789 1756 863 0
8176 2 1826 710 1919 803 0
8176 8 993 791 1088 919 0
8176 9 862 890 972 1027 0
8177 5 1620 789 1756 863 0
8177 2 1824 710 1919 803 0
8177 8 993 791 1088 919 0
8177 9 862 890 968 1027 0
8178 5 1576 761 1697 829 0
8178 2 1798 667 1880 756 0
8178 8 967 772 1073 887 0
8178 9 842 864 948 1001 0
8179 5 1594 744 1696 832 0
8179 2 1798 667 1880 756 0
8179 8 959 753 1065 883 0
8179 9 833 864 948 1001 0
8180 5 1577 729 1696 798 0
8180 2 1783 649 1870 750 0
8180 8 954 735 1058 880 0
8180 9 820 846 935 983 0
8181 5 1599 729 1696 803 0
8181 2 1783 649 1870 739 0
8181 8 944 735 1048 873 0
8181 9 820 832 935 983 0
8182 5 1593 701 1697 771 0
8182 2 1783 606 1859 691 0
8182 8 944 735 1048 850 0
8182 9 820 826 935 984 0
8183 5 1577 704 1679 766 0
8183 2 1784 609 1859 713 0
8183 8 937 724 1043 851 0
8183 9 820 813 935 984 0
8184 5 1559 677 1694 739 0
8184 2 1801 573 1877 689 0
8184 8 972 718 1054 845 0
8184 9 861 785 976 956 0
8185 5 1593 679 1697 744 0
8185 2 1796 578 1870 678 0
8185 8 942 692 1065 839 0
8185 9 861 801 976 956 0
8186 5 1613 680 1741 736 0
8186 2 1859 569 1920 639 0
8186 8 982 686 1086 813 0
8186 9 915 779 1030 934 0
8187 5 1625 673 1741 725 0
8187 2 1859 569 1920 639 0
8187 8 996 678 1104 812 0
8187 9 915 779 1030 942 0
8188 5 1684 639 1807 740 0
8188 8 1017 669 1121 810 0
8188 9 980 776 1095 939 0
8189 5 1635 653 1806 731 0
8189 8 996 669 1134 810 0
8189 9 973 776 1094 939 0
8190 5 1726 664 1848 742 0
8190 8 1043 664 1142 805 0
8190 9 1034 783 1155 946 0
8191 5 1712 682 1853 745 0
8191 8 1060 672 1170 805 0
8191 9 1034 783 1155 965 0
8192 5 1730 701 1857 779 0
8192 8 1067 681 1199 806 0
8192 9 1076 802 1197 984 0
8193 5 1749 708 1876 786 0
8193 8 1079 681 1202 806 0
8193 9 1076 802 1197 997 0
8194 5 1768 714 1895 792 0
8194 8 1090 681 1203 806 0
8194 9 1117 811 1271 1006 0
8195 5 1759 716 1895 792 0
8195 8 1090 681 1203 776 0
8195 9 1117 811 1271 996 0
8196 5 1802 716 1910 800 0
8196 8 1090 681 1203 791 0
8196 9 1171 793 1325 978 0
8197 5 1802 729 1910 799 0
8197 8 1090 681 1203 791 0
8197 9 1164 793 1324 978 0
8198 5 1802 729 1910 799 0
8198 8 1099 681 1214 809 0
8198 9 1216 794 1376 983 0
8199 5 1802 744 1910 805 0
8199 8 1082 681 1217 828 0
8199 9 1203 794 1376 983 0
8200 5 1785 744 1891 813 0
8200 8 1090 681 1220 847 0
8200 9 1245 797 1418 986 0
8201 5 1785 753 1891 812 0
8201 8 1079 688 1220 849 0
8201 9 1245 787 1418 986 0
8202 5 1764 760 1868 821 0
8202 8 1067 708 1220 852 0
8202 9 1245 779 1418 986 1
8203 5 1744 766 1846 829 0
8203 8 1056 705 1220 854 0
8203 9 1287 813 1460 1020 1
8204 5 1744 770 1846 829 0
8204 8 1046 705 1208 854 0
8204 9 1277 804 1461 1020 1
8205 5 1682 770 1790 829 0
8205 8 1036 705 1199 852 0
8205 9 1277 804 1479 1038 1
8206 5 1687 763 1773 830 0
8206 8 1026 705 1190 854 0
8206 9 1277 804 1479 1038 1
8207 5 1633 755 1756 829 0
8207 2 1874 679 1918 766 0
8207 8 1026 705 1171 854 0
8207 9 1286 804 1479 1038 1
8208 5 1635 761 1743 824 0
8208 2 1884 659 1919 766 0
8208 8 1011 699 1164 848 0
8208 9 1296 804 1478 1038 1
8209 5 1592 720 1700 794 0
8209 2 1835 639 1919 706 0
8209 8 996 694 1141 843 0
8209 9 1284 804 1479 1038 1
8210 5 1592 720 1683 794 0
8210 2 1838 656 1898 728 0
8210 8 993 668 1134 817 0
8210 9 1286 804 1479 1038 1
8211 5 1544 677 1646 746 0
8211 2 1779 597 1861 673 0
8211 8 989 641 1134 790 0
8211 9 1286 784 1515 1001 1
8212 5 1544 686 1646 745 0
8212 2 1782 608 1863 680 0
8212 8 972 641 1134 790 0
8212 9 1286 767 1515 1001 0
8213 5 1503 643 1598 704 0
8213 2 1734 563 1818 637 0
8213 8 972 580 1134 755 0
8213 9 1325 732 1531 969 0
8214 5 1503 645 1591 704 0
8214 2 1732 563 1837 639 0
8214 8 962 548 1124 760 0
8214 9 1287 701 1530 969 0
8215 2 1646 546 1733 615 0
8215 8 935 555 1114 730 0
8215 9 1287 660 1530 937 0
8216 2 1650 568 1702 614 0
8216 8 922 555 1091 730 0
8216 9 1287 636 1530 936 0
8217 2 1551 546 1633 603 0
8217 8 892 555 1037 730 0
8217 9 1287 610 1530 936 0
8218 2 1553 544 1637 625 0
8218 8 892 555 1058 730 0
8218 9 1287 608 1530 937 0
8219 2 1561 544 1631 604 0
8219 8 884 555 1057 730 0
8219 9 1287 595 1530 937 0
8220 8 849 494 1022 669 0
8220 9 1287 508 1547 850 0
8221 8 826 456 999 668 0
8221 9 1289 508 1548 850 0
8222 8 825 369 1009 557 0
8222 9 1322 426 1581 768 0
8223 8 819 324 972 512 0
8223 9 1330 390 1589 732 0
8224 8 791 324 972 512 0
8224 9 1330 396 1589 731 0
8225 5 1092 346 1179 396 0
8225 2 1293 266 1377 344 0
8225 8 813 260 994 448 0
8225 9 1422 300 1681 635 0
8226 5 1092 350 1179 406 0
8226 2 1293 286 1377 345 0
8226 8 838 237 1019 425 0
8226 9 1422 278 1681 636 0
8227 5 1092 328 1179 382 0
8227 2 1293 262 1377 323 0
8227 8 862 214 1043 402 0
8227 9 1546 296 1805 654 0
8228 5 1105 328 1179 385 0
8228 2 1300 268 1364 330 0
8228 8 894 215 1075 403 0
8228 9 1546 282 1805 654 0
8229 5 1118 328 1179 389 0
8229 2 1318 270 1403 351 0
8229 8 925 215 1106 403 0
8229 9 1661 300 1920 672 0
8230 5 1118 337 1179 389 0
8230 2 1324 278 1384 338 0
8230 8 942 215 1106 403 0
8230 9 1661 274 1920 672 0
8231 5 1118 335 1179 389 0
8231 2 1322 278 1382 338 0
8231 8 948 215 1106 403 0
8231 9 1661 291 1920 672 0
8232 8 1146 182 1345 417 0
8233 8 1146 197 1345 417 0
8234 8 1450 215 1610 435 0
8235 8 1450 215 1610 435 0
8372 1 244 786 288 851 0
8372 9 0 692 62 809 0
8373 1 242 774 291 839 0
8373 9 1 704 73 799 0
8374 1 235 774 288 844 0
8374 9 1 697 73 792 0
8375 1 366 816 424 879 0
8375 9 106 741 187 843 0
8376 1 415 809 466 879 0
8376 9 139 751 244 832 0
8377 1 415 809 466 879 0
8377 9 155 744 246 832 0
8378 1 415 809 466 879 0
8378 9 141 739 241 841 0
8379 1 584 844 640 923 0
8379 8 195 664 305 800 0
8379 9 338 741 429 853 0
8380 1 638 858 680 928 0
8380 8 266 675 353 816 0
8380 9 396 788 477 860 0
8381 1 638 858 680 928 0
8381 8 267 686 354 814 0
8381 9 382 774 473 853 0
8382 1 712 900 770 986 0
8382 8 388 720 475 835 0
8382 9 481 809 572 893 0
8383 1 712 900 770 986 0
8383 8 386 720 468 830 0
8383 9 481 814 558 900 0
8384 1 776 973 843 1066 0
8384 8 479 774 566 889 0
8384 9 572 858 639 942 0
8385 1 776 973 843 1066 0
8385 8 479 772 561 874 0
8385 9 572 858 639 942 0
8386 1 853 1017 918 1077 0
8386 8 550 821 649 931 0
8387 1 853 1017 918 1077 0
8387 8 550 821 654 931 0
8388 1 916 1029 972 1078 0
8388 8 625 800 737 930 0
8389 1 916 1029 972 1078 0
8389 8 625 800 737 943 0
8390 1 965 1027 1028 1078 0
8390 8 694 800 796 943 0
8391 1 965 1027 1028 1078 0
8391 8 694 800 807 943 0
8392 1 1005 1043 1063 1078 0
8392 8 726 813 860 943 0
8393 1 1005 1043 1063 1078 0
8393 8 735 813 860 943 0
8394 7 614 931 677 977 0
8394 3 505 899 568 958 0
8394 8 754 841 879 971 0
8395 7 614 925 677 967 0
8395 3 505 905 568 959 0
8395 8 754 841 886 971 0
8396 7 614 940 677 984 0
8396 3 505 916 568 979 0
8396 8 776 845 886 992 0
8396 9 724 938 781 984 0
8397 7 614 940 677 981 0
8397 3 513 916 569 975 0
8397 8 784 858 878 1004 0
8397 9 711 938 781 986 0
8398 7 619 940 676 992 0
8398 3 513 916 569 977 0
8398 8 798 864 888 1010 0
8398 9 711 938 781 992 0
8399 7 619 940 669 992 0
8399 3 513 929 569 986 0
8399 8 794 856 886 1000 0
8399 9 711 938 781 997 0
8400 7 621 944 669 992 0
8400 3 513 929 570 986 0
8400 8 808 854 902 1012 0
8400 9 698 938 770 997 0
8401 7 621 944 673 992 0
8401 3 513 929 570 986 0
8401 8 806 852 909 1008 0
8401 9 698 938 761 997 0
8402 7 612 922 673 959 0
8402 3 494 895 570 949 0
8402 8 797 813 886 956 0
8402 9 679 907 742 970 0
8403 7 600 922 672 959 0
8403 3 494 895 568 949 0
8403 8 802 818 894 976 0
8403 9 679 907 736 970 0
8404 3 487 869 567 910 0
8404 8 782 796 878 942 0
8404 9 628 877 693 918 0
8405 3 487 869 567 913 0
8405 8 782 784 876 928 0
8405 9 628 877 693 921 0
8406 6 294 808 340 862 0
8406 1 991 996 1058 1066 0
8406 3 460 836 530 884 0
8406 8 736 774 858 904 0
8406 9 572 841 648 883 0
8407 6 294 808 342 862 0
8407 1 991 1007 1058 1066 0
8407 3 460 841 530 883 0
8407 8 744 756 864 886 0
8407 9 572 837 648 883 0
8408 6 255 808 324 862 0
8408 1 976 1007 1058 1066 0
8408 3 431 826 509 872 0
8408 8 733 752 865 888 0
8408 9 526 823 611 884 0
8409 6 255 808 324 864 0
8409 1 976 1007 1048 1066 0
8409 3 431 826 509 880 0
8409 8 726 742 854 894 0
8409 9 526 823 593 884 0
8410 6 236 839 299 913 0
8410 1 959 1007 1048 1066 0
8410 8 705 767 833 909 0
8410 9 481 856 560 914 0
8411 6 236 843 299 913 0
8411 1 959 1007 1048 1072 0
8411 8 716 766 840 906 0
8411 9 481 856 560 914 0
8412 6 203 880 272 943 0
8412 1 950 1007 1035 1072 0
8412 7 529 910 583 941 0
8412 8 675 796 811 932 0
8412 9 444 894 500 938 0
8413 6 203 880 261 943 0
8413 1 946 1009 1035 1078 0
8413 7 520 901 586 940 0
8413 8 682 782 806 922 0
8413 9 431 895 483 937 0
8414 6 182 880 246 943 0
8414 1 938 995 1018 1062 0
8414 7 506 901 564 941 0
8414 8 652 773 798 921 0
8414 9 384 903 467 951 0
8415 6 186 890 236 936 0
8415 1 938 994 1018 1062 0
8415 7 506 895 564 941 0
8415 8 652 770 790 920 0
8415 9 384 892 467 951 0
8416 6 206 890 258 934 0
8416 1 942 994 1018 1062 0
8416 7 506 895 570 941 0
8416 8 662 756 810 904 0
8416 9 372 892 450 951 0
8417 6 193 886 247 933 0
8417 1 942 994 1018 1058 0
8417 7 511 895 571 941 0
8417 8 658 762 800 910 0
8417 9 372 892 450 951 0
8418 6 220 878 271 937 0
8418 1 958 996 1034 1064 0
8418 7 533 895 593 941 0
8418 8 706 770 844 918 0
8418 9 372 897 450 960 0
8419 6 224 892 272 934 0
8419 1 970 996 1051 1064 0
8419 7 537 895 594 941 0
8419 8 684 770 820 916 0
8419 9 372 899 450 960 0
8420 6 235 907 295 963 0
8420 1 978 1017 1059 1079 0
8420 7 547 910 620 959 0
8420 3 437 905 493 960 0
8420 8 708 800 840 948 0
8420 9 365 908 437 971 0
8421 6 245 905 295 963 0
8421 1 981 1017 1058 1079 0
8421 7 557 910 620 959 0
8421 3 432 905 493 960 0
8421 8 692 788 826 934 0
8421 9 365 908 425 971 0
8422 6 230 922 287 971 0
8422 7 560 931 620 982 0
8422 3 440 936 495 987 0
8422 8 694 822 834 984 0
8422 9 334 932 424 996 0
8423 6 239 925 306 974 0
8423 7 561 931 620 982 0
8423 3 435 936 495 987 0
8423 8 688 800 830 960 0
8423 9 324 941 405 1010 0
8424 6 225 949 298 1014 0
8424 7 566 954 621 1005 0
8424 3 421 952 495 1014 0
8424 8 682 822 822 1016 0
8424 9 313 950 385 1024 0
8425 6 220 948 298 1018 0
8425 7 566 954 628 1005 0
8425 3 421 952 488 1014 0
8425 8 680 800 818 994 0
8425 9 326 950 396 1024 0
8426 6 232 939 296 1000 0
8426 7 559 954 628 1005 0
8426 3 430 952 503 1014 0
8426 8 674 784 810 972 0
8426 9 299 950 396 1012 0
8427 6 231 937 289 996 0
8427 7 559 954 632 1005 0
8427 3 430 952 494 1014 0
8427 8 676 792 808 984 0
8427 9 299 950 375 1012 0
8428 6 231 923 285 985 0
8428 1 1009 1039 1097 1076 0
8428 7 559 922 632 981 0
8428 3 430 931 494 978 0
8428 8 662 752 808 964 0
8428 9 286 921 361 984 0
8429 6 242 911 289 985 0
8429 1 1009 1035 1097 1077 0
8429 7 559 927 632 981 0
8429 3 426 931 494 978 0
8429 8 666 774 814 986 0
8429 9 287 921 361 984 0
8430 6 234 925 289 985 0
8430 1 1009 1026 1097 1076 0
8430 7 559 934 632 981 0
8430 3 426 929 494 978 0
8430 8 668 772 816 982 0
8430 9 287 923 361 984 0
8431 1 994 1026 1097 1076 0
8431 7 559 895 618 943 0
8431 3 426 882 480 927 0
8431 8 634 761 778 915 0
8431 9 219 865 296 937 0
8432 1 994 1016 1097 1077 0
8432 7 560 895 618 943 0
8432 3 426 882 480 931 0
8432 8 636 764 782 908 0
8432 9 219 869 296 938 0
8433 1 982 1016 1074 1077 0
8433 7 551 877 609 925 0
8433 3 408 867 467 916 0
8433 8 612 740 744 890 0
8433 9 198 847 269 917 0
8434 1 985 1012 1074 1076 0
8434 7 553 877 609 925 0
8434 3 408 867 469 916 0
8434 8 620 752 754 894 0
8434 9 221 847 268 913 0
8435 1 977 985 1066 1049 0
8435 3 408 812 469 855 0
8435 8 602 694 738 850 0
8435 9 164 799 228 851 0
8436 6 216 790 268 844 0
8436 1 977 985 1059 1049 0
8436 3 408 812 469 855 0
8436 8 600 706 736 858 0
8437 6 225 712 274 767 0
8437 1 988 896 1058 972 0
8437 3 414 733 469 773 0
8437 8 595 625 719 771 0
8438 6 230 706 276 760 0
8438 1 981 896 1058 972 0
8438 3 412 733 469 773 0
8438 8 602 634 730 780 0
8439 6 225 618 279 679 0
8439 1 994 807 1058 884 0
8439 3 412 648 469 690 0
8439 8 572 541 698 679 0
8440 6 225 618 278 670 0
8440 1 984 807 1058 884 0
8440 3 417 648 469 690 0
8440 8 586 546 710 686 0
8441 6 229 539 283 600 0
8441 1 990 719 1058 796 0
8441 3 417 569 480 610 0
8441 8 551 461 677 589 0
8442 6 228 542 288 589 0
8442 1 994 719 1058 796 0
8442 3 417 569 480 611 0
8442 8 555 473 692 603 0
8443 6 238 475 292 536 0
8443 1 998 647 1090 732 0
8443 3 427 505 480 547 0
8443 8 542 371 688 519 0
8444 6 245 474 298 515 0
8444 1 998 645 1090 731 0
8444 3 427 500 480 547 0
8444 8 554 382 682 528 0
8445 6 250 434 304 495 0
8445 1 1029 614 1095 690 0
8445 3 446 461 503 520 0
8445 8 544 278 680 434 0
8446 6 259 436 314 483 0
8446 1 1028 612 1090 695 0
8446 3 446 461 503 520 0
8446 8 536 324 674 478 0
8447 6 278 388 325 432 0
8447 1 1041 573 1124 648 0
8447 3 460 414 527 478 0
8447 8 533 269 669 421 0
8447 10 774 528 845 566 0
8448 6 286 378 335 420 0
8448 1 1050 573 1123 648 0
8448 3 459 414 527 478 0
8448 8 536 270 672 420 0
8448 10 774 500 838 566 0
8449 6 294 368 346 408 0
8449 1 1068 545 1152 630 0
8449 3 477 396 527 446 0
8449 8 518 206 666 358 0
8449 10 793 500 840 546 0
8450 6 294 370 345 411 0
8450 1 1076 552 1144 628 0
8450 3 477 396 527 446 0
8450 8 508 234 654 384 0
8450 10 804 502 842 546 0
8451 6 295 372 345 413 0
8451 1 1080 526 1169 614 0
8451 8 462 226 616 368 0
8451 10 794 492 851 544 0
8452 6 300 387 352 431 0
8452 1 1084 538 1156 624 0
8452 8 470 228 622 372 0
8452 10 802 498 851 544 0
8453 6 304 402 357 449 0
8453 1 1092 553 1173 629 0
8453 8 410 260 574 433 0
8453 10 805 521 856 567 0
8454 6 304 422 357 476 0
8454 1 1096 550 1164 642 0
8454 8 420 260 574 410 0
8454 10 807 522 865 567 0
8455 6 305 441 357 502 0
8455 1 1105 556 1194 651 0
8455 7 638 439 713 527 0
8455 8 360 299 529 473 0
8455 10 815 535 871 592 0
8456 6 306 443 357 501 0
8456 1 1116 568 1184 646 0
8456 7 638 451 713 527 0
8456 8 376 292 526 440 0
8456 10 818 543 873 592 0
8457 6 307 446 357 502 0
8457 1 1108 566 1201 642 0
8457 7 651 455 713 527 0
8457 8 341 289 507 463 0
8457 10 826 544 871 595 0
8458 6 308 448 357 502 0
8458 1 1120 568 1192 642 0
8458 7 660 468 717 514 0
8458 8 328 316 492 468 0
8458 10 827 536 881 595 0
8459 1 1160 566 1250 636 0
8459 7 701 461 754 519 0
8459 8 338 318 535 470 0
8459 10 884 544 926 594 0
8460 1 1165 566 1244 647 0
8460 7 696 460 771 519 0
8460 8 328 318 502 470 0
8460 10 871 544 937 594 0
8461 1 1242 583 1349 664 0
8461 7 784 470 859 525 0
8461 8 385 307 551 489 0
8461 10 963 545 1021 607 0
8462 1 1246 593 1327 677 0
8462 7 793 472 846 522 0
8462 8 392 326 542 476 0
8462 10 955 557 1023 598 0
8463 1 1348 604 1451 675 0
8463 7 865 475 929 532 0
8463 3 711 479 766 526 0
8463 8 434 330 592 492 0
8463 10 1031 560 1107 623 0
8464 1 1338 604 1443 675 0
8464 7 865 479 923 534 0
8464 3 711 479 766 532 0
8464 8 428 324 590 490 0
8464 10 1041 554 1111 614 0
8465 1 1415 602 1504 701 0
8465 7 914 490 984 532 0
8465 3 765 484 827 537 0
8465 8 442 305 627 493 0
8465 10 1086 569 1156 631 0
8466 1 1416 618 1500 700 0
8466 7 918 483 981 542 0
8466 3 765 484 827 552 0
8466 8 458 338 610 490 0
8466 10 1089 571 1143 621 0
8467 1 1461 623 1555 724 0
8467 7 950 510 1021 556 0
8467 3 791 500 861 553 0
8467 8 478 352 630 508 0
8467 10 1137 580 1201 637 0
8468 1 1460 626 1552 718 0
8468 7 948 499 1037 556 0
8468 3 791 500 861 563 0
8468 8 454 338 612 498 0
8468 10 1129 587 1193 641 0
8469 1 1495 649 1611 755 0
8469 7 990 516 1058 570 0
8469 3 830 522 892 572 0
8469 8 484 366 644 524 0
8469 10 1167 608 1220 659 0
8470 6 666 493 725 534 0
8470 1 1513 648 1610 746 0
8470 7 988 518 1064 578 0
8470 3 830 522 892 571 0
8470 8 458 352 620 508 0
8470 10 1159 608 1227 659 0
8471 6 713 519 757 569 0
8471 1 1562 677 1672 785 0
8471 7 1029 545 1095 609 0
8471 3 876 542 924 598 0
8471 8 516 378 672 542 0
8471 10 1197 632 1272 687 0
8472 6 708 528 750 574 0
8472 1 1553 670 1663 778 0
8472 7 1027 538 1082 605 0
8472 3 876 540 920 594 0
8472 8 480 360 642 522 0
8472 10 1206 632 1272 687 0
8473 6 737 544 794 589 0
8473 1 1627 699 1719 801 0
8473 7 1057 558 1117 614 0
8473 3 903 557 954 608 0
8473 8 518 392 672 556 0
8473 10 1242 641 1315 700 0
8474 6 736 538 780 590 0
8474 1 1610 698 1715 796 0
8474 7 1057 554 1121 617 0
8474 3 906 556 952 608 0
8474 8 496 378 652 540 0
8474 9 123 573 237 644 0
8474 10 1242 641 1315 707 0
8474 11 206 531 260 593 0
8475 6 774 546 823 596 0
8475 1 1653 701 1773 801 0
8475 7 1092 563 1152 623 0
8475 3 935 557 995 615 0
8475 8 528 388 692 562 0
8475 9 126 583 255 682 0
8475 10 1276 649 1342 707 0
8475 11 243 527 311 615 0
8476 6 770 542 812 592 0
8476 1 1676 704 1780 802 0
8476 7 1090 557 1144 624 0
8476 3 946 560 988 612 0
8476 8 502 384 666 558 0
8476 9 129 583 256 682 0
8476 10 1291 649 1354 707 0
8476 11 244 534 294 606 0
8477 6 770 542 814 590 0
8477 1 1674 704 1776 800 0
8477 7 1110 557 1170 624 0
8477 3 946 560 988 610 0
8477 8 502 384 668 558 0
8477 9 129 583 245 682 0
8477 10 1307 649 1367 707 0
8477 11 246 542 292 598 0
8478 6 800 546 859 596 0
8478 1 1730 714 1853 812 0
8478 7 1130 557 1196 624 0
8478 3 973 556 1041 614 0
8478 8 508 386 662 559 0
8478 9 129 583 251 682 0
8478 10 1322 649 1380 707 0
8478 11 291 556 341 608 0
8479 6 816 536 862 584 0
8479 1 1750 694 1873 792 0
8479 7 1130 557 1196 610 0
8479 3 992 546 1036 600 0
8479 8 505 400 650 557 0
8479 9 129 583 257 682 0
8479 10 1341 631 1411 707 0
8479 11 298 552 348 606 0
8480 6 812 540 858 590 0
8480 1 1769 680 1887 780 0
8480 7 1138 551 1197 610 0
8480 3 986 552 1030 608 0
8480 8 508 395 671 548 0
8480 9 129 574 257 682 0
8480 10 1345 621 1412 694 0
8480 11 300 550 350 606 0
8481 6 810 540 854 588 0
8481 1 1788 667 1902 770 0
8481 7 1145 544 1196 610 0
8481 3 984 552 1026 606 0
8481 8 495 405 676 557 0
8481 9 117 584 246 692 0
8481 10 1350 612 1414 682 0
8481 11 298 550 346 604 0
8482 6 823 508 879 561 0
8482 1 1806 653 1916 759 0
8482 7 1159 526 1203 581 0
8482 3 998 525 1057 584 0
8482 8 483 405 649 560 0
8482 9 84 584 222 692 0
8482 10 1355 602 1417 669 0
8482 11 324 548 368 600 0
8483 6 836 514 882 564 0
8483 1 1817 653 1916 759 0
8483 7 1159 517 1219 581 0
8483 3 1003 514 1053 576 0
8483 8 482 414 635 546 0
8483 9 84 584 211 692 0
8483 10 1381 589 1440 669 0
8483 11 330 548 380 606 0
8484 6 832 520 876 570 0
8484 1 1817 653 1916 759 0
8484 7 1159 517 1225 581 0
8484 3 1004 522 1055 582 0
8484 8 464 414 647 553 0
8484 9 84 579 199 693 0
8484 10 1381 599 1440 670 0
8484 11 328 550 378 608 0
8485 6 841 488 903 542 0
8485 1 1845 589 1916 720 0
8485 7 1189 486 1273 543 0
8485 3 1020 488 1083 556 0
8485 8 468 395 634 564 0
8485 9 84 574 203 693 0
8485 10 1398 566 1456 633 0
8485 11 352 526 404 580 0
8486 6 848 500 892 548 0
8486 1 1845 589 1916 720 0
8486 7 1189 486 1260 543 0
8486 3 1022 502 1068 562 0
8486 8 462 401 639 551 0
8486 9 62 574 195 693 0
8486 10 1398 570 1456 633 0
8486 11 348 540 398 594 0
8487 6 865 498 919 550 0
8487 7 1219 486 1286 543 0
8487 3 1040 494 1111 567 0
8487 8 479 400 633 559 0
8487 9 63 583 195 693 0
8487 10 1431 570 1488 633 0
8487 11 374 539 437 605 0
8488 6 872 498 918 546 0
8488 7 1230 512 1293 576 0
8488 3 1046 496 1096 552 0
8488 8 477 391 636 546 0
8488 9 63 597 195 692 0
8488 10 1438 552 1503 615 0
8488 11 374 540 422 598 0
8489 6 896 558 953 624 0
8489 7 1241 538 1300 610 0
8489 3 1068 565 1125 628 0
8489 8 483 466 641 616 0
8489 9 76 670 179 765 0
8489 10 1469 617 1543 668 0
8489 11 408 573 454 652 0
8490 6 904 562 946 612 0
8490 7 1241 538 1300 610 0
8490 3 1072 556 1122 624 0
8490 8 459 463 663 645 0
8490 9 76 670 179 776 0
8490 10 1478 624 1529 683 0
8490 11 408 573 454 652 0
8491 6 907 637 965 690 0
8491 7 1263 605 1325 663 0
8491 3 1080 631 1147 695 0
8491 8 452 553 608 685 0
8491 9 37 763 152 843 0
8491 10 1498 687 1549 750 0
8491 11 418 650 478 724 0
8492 6 912 628 956 680 0
8492 7 1258 616 1319 673 0
8492 3 1088 626 1132 692 0
8492 8 453 527 620 675 0
8492 9 37 753 152 843 0
8492 10 1498 697 1549 760 0
8492 11 418 650 478 724 0
8493 6 914 628 958 678 0
8493 7 1254 628 1314 684 0
8493 3 1088 626 1132 690 0
8493 8 471 538 607 685 0
8493 9 37 746 152 843 0
8493 10 1495 708 1549 768 0
8493 11 418 650 478 724 0
8494 6 885 665 949 722 0
8494 7 1250 639 1309 694 0
8494 3 1057 650 1117 726 0
8494 8 386 605 542 778 0
8494 10 1492 719 1549 777 0
8495 6 890 670 938 722 0
8495 7 1250 639 1308 694 0
8495 3 1066 664 1116 730 0
8495 8 386 605 555 778 0
8495 10 1492 719 1547 777 0
8496 6 870 672 945 738 0
8496 7 1245 656 1292 716 0
8496 3 1054 674 1107 742 0
8496 8 347 605 528 778 0
8496 10 1492 745 1547 805 0
8497 6 882 682 934 740 0
8497 7 1245 656 1311 716 0
8497 3 1064 678 1108 742 0
8497 8 347 605 514 778 0
8497 10 1478 740 1548 806 0
8498 6 880 693 932 755 0
8498 7 1245 672 1311 722 0
8498 3 1060 689 1116 751 0
8498 8 312 641 479 814 0
8498 10 1488 766 1547 824 0
8499 6 884 698 936 754 0
8499 7 1245 672 1311 732 0
8499 3 1062 698 1110 760 0
8499 8 312 623 479 814 0
8499 10 1494 766 1548 824 0
8500 6 883 701 947 781 0
8500 7 1264 689 1321 759 0
8500 3 1066 708 1125 775 0
8500 8 294 650 479 831 0
8500 10 1505 785 1573 852 0
8501 6 888 710 938 766 0
8501 7 1271 696 1327 769 0
8501 3 1062 708 1116 780 0
8501 8 278 650 462 831 0
8501 10 1516 789 1586 852 0
8502 6 879 710 955 789 0
8502 7 1277 704 1332 781 0
8502 3 1063 711 1147 788 0
8502 8 263 650 445 831 0
8502 10 1526 793 1597 852 0
8503 6 902 722 948 776 0
8503 7 1277 704 1347 781 0
8503 3 1086 720 1136 790 0
8503 8 263 663 445 831 0
8503 10 1526 801 1597 863 0
8504 6 913 727 963 785 0
8504 7 1290 714 1360 781 0
8504 3 1093 733 1167 787 0
8504 8 263 675 419 861 0
8504 10 1544 824 1624 890 0
8504 11 411 785 444 835 0
8505 6 910 736 962 792 0
8505 7 1290 714 1367 781 0
8505 3 1096 738 1148 800 0
8505 8 263 667 419 861 0
8505 10 1549 824 1624 890 0
8505 11 411 785 449 835 0
8506 6 930 718 988 780 0
8506 7 1308 714 1372 781 0
8506 3 1122 726 1176 792 0
8506 8 228 671 384 865 0
8506 10 1573 810 1648 890 0
8506 11 398 765 453 836 0
8507 6 918 726 974 788 0
8507 7 1308 714 1383 781 0
8507 3 1110 732 1160 798 0
8507 8 221 669 377 863 0
8507 10 1573 810 1648 887 0
8507 11 405 768 452 835 0
8508 6 920 714 978 776 0
8508 7 1308 714 1393 781 0
8508 3 1120 726 1176 792 0
8508 8 197 643 353 837 0
8508 10 1573 818 1648 906 0
8508 11 395 768 453 835 0
8509 6 922 722 978 784 0
8509 7 1308 714 1393 787 0
8509 3 1120 732 1174 796 0
8509 8 164 644 320 837 0
8509 10 1573 827 1648 906 0
8509 11 381 760 443 825 0
8510 6 911 720 971 784 0
8510 7 1308 714 1393 793 0
8510 3 1090 734 1167 804 0
8510 8 132 645 288 838 0
8510 10 1573 836 1648 906 0
8510 11 366 752 432 816 0
8511 6 912 720 970 782 0
8511 7 1308 714 1405 793 0
8511 3 1102 732 1156 798 0
8511 8 132 645 300 838 0
8511 10 1570 836 1647 906 0
8511 11 380 756 438 818 0
8512 6 883 701 943 767 0
8512 7 1277 714 1374 793 0
8512 3 1062 720 1138 803 0
8512 8 85 623 253 816 0
8512 10 1556 836 1648 906 0
8512 11 333 743 399 813 0
8513 6 890 704 942 762 0
8513 7 1281 714 1374 793 0
8513 3 1084 718 1138 780 0
8513 8 85 623 239 816 0
8513 10 1562 814 1614 901 0
8513 11 340 738 412 800 0
8514 6 818 694 873 756 0
8514 7 1230 693 1323 772 0
8514 3 1015 706 1099 787 0
8514 8 2 621 107 789 0
8514 10 1496 813 1580 896 0
8514 11 268 722 323 802 0
8515 6 832 706 876 750 0
8515 7 1227 688 1292 756 0
8515 3 1015 704 1086 776 0
8515 8 2 621 107 789 0
8515 10 1496 813 1580 896 0
8515 11 257 719 328 826 0
8516 6 699 684 757 741 0
8516 7 1128 683 1188 732 0
8516 3 910 708 965 775 0
8516 10 1370 790 1437 853 0
8516 11 121 732 191 809 0
8517 6 710 689 761 741 0
8517 7 1121 674 1180 742 0
8517 3 904 713 984 779 0
8517 10 1370 790 1437 853 0
8517 11 115 732 204 804 0
8518 6 580 678 644 746 0
8518 1 1822 814 1915 984 0
8518 7 994 665 1080 732 0
8518 3 792 687 852 755 0
8518 10 1248 772 1308 828 0
8519 6 588 684 632 734 0
8519 1 1822 809 1920 986 0
8519 7 994 665 1080 741 0
8519 3 780 688 868 767 0
8519 10 1248 772 1308 828 0
8520 6 460 666 549 736 0
8520 1 1693 776 1870 972 0
8520 7 902 656 988 732 0
8520 3 676 675 760 741 0
8520 10 1143 755 1208 815 0
8521 6 482 676 532 736 0
8521 1 1700 776 1870 958 0
8521 7 903 656 988 732 0
8521 3 688 681 760 759 0
8521 10 1150 759 1209 804 0
8522 6 388 660 478 736 0
8522 1 1640 763 1820 923 0
8522 7 832 656 920 709 0
8522 3 620 674 693 738 0
8522 10 1077 750 1162 814 0
8523 6 387 660 464 737 0
8523 1 1642 780 1798 908 0
8523 7 814 643 896 708 0
8523 3 614 663 690 749 0
8523 10 1086 748 1146 802 0
8524 6 328 658 418 730 0
8524 1 1576 756 1726 878 0
8524 7 796 631 872 708 0
8524 3 562 656 646 737 0
8524 10 1047 734 1101 804 0
8525 6 342 658 414 740 0
8525 1 1608 764 1758 886 0
8525 7 780 637 860 716 0
8525 3 567 654 651 744 0
8525 10 1047 734 1106 810 0
8526 6 291 680 375 748 0
8526 1 1572 788 1732 920 0
8526 7 765 644 849 725 0
8526 3 531 671 619 751 0
8526 10 1018 750 1093 823 0
8527 6 298 684 391 760 0
8527 1 1592 776 1748 904 0
8527 7 765 643 849 726 0
8527 3 520 676 614 752 0
8527 10 1020 752 1087 815 0
8528 6 242 727 322 807 0
8528 1 1532 836 1702 980 0
8528 7 734 676 824 760 0
8528 3 472 717 572 806 0
8528 10 984 772 1077 844 0
8529 6 242 727 322 807 0
8529 1 1560 806 1726 946 0
8529 7 734 676 824 766 0
8529 3 478 723 550 803 0
8529 10 996 778 1062 855 0
8530 6 165 774 257 871 0
8530 1 1480 854 1650 990 0
8530 7 680 717 770 807 0
8530 3 417 774 511 846 0
8530 10 937 806 1010 890 0
8531 6 165 774 257 851 0
8531 1 1524 824 1692 962 0
8531 7 683 717 771 807 0
8531 3 398 760 493 841 0
8531 10 945 810 1022 887 0
8532 6 103 774 196 858 0
8532 1 1480 818 1648 956 0
8532 7 635 726 723 816 0
8532 3 355 762 460 835 0
8532 10 903 829 979 885 0
8533 6 116 774 209 858 0
8533 1 1508 824 1672 964 0
8533 7 648 726 723 816 0
8533 3 366 765 451 863 0
8533 10 890 823 974 893 0
8534 6 88 752 181 836 0
8534 1 1494 790 1656 954 0
8534 7 615 726 722 788 0
8534 3 348 739 438 833 0
8534 10 890 802 974 892 0
8535 6 88 733 185 835 0
8535 1 1504 820 1674 966 0
8535 7 615 714 700 787 0
8535 3 329 740 444 830 0
8535 10 909 802 975 892 0
8536 6 67 702 164 804 0
8536 1 1516 818 1686 976 0
8536 7 615 678 700 763 0
8536 3 329 703 415 787 0
8536 10 884 781 974 852 0
8537 6 64 696 163 798 0
8537 1 1516 818 1686 976 0
8537 7 615 664 707 748 0
8537 3 323 700 431 794 0
8537 10 891 781 974 852 0
8538 6 67 662 166 764 0
8538 1 1560 822 1732 998 0
8538 7 615 650 714 734 0
8538 3 336 668 422 762 0
8538 10 898 781 974 852 0
8539 6 73 658 181 751 0
8539 1 1558 822 1730 998 0
8539 7 622 641 716 725 0
8539 3 330 662 416 752 0
8539 10 902 770 976 842 0
8540 6 73 658 174 751 0
8540 1 1560 822 1732 998 0
8540 7 628 632 716 716 0
8540 3 334 658 450 755 0
8540 10 906 759 979 832 0
8541 6 89 609 190 702 0
8541 1 1575 822 1829 988 0
8541 7 635 623 718 707 0
8541 3 358 613 446 705 0
8541 10 910 748 981 823 0
8542 6 104 589 201 683 0
8542 1 1688 822 1872 1026 0
8542 7 649 623 717 694 0
8542 3 352 600 460 708 0
8542 10 920 737 1001 820 0
8543 6 94 595 206 689 0
8543 1 1688 822 1872 1026 0
8543 7 649 623 748 694 0
8543 3 362 614 446 710 0
8543 10 932 726 1009 807 0
8544 6 104 565 203 659 0
8544 1 1634 790 1826 1010 0
8544 7 662 583 724 668 0
8544 3 372 575 458 673 0
8544 10 944 714 1017 793 0
8545 6 99 565 204 659 0
8545 1 1634 790 1826 1010 0
8545 7 662 583 751 668 0
8545 3 379 578 469 674 0
8545 10 948 714 1023 793 0
8546 6 104 558 209 652 0
8546 1 1634 790 1826 1010 0
8546 7 662 583 749 667 0
8546 3 372 572 462 666 0
8546 10 952 714 1029 793 0
8547 6 104 558 203 652 0
8547 1 1684 818 1899 1026 0
8547 7 662 583 747 667 0
8547 3 381 554 473 654 0
8547 10 957 714 1036 793 0
8548 6 104 558 198 652 0
8548 1 1684 818 1899 1026 0
8548 7 662 583 745 666 0
8548 3 356 558 490 666 0
8548 10 958 715 1035 798 0
8549 6 104 558 193 652 0
8549 1 1719 830 1899 1026 0
8549 7 662 583 743 665 0
8549 3 359 583 463 679 0
8549 10 960 717 1035 803 0
8550 6 88 558 194 652 0
8550 1 1719 830 1899 1026 0
8550 7 662 583 741 664 0
8550 3 353 572 455 666 0
8550 10 962 718 1035 808 0
8551 6 82 554 186 649 0
8551 1 1752 854 1915 1043 0
8551 7 662 583 739 664 0
8551 3 359 579 452 679 0
8551 10 964 719 1035 813 0
8552 6 77 550 179 646 0
8552 1 1752 854 1915 1043 0
8552 7 662 583 737 663 0
8552 3 343 573 492 671 0
8552 10 966 720 1036 818 0
8553 6 55 564 161 658 0
8553 1 1770 856 1915 1059 0
8553 7 662 583 751 684 0
8553 3 339 573 445 673 0
8553 10 966 736 1036 831 0
8554 6 45 569 151 663 0
8554 1 1770 856 1915 1059 0
8554 7 652 584 751 683 0
8554 3 334 587 440 685 0
8554 10 968 736 1039 831 0
8555 6 34 574 140 668 0
8555 1 1796 879 1915 1059 0
8555 7 641 586 751 684 0
8555 3 307 604 421 702 0
8555 10 971 736 1042 831 0
8556 6 38 583 144 677 0
8556 1 1796 879 1915 1059 0
8556 7 648 586 752 683 0
8556 3 313 601 423 697 0
8556 10 974 736 1046 831 0
8557 6 24 600 145 694 0
8557 7 654 587 753 684 0
8557 3 312 608 428 710 0
8557 10 976 736 1049 831 0
8558 6 32 600 158 703 0
8558 7 660 588 754 684 0
8558 3 312 613 424 715 0
8558 10 983 736 1062 831 0
8559 6 41 600 172 711 0
8559 7 667 589 755 684 0
8559 3 322 623 450 732 0
8559 10 990 736 1074 831 0
8560 6 41 602 172 718 0
8560 7 661 586 771 684 0
8560 3 326 616 442 712 0
8560 10 999 736 1082 831 0
8561 6 41 604 172 724 0
8561 7 671 596 770 698 0
8561 3 328 622 442 724 0
8561 10 1021 736 1102 831 0
8562 6 43 610 172 730 0
8562 7 679 596 776 698 0
8562 3 341 618 451 724 0
8562 10 1024 736 1103 831 0
8563 6 45 615 172 735 0
8563 7 687 596 781 698 0
8563 3 348 633 460 733 0
8563 10 1047 715 1139 831 0
8564 6 51 615 171 735 0
8564 7 687 596 786 698 0
8564 3 320 631 430 755 0
8564 10 1047 715 1139 831 0
8565 6 36 649 156 769 0
8565 7 687 601 786 711 0
8565 3 316 656 430 764 0
8565 10 1047 715 1139 831 0
8566 6 18 657 128 778 0
8566 7 687 605 786 723 0
8566 3 326 653 424 769 0
8566 10 1049 715 1139 831 0
8567 6 0 665 101 788 0
8567 7 657 605 754 708 0
8567 3 276 664 388 768 0
8567 10 1024 715 1139 805 0
8568 6 0 652 93 788 0
8568 7 647 596 753 699 0
8568 3 262 653 374 764 0
8568 10 1018 706 1129 797 0
8569 6 0 639 86 788 0
8569 7 636 588 752 691 0
8569 3 247 643 359 762 0
8569 10 1011 697 1118 788 0
8570 6 0 626 78 788 0
8570 7 626 579 751 682 0
8570 3 232 633 344 759 0
8570 10 1005 688 1108 780 0
8571 6 0 626 70 788 0
8571 7 626 579 751 682 0
8571 3 232 633 344 752 0
8571 10 1010 688 1107 780 0
8572 6 0 626 62 788 0
8572 7 626 579 751 682 0
8572 3 232 633 344 745 0
8572 10 1016 688 1108 780 0
8573 6 0 608 62 782 0
8573 7 634 564 759 667 0
8573 3 239 615 351 727 0
8573 10 1031 688 1123 780 0
8574 6 0 591 62 777 0
8574 7 641 549 766 652 0
8574 3 246 598 358 710 0
8574 10 1045 688 1137 780 0
8575 6 0 580 78 740 0
8575 7 649 542 774 645 0
8575 3 257 585 374 702 0
8575 10 1047 684 1139 776 0
8576 6 0 569 94 703 0
8576 7 656 535 781 638 0
8576 3 268 573 391 696 0
8576 10 1050 680 1142 772 0
8577 6 0 569 97 703 0
8577 7 663 535 781 638 0
8577 3 265 573 391 696 0
8577 10 1062 695 1154 787 0
8578 6 0 569 101 703 0
8578 7 671 535 781 638 0
8578 3 261 573 390 696 0
8578 10 1073 709 1165 801 0
8579 6 0 569 91 703 0
8579 7 671 535 781 647 0
8579 3 261 573 390 704 0
8579 10 1073 701 1165 800 0
8580 6 0 569 81 703 0
8580 7 671 535 781 655 0
8580 3 261 573 390 711 0
8580 10 1081 701 1189 812 0
8581 6 0 569 62 703 0
8581 7 664 548 774 668 0
8581 3 239 580 368 718 0
8581 10 1077 713 1185 824 0
8582 6 0 569 43 703 0
8582 7 657 561 767 681 0
8582 3 217 588 346 726 0
8582 10 1072 724 1180 835 0
8583 6 0 569 43 703 0
8583 7 651 561 761 681 0
8583 3 209 588 338 726 0
8583 10 1072 724 1190 835 0
8584 7 644 561 754 681 0
8584 3 200 587 329 725 0
8584 10 1072 735 1190 846 0
8585 7 649 567 759 687 0
8585 3 197 586 326 724 0
8585 10 1070 756 1188 867 0
8586 7 608 579 718 699 0
8586 3 138 592 267 730 0
8586 10 1018 768 1136 879 0
8587 7 592 582 702 702 0
8587 3 120 590 249 728 0
8587 10 1020 776 1138 887 0
8588 7 527 601 637 721 0
8588 3 19 635 148 773 0
8588 10 971 793 1089 904 0
8589 7 532 600 642 720 0
8589 3 19 635 148 773 0
8589 10 986 793 1084 912 0
8590 7 431 577 541 697 0
8590 10 900 765 1018 876 0
8591 7 427 578 515 697 0
8591 10 893 759 1011 870 0
8592 7 291 544 401 664 0
8592 10 793 739 911 850 0
8593 7 299 548 409 668 0
8593 10 793 724 892 838 0
8594 7 149 496 259 616 0
8594 10 676 710 794 821 0
8595 7 139 496 258 632 0
8595 10 687 690 767 809 0
8596 10 548 661 666 772 0
8597 10 514 663 632 774 0
8598 10 429 632 547 743 0
8599 10 412 618 529 743 0
8600 10 368 604 511 744 0
8601 10 368 586 511 744 0
8602 10 368 570 511 743 0
8603 10 390 566 536 739 0
8604 10 461 562 604 735 0
8605 10 461 547 604 736 0
8606 10 578 566 721 733 0
8607 10 578 554 721 721 0
8608 7 0 347 139 551 0
8608 10 686 556 829 723 0
8609 7 0 378 134 532 0
8609 10 692 545 835 712 0
8610 7 107 312 239 470 0
8610 10 778 482 921 649 0
8611 7 97 312 239 475 0
8611 10 778 488 921 648 0
8612 7 179 261 323 399 0
8612 10 857 423 1000 583 0
8613 7 168 266 322 402 0
8613 10 857 435 1000 584 0
8614 7 286 217 416 335 0
8614 10 948 405 1091 554 0
8615 7 284 206 422 324 0
8615 10 948 426 1091 554 0
8616 7 387 166 517 288 0
8616 10 1044 404 1187 532 0
8617 7 388 164 526 284 0
8617 10 1044 404 1187 555 0
8618 7 463 168 615 319 0
8618 10 1127 423 1270 574 0
8619 7 476 164 634 320 0
8619 10 1149 423 1292 574 0
8620 7 545 175 695 330 0
8620 10 1212 439 1355 590 0
8621 7 544 162 694 340 0
8621 10 1212 439 1355 615 0
8622 7 586 165 748 345 0
8622 10 1261 465 1404 641 0
8623 7 584 162 746 348 0
8623 10 1261 478 1404 641 0
8624 7 608 195 789 407 0
8624 10 1300 543 1443 706 0
8625 7 610 186 772 376 0
8625 10 1300 530 1443 706 0
8626 7 616 198 784 392 0
8626 10 1303 574 1446 750 0
8627 7 614 190 784 378 0
8627 10 1311 574 1447 750 0
8628 7 590 162 768 370 0
8628 10 1306 574 1447 750 0
8629 7 602 164 780 360 0
8629 10 1300 574 1446 750 0
8630 7 562 146 764 372 0
8630 10 1300 574 1446 781 0
8631 7 580 166 782 362 0
8631 10 1287 574 1446 781 0
8632 7 532 132 726 302 0
8632 10 1287 574 1463 781 0
8633 7 560 150 750 314 0
8633 10 1271 574 1464 781 0
8634 7 477 118 693 302 0
8634 10 1246 574 1463 781 0
8635 7 512 114 722 292 0
8635 10 1248 574 1459 779 0
8636 7 448 54 660 244 0
8636 10 1251 575 1456 778 0
8637 7 478 86 684 266 0
8637 10 1253 575 1452 776 0
8638 7 478 44 684 228 0
8638 10 1266 576 1471 779 0
8639 7 476 64 684 244 0
8639 10 1278 576 1489 781 0
8640 7 494 19 708 219 0
8640 10 1290 577 1507 784 0
8641 7 512 40 726 236 0
8641 10 1280 572 1497 783 0
8642 7 512 40 726 236 0
8642 10 1294 570 1511 785 0
8643 7 585 13 787 213 0
8643 10 1438 573 1655 792 0
8644 7 581 16 805 235 0
8644 10 1417 569 1634 788 0
8645 7 707 47 874 272 0
8645 10 1596 667 1813 886 0
8646 7 712 36 891 274 0
8646 10 1596 667 1813 886 0
8647 7 891 134 1077 302 0
8648 7 978 152 1172 338 0
8649 7 968 144 1166 325 0
8650 7 1203 183 1391 372 0
8651 7 1223 199 1375 384 0
8652 7 1208 164 1373 416 0
8657 3 1709 285 1916 636 0
8658 3 1774 285 1916 636 0
8658 11 3 676 69 874 0
8659 2 247 749 332 811 0
8659 3 1839 285 1916 636 0
8659 11 2 650 138 877 0
8660 2 258 760 304 806 0
8660 3 1839 285 1916 636 0
8660 11 0 654 128 852 0
8661 2 290 775 341 826 0
8661 8 120 803 184 890 0
8661 11 0 690 102 951 0
8662 2 298 782 342 828 0
8662 8 120 797 179 907 0
8662 11 2 700 114 906 0
8663 2 303 778 371 834 0
8663 8 95 797 203 891 0
8663 11 0 715 78 878 0
8664 2 318 774 362 828 0
8664 8 114 796 213 914 0
8664 11 1 732 86 903 0
8665 2 282 748 355 801 0
8665 8 76 780 183 868 0
8666 2 292 760 338 804 0
8666 8 86 781 178 869 0
8667 3 1797 388 1915 713 0
8667 8 2 763 78 851 0
8668 3 1799 388 1914 699 0
8668 8 2 763 78 851 0
8669 3 1647 389 1871 686 0
8670 3 1637 389 1871 671 0
8671 3 1429 390 1684 658 0
8672 3 1418 401 1704 656 0
8673 3 1249 421 1521 663 0
8674 3 1232 430 1491 659 0
8675 6 1300 429 1395 565 0
8675 3 1110 447 1356 663 0
8676 6 1307 417 1386 559 0
8676 3 1093 460 1325 663 0
8677 6 1177 403 1284 574 0
8677 3 1001 457 1220 647 0
8678 6 1179 403 1278 566 0
8678 3 994 472 1200 650 0
8679 6 1079 417 1168 561 0
8679 3 890 472 1100 648 0
8680 6 1079 412 1179 549 0
8680 3 890 472 1100 648 0
8681 6 942 427 1054 570 0
8681 7 1857 339 1915 588 0
8681 3 784 453 973 648 0
8682 6 942 427 1052 570 0
8682 7 1850 349 1917 611 0
8682 3 770 464 984 646 0
8683 6 846 377 932 520 0
8683 7 1710 269 1918 633 0
8683 3 658 429 880 613 0
8684 6 846 377 923 520 0
8684 7 1744 293 1919 618 0
8684 3 664 428 876 614 0
8685 6 574 296 691 422 0
8685 7 1495 259 1703 545 0
8685 3 434 345 642 553 0
8686 6 574 296 691 422 0
8686 7 1468 253 1697 523 0
8686 3 434 345 642 553 0
8687 6 233 169 377 307 0
8687 7 1127 163 1378 417 0
8687 3 81 220 301 463 0
8688 6 233 169 377 307 0
8688 7 1134 178 1357 392 0
8688 3 81 220 301 463 0
8689 7 858 100 1079 323 0
8690 7 826 95 1047 318 0
8691 7 598 22 819 245 0
8691 10 1770 550 1914 832 0
8692 7 630 20 882 212 0
8692 10 1781 537 1919 840 0
8693 7 456 5 705 214 0
8693 10 1638 462 1895 789 0
8694 7 465 7 705 185 0
8694 10 1655 453 1912 780 0
8695 7 368 3 567 173 0
8695 10 1564 420 1821 747 0
8696 7 335 3 556 207 0
8696 10 1548 469 1807 716 0
8697 7 287 3 495 173 0
8697 10 1468 398 1760 652 0
8698 7 262 3 495 173 0
8698 10 1484 412 1774 674 0
8699 7 188 7 421 137 0
8699 10 1452 359 1730 625 0
8700 7 148 7 363 150 0
8700 10 1422 294 1700 581 0
8701 7 148 7 381 150 0
8701 10 1446 304 1722 572 0
8702 7 89 7 310 188 0
8702 10 1383 264 1672 590 0
8703 7 89 7 310 181 0
8703 10 1396 302 1676 588 0
8704 7 89 7 310 172 0
8704 10 1440 264 1696 458 0
8705 7 58 7 311 199 0
8705 10 1368 272 1662 524 0
8706 7 51 7 320 214 0
8706 10 1394 278 1674 530 0
8707 7 45 7 330 229 0
8707 10 1396 274 1676 530 0
8708 7 38 7 339 244 0
8708 10 1378 294 1666 538 0
8709 7 31 7 348 258 0
8709 10 1390 282 1678 530 0
8710 7 24 7 357 273 0
8710 10 1362 306 1638 542 0
8711 7 24 7 357 284 0
8711 10 1382 290 1658 528 0
8712 7 24 7 357 294 0
8712 10 1324 352 1582 556 0
8713 7 24 7 357 305 0
8713 10 1327 324 1623 608 0
8714 7 2 16 335 314 0
8714 10 1274 370 1520 627 0
8715 7 2 16 291 329 0
8715 10 1314 364 1566 586 0
8716 7 2 16 247 345 0
8716 10 1280 366 1567 637 0
8717 7 2 16 203 361 0
8717 10 1180 433 1410 686 0
8718 7 2 16 174 376 0
8718 10 1230 434 1464 700 0
8719 7 2 16 145 392 0
8719 10 1126 494 1354 742 0
8720 7 2 16 145 392 0
8720 10 1148 492 1376 733 0
8721 10 1005 544 1227 748 0
8722 10 1044 526 1268 732 0
8723 10 925 534 1139 782 0
8724 10 952 534 1164 724 0
8725 10 820 559 1048 786 0
8726 10 828 540 1054 783 0
8727 10 685 533 905 735 0
8728 10 720 534 936 736 0
8729 10 565 514 785 762 0
8730 10 594 524 808 724 0
8731 10 370 512 602 772 0
8732 10 291 528 531 773 0
8733 10 330 524 560 726 0
8734 10 83 559 323 829 0
8735 10 75 571 315 859 0
8736 10 1 561 92 858 0
8737 10 1 561 92 858 0
8758 1 1742 552 1915 867 0
8759 1 1669 518 1918 890 0
8760 1 1596 484 1921 913 0
8761 1 1600 498 1919 857 0
8762 1 1477 460 1918 826 0
8763 1 1450 442 1896 810 0
8764 1 1423 424 1873 793 0
8765 1 1396 406 1850 787 0
8766 1 1424 399 1847 783 0
8767 1 1331 416 1723 778 0
8768 1 1308 422 1754 788 0
8769 1 1322 399 1719 775 0
8770 1 1286 430 1768 802 0
8771 1 1286 368 1725 806 0
8772 1 1230 377 1652 775 0
8773 1 1253 330 1733 733 0
8774 1 1176 384 1568 730 0
8775 1 1242 394 1612 746 0
8776 1 1154 356 1542 708 0
8777 1 1154 356 1542 708 0
8778 1 1070 346 1470 680 0
8779 1 1070 346 1470 680 0
8780 1 990 364 1400 676 0
8781 1 990 364 1400 676 0
8782 1 990 364 1400 676 0
8783 1 868 394 1225 792 0
8784 1 868 394 1221 797 0
8785 1 754 408 1123 839 0
8786 1 754 408 1132 821 0
8787 1 626 412 1021 828 0
8788 1 626 412 1011 803 0
8789 1 498 412 905 824 0
8790 1 489 431 919 825 0
8791 1 413 486 853 933 0
8792 1 441 478 853 894 0
8793 1 318 545 757 995 0
8794 1 269 578 757 1052 0
8795 1 163 614 665 1047 0
8796 1 167 564 699 1057 0
8797 1 133 571 670 1065 0
8798 1 156 590 707 1075 0
8799 1 100 512 627 1059 0
8800 1 106 579 625 1069 0
8801 1 38 585 557 1079 0
8802 1 100 585 561 1079 0
8803 1 16 593 464 1079 0
8804 1 7 579 537 1079 0
8805 1 2 601 433 1079 0
8806 1 0 594 413 1079 0
8807 1 0 593 338 1079 0
8808 1 0 590 316 1079 0
8809 1 0 708 256 1079 0
8810 1 0 694 240 1079 0
8811 1 7 656 179 1080 0
8812 1 6 701 168 1079 0
8813 1 5 747 156 1079 0
8814 1 4 710 160 1079 0
8815 1 3 674 170 1079 0
8816 1 2 631 157 1080 0
8817 1 1 599 169 1079 0
8818 1 0 548 177 1079 0
8819 1 0 573 220 1079 0
8820 1 0 578 229 1080 0
8821 1 0 478 310 1079 0
8822 1 15 494 309 1062 0
8823 1 33 444 401 1044 0
8824 1 33 444 468 1010 0
8825 1 33 444 535 977 0
8826 1 77 372 579 905 0
8827 1 264 366 766 899 0
8828 1 270 315 772 859 0
8829 1 406 293 908 848 0
8830 1 420 273 922 828 0
8831 1 522 265 1024 820 0
8832 1 557 249 1059 804 0
8833 1 591 234 1093 789 0
8834 1 591 227 1093 789 0
8835 1 591 207 1093 789 0
8836 1 558 221 1060 801 0
8837 1 524 236 1026 814 0
8838 1 478 246 980 824 0
8839 1 432 256 934 834 0
8840 1 411 185 970 763 0
8841 1 390 115 1006 693 0
8842 1 262 58 891 671 0
8843 1 390 5 1033 652 0
8844 1 313 10 1038 581 0
8845 1 390 5 1043 580 0
8846 1 360 5 1035 584 0
8847 1 329 5 1026 588 0
8848 1 299 5 1018 592 0
8849 1 269 5 1010 596 0
8850 1 239 5 1002 600 0
8851 1 209 5 995 604 0
8852 1 164 5 988 583 0
8853 1 119 5 982 562 0
8854 1 139 5 995 545 0
8855 1 187 5 956 561 0
8856 1 235 5 917 577 0
8857 1 218 5 915 596 0
8858 1 137 5 893 615 0
8859 1 141 5 862 615 0
8860 1 70 5 801 562 0
8861 1 0 5 741 510 0
8862 1 2 5 746 498 0
8863 1 0 5 685 462 0
8864 1 0 5 641 419 0
8865 1 2 5 598 376 0
8866 1 2 5 613 378 0
8867 1 2 5 349 282 0
8868 1 2 5 349 282 0
8889 8 1330 2 1402 51 0
8890 8 1309 2 1411 60 0
8891 8 1080 177 1168 282 0
8892 8 1082 177 1168 272 0
8893 8 902 273 986 364 0
8894 8 900 278 986 359 0
8895 8 808 262 879 339 0
8895 9 499 236 571 306 0
8896 8 800 252 889 341 0
8896 9 504 230 571 301 0
8897 8 746 209 828 291 0
8897 9 420 203 490 284 0
8898 8 756 218 810 280 0
8898 9 420 203 485 270 0
8899 8 739 122 826 209 0
8899 9 420 142 487 221 0
8900 8 735 134 813 211 0
8900 9 406 158 485 207 0
8901 2 8 2 71 58 0
8901 8 840 94 918 171 0
8901 9 511 105 578 177 0
8902 2 3 2 61 46 0
8902 8 858 94 906 142 0
8902 9 502 102 572 174 0
8903 1 3 320 162 738 0
8903 2 146 23 232 95 0
8903 8 975 61 1035 155 0
8903 9 628 128 693 191 0
8904 1 2 74 297 746 0
8904 2 244 68 335 148 0
8904 8 1076 117 1136 173 0
8904 9 710 182 777 238 0
8905 1 2 74 295 746 0
8905 2 262 68 333 138 0
8905 8 1076 116 1122 178 0
8905 9 724 182 777 238 0
8906 1 2 164 378 771 0
8906 2 338 151 394 213 0
8906 8 1118 169 1184 235 0
8906 9 769 246 813 298 0
8907 1 0 208 376 823 0
8907 2 328 160 380 232 0
8907 8 1122 176 1174 250 0
8907 9 774 258 811 299 0
8908 1 0 252 374 875 0
8908 2 360 231 421 290 0
8908 8 1152 222 1229 290 0
8908 9 789 294 858 362 0
8909 1 0 285 403 923 0
8909 2 352 213 425 289 0
8909 8 1162 232 1214 302 0
8909 9 804 314 844 366 0
8910 1 0 319 374 969 0
8910 2 374 281 469 357 0
8910 8 1167 260 1259 325 0
8910 9 820 328 877 419 0
8911 1 0 319 383 969 0
8911 2 404 290 452 362 0
8911 8 1194 262 1246 324 0
8911 9 820 352 862 408 0
8912 1 0 429 383 969 0
8912 2 410 321 477 379 0
8912 8 1208 245 1269 337 0
8912 9 850 357 903 425 0
8913 1 0 460 349 1000 0
8913 2 412 326 462 396 0
8913 8 1212 264 1260 328 0
8913 9 840 374 890 426 0
8914 1 0 491 316 1031 0
8914 2 401 334 472 390 0
8914 8 1208 234 1262 300 0
8914 9 828 380 907 432 0
8915 1 0 491 270 1052 0
8915 2 410 346 460 406 0
8915 8 1214 242 1270 308 0
8915 9 840 374 892 426 0
8916 1 0 491 224 1073 0
8916 2 354 370 428 439 0
8916 8 1160 216 1235 309 0
8916 9 789 379 849 435 0
8917 1 0 491 178 1073 0
8917 2 355 372 415 417 0
8917 8 1184 242 1234 300 0
8917 9 806 384 858 440 0
8918 2 244 383 309 460 0
8918 8 1114 237 1151 312 0
8918 9 705 385 770 462 0
8919 2 244 383 309 460 0
8919 8 1108 272 1146 316 0
8919 9 705 385 770 462 0
8920 2 57 418 145 492 0
8920 3 1721 25 1877 167 0
8920 8 981 287 1037 349 0
8920 9 584 430 637 500 0
8921 2 57 418 145 492 0
8921 3 1705 28 1887 165 0
8921 8 989 286 1037 349 0
8921 9 584 430 637 500 0
8922 3 1557 31 1711 167 0
8922 8 853 292 919 355 0
8922 9 439 435 506 521 0
8923 3 1520 34 1725 163 0
8923 8 853 287 900 353 0
8923 9 439 435 506 521 0
8924 3 1359 37 1504 156 0
8924 8 719 270 779 343 0
8924 9 282 474 326 532 0
8925 3 1388 26 1533 145 0
8925 8 702 268 779 347 0
8925 9 282 474 326 532 0
8926 3 1248 2 1393 121 0
8926 8 625 264 675 330 0
8926 9 128 440 212 520 0
8927 3 1230 1 1358 88 0
8927 8 624 272 668 326 0
8927 9 128 447 212 519 0
8928 3 1178 0 1323 55 0
8928 8 551 203 644 288 0
8928 9 63 425 139 481 0
8929 3 1178 0 1323 55 0
8929 8 566 234 624 292 0
8929 9 63 425 139 481 0
8930 3 1178 0 1323 55 0
8930 8 566 232 624 292 0
8930 9 63 425 139 481 0
8931 8 530 154 627 225 0
8932 8 511 88 587 145 0
8933 8 507 92 598 144 0
8975 1 1 221 290 1012 0
8976 1 1 221 339 1012 0
8977 1 1 221 388 1012 0
8978 1 1 221 438 1012 0
8979 1 1 221 438 996 0
8980 1 1 221 438 979 0
8981 1 1 221 428 979 0
8982 1 1 221 418 979 0
8983 1 1 221 408 979 0
8984 1 1 221 398 979 0
8985 1 1 221 388 979 0
8986 1 1 221 378 979 0
8987 1 1 221 368 979 0
8988 1 1 221 358 979 0
8989 1 1 221 348 979 0
8990 1 1 221 312 979 0
