819 1 233 2 281 30 0
820 1 233 2 281 30 0
821 1 221 2 280 30 0
822 1 221 2 280 30 0
823 1 219 2 281 37 0
824 2 687 0 746 34 0
824 1 219 2 281 37 0
825 2 690 0 752 36 0
825 1 219 2 281 37 0
826 2 692 2 752 38 0
826 1 210 2 281 37 0
827 2 692 0 752 36 0
827 1 210 2 285 46 0
828 2 705 0 762 34 0
828 1 210 5 292 53 0
829 2 701 0 760 34 0
829 1 210 5 292 53 0
830 1 210 5 298 44 0
831 1 210 5 292 42 0
832 1 210 5 292 42 0
833 1 210 5 292 42 0
834 1 210 5 292 42 0
835 1 210 5 292 42 0
836 1 210 5 292 42 0
837 1 215 5 292 42 0
838 1 215 5 297 47 0
839 1 215 5 297 47 0
840 1 215 5 303 42 0
841 1 215 5 303 42 0
842 1 215 5 303 42 0
843 1 215 5 303 42 0
844 1 215 5 303 42 0
845 1 215 5 299 24 0
846 1 215 5 299 24 0
847 1 215 5 299 24 0
848 1 208 5 292 29 0
849 1 210 5 289 20 0
892 1 190 0 247 28 0
893 1 195 0 263 26 0
894 1 195 0 263 26 0
895 1 195 0 279 22 0
896 1 195 0 279 26 0
897 1 190 0 278 31 0
898 1 190 0 276 35 0
899 1 184 0 277 35 0
900 1 184 0 277 35 0
901 1 184 0 277 42 0
902 1 184 0 277 42 0
903 1 184 0 274 33 0
904 1 184 0 270 24 0
905 1 184 0 259 24 0
916 1 281 0 300 33 0
917 1 248 0 312 31 0
918 1 233 0 312 31 0
919 1 233 0 312 37 0
920 1 233 0 310 37 0
921 1 228 0 303 42 0
922 1 235 0 303 42 0
923 1 235 0 314 42 0
924 1 241 0 314 31 0
925 1 241 0 314 31 0
926 1 248 0 325 35 0
927 1 248 0 321 37 0
928 1 248 0 321 37 0
929 1 257 0 321 37 0
930 1 257 0 321 37 0
931 1 257 0 330 33 0
932 1 264 0 330 33 0
933 1 272 0 338 34 0
934 1 272 0 343 31 0
935 1 272 0 343 31 0
936 1 272 0 343 31 0
937 1 272 0 343 31 0
938 1 272 0 343 31 0
939 1 272 0 343 31 0
940 1 272 0 343 31 0
941 1 275 0 343 31 0
942 1 284 0 361 42 0
943 1 290 0 361 42 0
944 1 290 0 361 42 0
945 1 297 0 372 47 0
946 1 297 0 372 34 0
947 1 299 0 372 34 0
948 1 299 0 374 51 0
949 1 299 0 374 51 0
950 1 299 0 374 51 0
951 1 299 0 374 51 0
952 1 299 0 372 45 0
953 1 299 0 372 45 0
954 1 299 0 372 45 0
955 1 299 0 372 45 0
956 1 299 0 372 45 0
957 1 299 0 374 40 0
958 1 299 0 372 42 0
959 1 299 0 363 36 0
960 1 299 0 363 36 0
961 1 299 0 358 34 0
962 1 286 0 359 34 0
963 1 286 0 359 34 0
964 1 286 0 359 34 0
965 1 286 0 359 34 0
966 1 286 0 359 34 0
967 1 286 0 359 34 0
968 1 286 0 359 34 0
969 1 292 0 367 36 0
970 1 292 0 367 36 0
971 1 308 0 367 36 0
972 1 308 0 367 36 0
973 1 308 0 367 36 0
974 1 308 0 367 36 0
975 1 308 0 367 36 0
976 1 315 0 377 36 0
977 1 315 0 377 36 0
978 1 315 0 377 36 0
979 1 317 0 385 36 0
980 1 317 0 388 36 0
981 1 326 0 388 36 0
982 1 335 0 397 40 0
983 1 335 0 399 38 0
984 1 343 0 409 42 0
985 1 343 0 409 42 0
986 1 350 0 414 31 0
987 1 356 0 415 22 0
988 1 356 0 415 22 0
989 1 381 0 420 18 0
990 1 381 0 420 18 0
991 1 381 0 420 18 0
992 1 381 0 420 18 0
993 1 381 0 438 18 0
994 1 388 0 439 18 0
995 1 397 0 439 18 0
996 1 406 0 439 18 0
997 1 406 0 439 18 0
1952 3 647 0 853 246 1
1953 3 645 2 844 279 1
1954 3 613 166 812 442 1
1955 3 616 240 813 530 1
1956 3 619 240 818 517 1
1957 3 614 353 827 623 1
1958 3 618 366 832 619 1
1959 3 639 433 860 683 1
1960 3 652 449 871 708 1
1961 3 650 451 876 703 1
1962 3 699 464 914 731 1
1963 3 707 464 928 732 1
1964 3 707 471 928 732 1
1965 3 732 471 953 739 1
1966 3 741 468 960 738 1
1967 3 736 478 957 735 1
1968 3 752 468 976 753 1
1969 3 758 466 988 741 1
1970 3 756 462 987 743 1
1971 3 778 430 1004 710 1
1972 3 796 395 1022 687 1
1973 3 796 397 1029 687 1
1974 3 814 346 1053 645 1
1975 3 812 353 1051 651 1
1976 3 818 306 1064 610 1
1977 3 827 269 1077 561 1
1978 3 829 264 1075 575 1
1979 3 861 147 1121 448 1
1980 3 885 69 1157 395 1
1981 3 886 5 1172 329 1
1982 3 886 5 1172 329 1
1983 3 898 5 1202 282 1
1984 3 903 5 1202 282 1
1985 3 912 5 1222 255 1
1986 3 920 5 1221 246 1
1987 3 914 5 1222 246 1
1988 3 938 5 1235 211 1
1989 3 938 5 1235 211 1
1990 3 954 5 1251 182 1
1991 3 956 5 1251 182 0
1992 3 956 5 1251 182 0
1993 3 974 5 1251 144 0
1994 3 974 5 1251 144 0
1995 3 983 5 1229 102 0
1996 3 983 5 1229 102 0
2010 3 1229 0 1597 275 0
2011 3 1229 0 1597 275 0
2012 3 1142 0 1523 530 0
2013 3 1074 133 1417 683 0
2014 3 1074 133 1417 683 0
2015 3 974 400 1300 888 0
2016 3 958 453 1290 930 0
2017 3 958 453 1290 930 0
2018 3 916 535 1237 983 0
2019 3 900 551 1221 990 0
2020 3 900 551 1221 990 0
2021 3 865 551 1177 990 1
2022 3 841 551 1153 972 1
2023 3 841 551 1153 972 1
2024 3 792 524 1098 934 1
2025 3 792 524 1098 934 1
2026 3 770 513 1069 912 1
2027 3 765 513 1060 912 1
2028 3 765 528 1060 911 1
2029 3 765 528 1060 911 1
2030 3 783 544 1064 923 1
2031 3 803 548 1082 931 1
2032 3 803 548 1082 931 1
2033 3 832 559 1107 931 1
2034 3 854 568 1124 931 1
2035 3 854 568 1124 931 1
2036 3 874 568 1155 916 1
2036 4 86 826 174 930 0
2037 3 874 568 1155 916 1
2037 4 104 832 175 927 0
2038 3 905 568 1195 907 1
2038 4 239 857 314 947 0
2039 3 929 568 1226 894 1
2039 4 304 846 381 937 0
2039 5 754 928 791 974 0
2040 3 929 568 1226 894 1
2040 4 312 834 376 936 0
2040 5 754 928 791 974 0
2041 3 963 548 1258 865 1
2041 4 414 826 496 922 0
2041 5 849 899 895 943 0
2042 3 963 548 1258 865 1
2042 4 421 814 494 912 0
2042 5 849 899 895 943 0
2043 3 974 526 1275 854 0
2043 4 512 790 587 885 0
2043 5 925 868 982 932 0
2044 3 974 526 1275 854 0
2044 4 550 775 623 875 0
2044 5 963 857 1009 919 0
2045 3 974 526 1275 854 0
2045 4 548 778 622 866 0
2045 6 264 839 297 878 0
2045 5 963 857 1009 919 0
2045 7 68 846 105 885 0
2046 3 974 542 1258 854 0
2046 4 601 770 665 859 0
2046 6 323 832 360 871 0
2046 5 998 857 1069 908 0
2046 7 139 846 172 885 0
2047 3 974 542 1246 854 0
2047 4 616 770 687 863 0
2047 6 343 832 380 874 0
2047 5 1025 857 1082 905 0
2047 7 155 846 194 885 0
2048 3 974 542 1246 854 0
2048 4 612 772 688 864 0
2048 6 343 832 376 874 0
2048 5 1025 857 1082 905 0
2048 7 160 846 189 885 0
2049 3 958 542 1224 839 0
2049 4 648 761 716 856 0
2049 6 379 832 416 871 0
2049 7 195 846 228 881 0
2050 3 958 542 1224 839 0
2050 4 646 766 722 860 0
2050 6 379 832 416 871 0
2050 7 196 846 228 881 0
2051 3 945 542 1197 823 0
2051 4 660 757 726 855 0
2051 6 392 832 427 871 0
2051 7 210 846 245 881 0
2052 3 945 531 1186 823 0
2052 4 656 758 730 853 0
2052 6 392 832 427 871 0
2052 7 204 846 246 881 0
2053 3 929 531 1175 823 0
2053 4 656 754 730 853 0
2053 6 392 832 427 871 0
2053 8 93 859 121 881 0
2053 7 204 846 246 881 0
2054 3 903 540 1133 824 0
2054 4 661 761 732 861 0
2054 6 399 832 432 876 0
2054 8 93 859 124 894 0
2054 7 210 855 245 888 0
2055 3 903 540 1133 824 0
2055 4 656 762 730 859 0
2055 6 399 832 432 876 0
2055 8 88 859 130 894 0
2055 7 210 855 245 888 0
2056 3 872 562 1100 823 0
2056 4 656 776 729 870 0
2056 6 390 846 434 885 0
2056 8 84 870 119 901 0
2056 7 210 855 245 888 0
2057 3 872 562 1100 823 0
2057 4 654 777 732 872 0
2057 6 390 846 434 885 0
2057 8 86 868 119 899 0
2057 7 210 855 245 888 0
2058 3 852 579 1038 831 0
2058 4 661 774 725 875 0
2058 6 390 846 434 885 0
2058 8 82 868 130 901 0
2058 7 206 855 245 899 0
2059 3 832 597 1028 847 0
2059 4 660 772 740 872 0
2059 6 398 846 434 890 0
2059 8 80 868 126 897 0
2059 7 206 861 242 899 0
2060 3 829 593 1023 848 0
2060 4 663 775 733 879 0
2060 6 396 846 434 885 0
2060 8 82 868 124 905 0
2060 7 206 859 248 898 0
2061 3 829 604 1017 848 0
2061 4 681 761 752 863 0
2061 6 408 841 447 876 0
2061 8 98 857 139 885 0
2061 7 228 854 258 885 0
2062 3 823 604 1018 848 0
2062 4 678 762 754 872 0
2062 6 413 841 447 876 0
2062 8 98 857 135 885 0
2062 7 228 850 257 885 0
2063 3 821 602 1018 822 0
2063 4 707 739 773 836 0
2063 6 437 812 474 851 0
2063 5 1110 818 1152 864 0
2063 8 122 839 168 863 0
2063 7 252 830 289 858 0
2064 3 821 588 1005 796 0
2064 4 716 726 783 828 0
2064 6 448 799 486 838 0
2064 5 1124 805 1162 856 0
2064 8 137 826 170 853 0
2064 7 268 817 300 846 0
2065 3 821 588 1005 796 0
2065 4 714 732 786 832 0
2065 6 448 799 486 838 0
2065 5 1124 805 1162 856 0
2065 8 137 826 170 853 0
2065 7 268 817 300 846 0
2066 3 811 560 994 762 0
2066 4 728 696 798 793 0
2066 6 463 773 500 810 0
2066 5 1130 775 1172 836 0
2066 8 148 793 183 822 0
2066 7 277 789 318 812 0
2067 3 811 560 994 762 0
2067 4 724 692 794 802 0
2067 6 463 773 500 810 0
2067 5 1130 775 1172 836 0
2067 8 148 793 183 822 0
2067 7 277 789 318 812 0
2068 3 787 532 961 720 0
2068 4 726 650 788 754 0
2068 6 466 730 494 760 0
2068 5 1126 739 1172 795 0
2068 7 281 748 318 778 0
2069 3 756 496 935 677 0
2069 4 720 604 786 711 0
2069 6 451 681 489 710 0
2069 5 1123 696 1166 742 0
2070 3 756 496 935 677 0
2070 4 712 602 792 716 0
2070 5 1123 696 1166 742 0
2071 3 733 383 852 529 0
2071 4 677 477 759 579 0
2072 3 725 388 852 529 0
2072 4 675 468 750 584 0
2073 3 645 202 769 344 0
2074 3 614 87 742 206 0
2075 3 596 80 742 206 0
2142 3 403 2 527 70 0
2142 4 721 0 818 85 1
2142 5 1254 36 1296 82 0
2143 3 412 7 544 133 0
2143 4 734 20 831 144 1
2143 5 1254 85 1303 136 0
2144 3 430 38 561 177 0
2144 4 741 73 839 188 1
2144 5 1258 125 1304 180 0
2145 3 428 33 554 179 0
2145 4 734 73 833 203 1
2145 5 1258 125 1304 180 0
2146 3 446 127 575 252 0
2146 4 736 160 837 280 1
2146 5 1256 208 1304 257 0
2147 3 446 127 567 265 0
2147 4 736 159 839 269 1
2147 5 1256 208 1304 257 0
2148 3 461 214 579 330 0
2148 4 746 233 845 336 1
2148 5 1258 262 1306 315 0
2149 3 470 240 591 367 0
2149 4 758 257 853 369 1
2149 5 1260 292 1311 345 0
2150 3 468 238 582 362 0
2150 4 750 260 853 371 1
2150 5 1269 292 1311 345 0
2151 3 479 286 589 409 0
2151 4 761 305 866 419 1
2151 6 661 405 696 429 0
2151 5 1271 331 1324 390 0
2151 8 359 452 396 485 0
2152 3 480 306 598 418 0
2152 4 762 324 874 430 1
2152 6 663 410 697 444 0
2152 5 1271 345 1322 406 0
2152 8 359 459 396 496 0
2153 3 478 302 596 421 0
2153 4 762 312 875 427 1
2153 6 663 410 697 444 0
2153 5 1271 345 1322 406 0
2153 8 359 459 396 496 0
2154 3 468 329 582 434 0
2154 4 762 331 868 447 1
2154 6 660 429 692 459 0
2154 5 1271 366 1322 419 0
2154 8 359 474 397 512 0
2155 3 465 342 575 460 0
2155 4 757 338 869 451 1
2155 6 658 433 687 470 0
2155 5 1271 373 1319 427 0
2155 8 359 478 397 512 0
2156 3 463 334 573 450 0
2156 4 757 334 871 452 1
2156 6 658 433 687 470 0
2156 5 1271 373 1314 423 0
2156 8 359 478 397 512 0
2157 3 442 360 549 465 0
2157 4 742 351 856 475 1
2157 6 642 450 677 480 0
2157 5 1256 386 1304 447 0
2157 8 345 495 386 527 0
2158 3 436 362 535 479 0
2158 4 739 364 851 478 1
2158 6 638 455 667 494 0
2158 5 1254 397 1293 447 0
2158 8 338 500 380 535 0
2159 3 430 370 541 474 0
2159 4 737 358 850 486 1
2159 6 638 455 667 494 0
2159 5 1252 401 1293 451 0
2159 8 338 500 380 535 0
2160 3 418 373 527 479 0
2160 4 734 370 849 490 0
2160 6 630 465 662 499 0
2160 5 1250 406 1293 457 0
2160 8 338 504 373 542 0
2161 3 414 371 523 487 0
2161 4 733 376 845 497 0
2161 6 627 465 656 499 0
2161 5 1249 412 1293 468 0
2161 8 333 504 371 543 0
2162 3 415 378 513 484 0
2162 4 733 376 847 490 0
2162 6 624 465 657 502 0
2162 5 1249 412 1293 468 0
2162 8 333 504 371 543 0
2163 3 410 378 519 473 0
2163 4 722 384 844 500 0
2163 6 620 465 657 507 0
2163 5 1243 421 1289 476 0
2163 8 333 504 368 543 0
2164 3 409 378 513 483 0
2164 4 735 384 847 500 0
2164 6 620 465 657 507 0
2164 5 1243 421 1289 476 0
2164 8 333 504 368 543 0
2165 3 400 376 526 486 0
2165 4 734 382 847 496 0
2165 6 616 471 651 506 0
2165 5 1243 421 1289 476 0
2165 8 333 506 370 544 0
2166 3 420 398 526 498 0
2166 4 744 408 856 520 0
2166 6 617 482 649 515 0
2166 5 1243 441 1295 497 0
2166 8 336 515 370 549 0
2167 3 427 400 527 496 0
2167 4 752 406 853 523 0
2167 6 618 492 647 522 0
2167 5 1243 453 1295 505 0
2167 8 338 524 370 554 0
2168 3 427 398 525 493 0
2168 4 746 408 859 523 0
2168 6 618 492 647 522 0
2168 5 1243 453 1295 505 0
2168 8 338 524 370 554 0
2169 3 437 438 529 529 0
2169 4 757 434 866 552 0
2169 6 615 519 650 552 0
2169 5 1248 482 1294 537 0
2169 8 341 550 374 579 0
2170 3 441 437 531 541 0
2170 4 762 434 864 542 0
2170 6 615 519 650 552 0
2170 5 1248 482 1294 537 0
2170 8 341 550 374 579 0
2171 3 454 475 543 559 0
2171 4 769 466 875 584 0
2171 6 616 550 645 575 0
2171 5 1248 522 1294 575 0
2171 8 338 578 376 604 0
2172 3 462 495 548 577 0
2172 4 770 484 878 606 0
2172 6 615 569 643 601 0
2172 5 1248 529 1296 581 0
2172 8 342 597 372 623 0
2173 3 460 492 548 586 0
2173 4 768 484 886 596 0
2173 6 615 569 643 601 0
2173 5 1248 537 1299 588 0
2173 8 342 597 372 623 0
2174 3 476 527 563 609 0
2174 4 778 511 882 634 0
2174 6 613 596 646 630 0
2174 5 1248 572 1303 624 0
2174 9 378 624 412 649 0
2174 8 344 623 374 653 0
2175 3 478 528 564 614 0
2175 4 774 516 888 628 0
2175 6 613 596 646 630 0
2175 5 1248 572 1303 624 0
2175 9 377 624 410 649 0
2175 8 344 623 374 653 0
2176 3 494 542 577 626 0
2176 4 780 527 887 649 0
2176 6 613 611 646 648 0
2176 5 1253 582 1301 644 0
2176 9 383 641 416 670 0
2176 8 347 638 381 675 0
2176 7 441 638 474 664 0
2177 3 502 548 581 624 0
2177 4 775 534 889 653 0
2177 6 613 617 646 649 0
2177 5 1253 588 1306 644 0
2177 9 383 641 420 674 0
2177 8 349 645 382 679 0
2177 7 441 642 474 674 0
2178 3 500 544 581 627 0
2178 4 774 532 887 650 0
2178 6 613 617 646 647 0
2178 5 1253 588 1304 644 0
2178 9 383 641 420 674 0
2178 8 349 645 382 679 0
2178 7 441 642 474 674 0
2179 3 508 542 593 634 0
2179 4 768 532 886 644 0
2179 6 613 617 646 650 0
2179 5 1253 588 1304 644 0
2179 9 383 641 420 674 0
2179 8 349 645 382 679 0
2179 7 441 642 474 674 0
2180 3 511 540 595 634 0
2180 4 770 530 888 651 0
2180 6 613 617 646 650 0
2180 5 1253 588 1304 644 0
2180 9 383 641 420 674 0
2180 8 349 645 382 679 0
2180 7 441 642 474 674 0
2181 3 524 528 604 606 0
2181 4 760 519 871 643 0
2181 6 613 602 648 632 0
2181 5 1253 572 1304 631 0
2181 9 389 631 423 661 0
2181 8 349 633 387 670 0
2181 7 448 635 478 660 0
2182 3 529 522 609 605 0
2182 4 758 510 871 636 0
2182 5 1258 566 1308 621 0
2182 9 391 629 430 657 0
2182 8 353 628 387 661 0
2182 7 448 623 482 652 0
2183 3 530 518 606 612 0
2183 4 762 516 872 635 0
2183 5 1258 566 1308 621 0
2183 9 391 629 430 657 0
2183 8 353 628 387 661 0
2183 7 448 623 482 652 0
2184 3 538 513 615 588 0
2184 4 749 506 863 630 0
2184 5 1258 555 1309 621 0
2184 9 398 623 433 655 0
2184 8 356 624 393 661 0
2184 7 448 623 487 652 0
2185 3 538 516 617 588 0
2185 4 744 502 855 631 0
2185 5 1258 555 1309 612 0
2185 9 398 623 433 655 0
2185 8 356 624 393 661 0
2185 7 453 623 486 652 0
2186 3 540 514 620 593 0
2186 4 744 500 857 633 0
2186 5 1258 555 1309 612 0
2186 9 398 623 433 655 0
2186 8 356 624 393 661 0
2186 7 453 623 486 652 0
2187 3 544 525 622 595 0
2187 4 729 500 844 626 0
2187 5 1257 555 1300 612 0
2187 9 390 623 429 657 0
2187 8 350 624 385 661 0
2187 7 448 623 480 648 0
2188 3 546 525 625 589 0
2188 4 719 502 831 620 0
2188 5 1257 555 1300 612 0
2188 9 390 623 429 657 0
2188 8 350 624 385 661 0
2188 7 448 623 480 648 0
2189 3 546 523 622 593 0
2189 4 722 504 833 623 0
2189 5 1253 547 1301 609 0
2189 9 390 623 429 657 0
2189 8 350 624 385 661 0
2189 7 448 623 480 648 0
2190 3 568 531 638 593 0
2190 4 714 498 828 619 0
2190 5 1259 547 1309 608 0
2190 9 400 623 435 657 0
2190 8 350 624 391 654 0
2190 7 453 623 485 649 0
2191 3 566 532 635 598 0
2191 4 715 500 829 622 0
2191 5 1259 550 1309 609 0
2191 9 400 623 435 657 0
2191 8 350 624 391 654 0
2191 7 451 623 484 646 0
2192 3 598 532 664 604 0
2192 4 724 500 838 610 0
2192 5 1266 550 1316 606 0
2192 9 418 620 453 645 0
2192 8 364 619 405 652 0
2192 7 464 614 497 644 0
2193 3 595 528 661 588 0
2193 4 721 491 832 613 0
2193 5 1273 551 1323 604 0
2193 9 424 614 461 640 0
2193 8 371 614 410 643 0
2193 7 475 604 503 639 0
2194 3 600 526 666 604 0
2194 4 714 494 828 604 0
2194 5 1273 551 1323 604 0
2194 9 424 614 461 640 0
2194 8 371 614 410 643 0
2194 7 471 604 503 639 0
2195 3 607 504 677 572 0
2195 4 719 469 824 583 0
2195 5 1273 531 1329 587 0
2195 9 434 589 469 617 0
2195 8 378 593 410 622 0
2195 7 474 592 509 607 0
2196 3 612 504 676 561 0
2196 4 717 470 826 585 0
2196 5 1282 531 1330 582 0
2196 9 434 589 469 617 0
2196 8 374 590 410 619 0
2196 7 474 592 509 607 0
2197 3 602 470 669 533 0
2197 4 689 442 796 554 0
2197 5 1267 501 1316 554 0
2197 9 421 561 455 587 0
2197 8 360 563 391 594 0
2198 3 593 456 659 519 0
2198 4 670 426 773 541 0
2198 5 1255 485 1302 542 0
2198 9 411 550 448 578 0
2198 8 347 551 375 582 0
2199 3 595 457 661 511 0
2199 4 670 428 776 537 0
2199 5 1255 485 1302 542 0
2199 9 411 550 448 578 0
2199 8 344 551 377 579 0
2200 3 568 434 617 491 0
2200 4 620 404 715 522 0
2200 5 1215 464 1254 520 0
2200 9 370 532 404 560 0
2200 8 299 532 325 565 0
2201 3 568 435 618 492 0
2201 4 620 407 718 525 0
2201 5 1215 464 1254 520 0
2201 9 370 532 404 560 0
2201 8 299 532 325 565 0
2202 4 540 400 648 521 0
2202 5 1162 453 1208 516 0
2202 9 320 523 354 551 0
2202 8 239 526 272 554 0
2203 4 503 394 615 515 0
2203 5 1142 447 1182 507 0
2203 9 295 516 332 546 0
2203 8 214 521 242 551 0
2204 4 509 394 614 512 0
2204 5 1142 447 1182 507 0
2204 9 295 516 332 546 0
2204 8 214 521 242 551 0
2205 4 454 380 571 501 0
2205 5 1110 438 1162 491 0
2205 9 260 499 297 530 0
2205 8 175 501 212 529 0
2206 4 459 382 572 499 0
2206 5 1110 438 1162 491 0
2206 9 260 499 297 530 0
2206 8 175 501 212 529 0
2207 3 530 386 563 450 0
2207 4 414 357 544 478 0
2207 5 1102 422 1151 477 0
2207 8 157 474 199 510 0
2208 3 519 366 567 432 0
2208 4 399 337 532 455 0
2208 5 1096 406 1151 458 0
2208 8 153 451 195 487 0
2209 3 513 363 567 432 0
2209 4 400 329 517 451 0
2209 5 1096 406 1151 458 0
2209 8 153 451 195 487 0
2210 3 528 327 579 387 0
2210 4 377 294 501 399 0
2210 5 1096 383 1149 434 0
2210 8 147 395 190 437 0
2211 3 523 328 581 393 0
2211 4 375 285 504 399 0
2211 5 1095 382 1149 434 0
2211 8 150 395 190 437 0
2212 3 547 262 604 328 0
2212 4 364 224 482 323 0
2212 5 1109 340 1160 388 0
2213 3 560 214 619 277 0
2213 4 362 163 466 255 0
2213 5 1126 300 1167 351 0
2214 3 560 214 619 277 0
2214 4 370 166 455 255 0
2214 5 1126 300 1167 351 0
2215 3 606 95 666 161 0
2215 4 386 36 480 120 0
2216 3 637 19 692 85 0
2216 4 412 0 493 40 0
2217 3 637 19 692 85 0
2217 4 412 0 493 40 0
3175 5 918 15 959 56 0
3176 3 678 66 700 89 0
3176 6 979 44 1015 89 0
3176 5 918 97 959 134 0
3177 3 688 105 707 134 0
3177 6 982 91 1018 133 0
3177 5 918 141 959 174 0
3178 3 687 105 704 134 0
3178 6 982 82 1016 132 0
3178 5 918 131 964 166 0
3179 3 692 168 710 195 0
3179 6 986 151 1025 201 0
3179 5 918 201 960 247 0
3180 3 695 188 714 219 0
3180 6 988 173 1029 223 0
3180 5 918 223 965 271 0
3181 3 696 185 715 219 0
3181 6 990 170 1027 223 0
3181 5 918 226 963 284 0
3182 3 705 225 725 249 0
3182 6 1000 201 1036 247 0
3182 5 922 251 967 309 0
3182 9 121 216 170 245 0
3183 3 702 235 724 261 0
3183 6 1004 210 1039 258 0
3183 5 922 261 968 316 0
3183 9 121 231 170 254 0
3184 3 704 234 725 262 0
3184 6 1003 208 1039 257 0
3184 5 922 261 968 316 0
3184 9 121 231 170 255 0
3185 3 704 244 726 270 0
3185 6 1007 219 1045 263 0
3185 5 922 269 971 327 0
3185 9 125 245 176 277 0
3185 8 1 240 30 273 0
3186 3 703 247 725 274 0
3186 6 1010 224 1047 268 0
3186 5 926 273 971 328 0
3186 9 129 252 176 282 0
3186 8 1 247 34 280 0
3187 3 704 247 725 276 0
3187 6 1011 226 1047 267 0
3187 5 925 273 971 326 0
3187 9 129 252 176 282 0
3187 8 1 247 34 280 0
3188 3 706 260 727 281 0
3188 6 1016 229 1056 268 0
3188 5 926 279 972 329 0
3188 9 134 256 179 289 0
3188 8 2 257 44 287 0
3189 3 710 258 728 288 0
3189 6 1021 230 1057 274 0
3189 5 926 279 972 329 0
3189 9 134 256 179 289 0
3189 8 6 257 50 289 0
3190 3 710 258 728 286 0
3190 6 1021 236 1058 272 0
3190 5 926 279 972 329 0
3190 9 134 256 179 289 0
3190 8 6 257 50 289 0
3191 3 705 260 729 291 0
3191 6 1018 238 1059 284 0
3191 5 926 287 972 337 0
3191 9 131 260 179 293 0
3191 8 11 257 50 294 0
3192 3 705 259 729 289 0
3192 6 1020 242 1058 290 0
3192 5 926 287 972 337 0
3192 9 131 260 179 293 0
3192 8 11 257 50 294 0
3193 3 705 275 728 302 0
3193 6 1023 251 1062 293 0
3193 5 926 295 971 346 0
3193 9 131 271 177 301 0
3193 8 16 271 59 303 0
3194 3 707 277 729 306 0
3194 6 1024 250 1063 295 0
3194 5 926 298 971 349 0
3194 9 131 275 177 308 0
3194 8 20 274 63 307 0
3195 3 707 280 731 308 0
3195 6 1025 253 1063 300 0
3195 5 926 298 971 357 0
3195 9 131 275 177 308 0
3195 8 20 274 63 307 0
3196 3 707 277 731 307 0
3196 6 1028 254 1069 300 0
3196 5 929 298 977 355 0
3196 9 135 275 182 310 0
3196 8 27 274 69 307 0
3197 3 707 278 733 307 0
3197 6 1030 256 1073 298 0
3197 5 934 298 977 355 0
3197 9 135 275 182 304 0
3197 8 32 274 75 302 0
3198 3 707 278 733 304 0
3198 6 1034 251 1073 298 0
3198 5 934 298 977 355 0
3198 9 135 275 182 304 0
3198 8 32 274 75 302 0
3199 3 706 272 733 301 0
3199 6 1036 254 1076 298 0
3199 5 934 298 977 355 0
3199 9 135 275 182 299 0
3199 8 37 264 76 295 0
3200 3 710 270 734 301 0
3200 6 1034 256 1075 296 0
3200 5 934 298 977 355 0
3200 9 135 275 182 299 0
3200 8 37 264 76 295 0
3201 3 715 268 740 298 0
3201 6 1048 252 1087 295 0
3201 5 943 293 983 353 0
3201 9 143 260 192 295 0
3201 8 51 264 90 291 0
3202 3 723 259 748 290 0
3202 6 1054 248 1095 294 0
3202 5 948 289 991 347 0
3202 9 152 260 200 292 0
3202 8 63 260 99 289 0
3203 3 723 263 749 289 0
3203 6 1054 248 1092 290 0
3203 5 948 292 991 347 0
3203 9 152 260 200 292 0
3203 8 63 260 99 289 0
3204 3 731 252 756 281 0
3204 6 1070 240 1103 284 0
3204 5 956 282 998 340 0
3204 9 164 245 212 280 0
3204 8 77 250 113 277 0
3204 7 2 247 31 280 0
3205 3 731 250 758 281 0
3205 6 1064 240 1105 286 0
3205 5 956 282 998 340 0
3205 9 164 245 212 280 0
3205 8 77 250 113 277 0
3205 7 2 247 31 280 0
3206 3 748 242 775 274 0
3206 6 1090 232 1122 280 0
3206 5 973 274 1015 333 0
3206 9 188 235 227 273 0
3206 8 104 240 132 268 0
3206 7 23 241 54 272 0
3207 3 752 250 776 280 0
3207 6 1088 235 1123 281 0
3207 5 973 274 1015 333 0
3207 9 188 235 227 273 0
3207 8 104 240 132 268 0
3207 7 23 241 54 272 0
3208 3 774 250 800 277 0
3208 6 1116 235 1153 281 0
3208 5 997 278 1040 333 0
3208 9 222 246 266 276 0
3208 8 141 247 171 272 0
3208 7 61 246 93 274 0
3209 3 776 245 802 280 0
3209 6 1119 238 1150 278 0
3209 5 997 278 1040 333 0
3209 9 222 246 266 276 0
3209 8 141 247 171 272 0
3209 7 61 246 93 274 0
3210 3 808 245 831 277 0
3210 6 1148 228 1185 274 0
3210 5 1034 270 1072 325 0
3210 9 262 243 302 276 0
3210 8 185 247 212 273 0
3210 7 108 246 143 278 0
3211 3 805 247 832 275 0
3211 6 1150 232 1185 278 0
3211 5 1030 271 1071 319 0
3211 9 262 243 302 276 0
3211 8 185 247 212 273 0
3211 7 108 246 143 278 0
3212 3 832 240 856 268 0
3212 6 1175 216 1212 258 0
3212 5 1055 261 1094 303 0
3212 9 288 243 331 276 0
3212 8 215 247 247 273 0
3212 7 137 251 176 276 0
3213 3 839 235 862 266 0
3213 6 1178 211 1221 255 0
3213 5 1060 256 1103 306 0
3213 9 295 243 336 274 0
3213 8 222 247 255 276 0
3213 7 145 251 186 284 0
3214 3 842 244 862 274 0
3214 6 1181 215 1223 256 0
3214 5 1060 256 1103 312 0
3214 9 295 243 340 275 0
3214 8 222 247 255 276 0
3214 7 145 251 186 284 0
3215 3 846 237 872 268 0
3215 6 1192 208 1232 253 0
3215 5 1059 254 1108 311 0
3215 9 307 258 347 284 0
3215 8 232 261 269 288 0
3215 7 157 264 196 296 0
3216 3 846 233 875 268 0
3216 6 1189 207 1231 253 0
3216 5 1064 253 1109 313 0
3216 9 307 258 347 284 0
3216 8 232 261 269 288 0
3216 7 157 264 196 296 0
3217 3 851 237 879 267 0
3217 6 1196 202 1236 245 0
3217 5 1066 248 1112 297 0
3217 9 314 268 354 298 0
3217 8 238 272 274 297 0
3217 7 168 277 204 308 0
3218 3 854 236 880 266 0
3218 6 1192 205 1236 249 0
3218 5 1066 247 1113 303 0
3218 9 314 268 354 298 0
3218 8 238 272 274 297 0
3218 7 168 277 204 308 0
3219 3 854 238 877 269 0
3219 6 1192 203 1237 245 0
3219 5 1070 250 1113 303 0
3219 9 314 276 354 307 0
3219 8 238 282 274 310 0
3219 7 168 290 204 321 0
3220 3 848 241 875 270 0
3220 6 1187 203 1231 249 0
3220 5 1060 255 1107 305 0
3220 9 308 283 354 312 0
3220 8 232 292 269 316 0
3220 7 168 296 204 325 0
3221 3 842 241 870 274 0
3221 6 1182 206 1225 253 0
3221 5 1048 255 1099 308 0
3221 9 303 288 344 321 0
3221 8 225 292 260 320 0
3221 7 159 301 197 328 0
3222 3 844 246 867 277 0
3222 6 1185 207 1226 253 0
3222 5 1049 256 1102 309 0
3222 9 303 288 344 321 0
3222 8 225 292 260 320 0
3222 7 159 301 197 328 0
3223 3 828 247 851 280 0
3223 6 1164 213 1208 256 0
3223 5 1032 259 1082 318 0
3223 9 282 295 324 323 0
3223 8 205 300 241 327 0
3223 7 142 309 179 342 0
3224 3 825 257 850 289 0
3224 6 1158 218 1202 263 0
3224 5 1034 262 1078 309 0
3224 9 274 304 322 334 0
3224 8 201 310 238 335 0
3224 7 137 317 175 350 0
3225 3 822 258 850 288 0
3225 6 1160 220 1205 262 0
3225 5 1032 259 1076 313 0
3225 9 274 304 322 334 0
3225 8 201 310 238 335 0
3225 7 137 317 175 350 0
3226 3 816 264 842 299 0
3226 6 1152 228 1192 273 0
3226 5 1020 268 1067 323 0
3226 9 269 311 315 342 0
3226 8 186 316 226 346 0
3226 7 129 325 167 358 0
3227 3 813 262 842 295 0
3227 6 1152 225 1194 269 0
3227 5 1020 264 1069 317 0
3227 9 269 311 315 342 0
3227 8 186 316 226 346 0
3227 7 129 325 167 358 0
3228 3 812 269 841 299 0
3228 6 1150 229 1195 272 0
3228 5 1013 263 1068 318 0
3228 9 268 315 315 350 0
3228 8 182 316 221 349 0
3228 7 129 332 162 355 0
3229 3 813 269 843 301 0
3229 6 1160 228 1200 275 0
3229 5 1025 262 1073 321 0
3229 9 276 315 315 345 0
3229 8 187 322 220 352 0
3229 7 136 325 167 355 0
3230 3 816 271 847 300 0
3230 6 1154 230 1198 270 0
3230 5 1027 262 1070 318 0
3230 9 276 315 315 345 0
3230 8 187 322 220 352 0
3230 7 136 325 167 355 0
3231 3 834 266 862 295 0
3231 6 1174 223 1213 263 0
3231 5 1049 256 1084 300 0
3231 9 303 308 336 339 0
3231 8 205 314 237 346 0
3231 7 167 322 192 355 0
3232 3 837 262 865 291 0
3232 6 1176 224 1214 264 0
3232 5 1042 256 1087 301 0
3232 9 303 308 336 339 0
3232 8 205 314 237 346 0
3232 7 167 322 192 355 0
3233 3 869 248 895 277 0
3233 6 1216 207 1251 244 0
3233 5 1083 222 1121 282 0
3233 9 347 298 382 325 0
3233 8 250 304 278 332 0
3233 7 217 307 240 338 0
3234 3 887 241 910 269 0
3234 6 1235 194 1271 243 0
3234 5 1104 225 1145 285 0
3234 9 374 298 401 325 0
3234 8 273 300 301 332 0
3234 7 249 307 270 338 0
3235 3 889 239 915 274 0
3235 6 1236 204 1274 241 0
3235 5 1105 225 1148 272 0
3235 9 374 298 401 325 0
3235 8 273 300 301 332 0
3235 7 249 307 270 338 0
3236 3 927 226 956 262 0
3236 6 1281 182 1314 219 0
3236 5 1144 200 1186 257 0
3236 9 418 290 451 318 0
3236 8 312 291 340 327 0
3236 7 293 296 309 328 0
3237 3 934 234 962 264 0
3237 6 1276 184 1316 230 0
3237 5 1148 214 1184 256 0
3237 9 418 290 451 318 0
3237 8 312 291 340 327 0
3237 7 293 296 309 328 0
3238 3 959 208 985 244 0
3238 6 1314 165 1353 207 0
3238 5 1180 186 1221 245 0
3238 9 454 277 486 305 0
3238 8 350 285 378 318 0
3238 7 331 292 352 314 0
3239 3 968 207 999 242 0
3239 6 1325 161 1367 203 0
3239 5 1187 186 1235 236 0
3239 9 464 277 503 305 0
3239 8 361 288 385 318 0
3239 7 341 292 362 314 0
3240 3 972 206 999 241 0
3240 6 1326 167 1363 205 0
3240 5 1190 189 1236 235 0
3240 9 464 277 503 305 0
3240 8 361 286 384 318 0
3240 7 341 292 362 314 0
3241 3 980 203 1011 243 0
3241 6 1338 160 1384 200 0
3241 5 1205 181 1250 234 0
3241 9 480 271 516 306 0
3241 8 361 285 396 318 0
3242 3 984 207 1011 243 0
3242 6 1342 161 1384 204 0
3242 5 1208 183 1252 237 0
3242 9 480 271 522 299 0
3242 8 361 285 396 318 0
3243 3 990 200 1017 234 0
3243 6 1342 155 1389 197 0
3243 5 1211 168 1257 220 0
3243 9 480 271 525 293 0
3243 8 361 272 398 309 0
3244 3 990 204 1016 238 0
3244 6 1342 152 1384 198 0
3244 5 1212 172 1254 223 0
3244 9 480 262 523 288 0
3244 8 357 266 394 304 0
3245 3 990 200 1019 231 0
3245 6 1342 150 1384 199 0
3245 5 1212 165 1256 220 0
3245 9 480 262 523 288 0
3245 8 357 266 394 304 0
3246 3 990 194 1018 233 0
3246 6 1342 152 1387 198 0
3246 5 1212 164 1255 219 0
3246 9 480 254 521 289 0
3246 8 354 259 394 304 0
3247 3 992 194 1020 231 0
3247 6 1338 151 1387 196 0
3247 5 1212 159 1255 206 0
3247 9 480 254 521 289 0
3247 8 354 259 394 300 0
3248 3 994 192 1023 228 0
3248 6 1346 153 1391 194 0
3248 5 1219 159 1261 209 0
3248 9 485 253 527 281 0
3248 8 354 257 397 293 0
3249 3 1002 193 1027 225 0
3249 6 1352 154 1393 191 0
3249 5 1226 158 1266 206 0
3249 9 485 242 528 274 0
3249 8 358 248 401 287 0
3250 3 999 190 1025 225 0
3250 6 1348 153 1393 194 0
3250 5 1222 156 1265 210 0
3250 9 489 242 528 274 0
3250 8 358 248 401 287 0
3251 3 1008 180 1038 211 0
3251 6 1363 143 1406 186 0
3251 5 1238 144 1276 205 0
3251 9 498 229 536 253 0
3251 8 364 237 409 268 0
3252 3 1014 166 1042 203 0
3252 6 1372 134 1412 169 0
3252 5 1249 133 1285 186 0
3252 9 501 219 540 240 0
3252 8 363 220 412 250 0
3253 3 1014 165 1041 202 0
3253 6 1366 131 1413 174 0
3253 5 1244 136 1284 190 0
3253 9 501 219 540 240 0
3253 8 366 220 412 250 0
3254 3 1024 125 1049 160 0
3254 6 1380 103 1425 141 0
3254 5 1257 99 1292 146 0
3254 8 371 183 413 210 0
3255 3 1021 126 1046 164 0
3255 6 1378 100 1420 134 0
3255 5 1254 96 1293 152 0
3255 8 371 183 418 213 0
3256 3 1008 62 1039 98 0
3256 6 1368 40 1422 80 0
3256 5 1250 30 1284 80 0
3257 6 1374 36 1419 77 0
3592 8 31 86 141 219 0
3592 8 132 20 172 58 0
3593 8 31 86 141 219 0
3593 8 132 20 172 58 0
3594 8 108 220 163 278 0
3594 8 171 76 206 102 0
3595 8 117 248 172 303 0
3595 8 179 93 218 120 0
3596 8 117 248 172 303 0
3596 8 179 93 218 120 0
3597 9 417 74 443 107 0
3597 8 131 278 189 329 0
3597 8 195 129 229 156 0
3597 7 390 87 416 115 0
3598 9 427 95 450 117 0
3598 8 138 291 199 353 0
3598 8 201 142 243 169 0
3598 7 403 102 432 125 0
3599 9 427 95 450 117 0
3599 8 135 291 199 353 0
3599 8 201 142 243 169 0
3599 7 403 102 432 125 0
3600 9 459 119 480 137 0
3600 8 177 321 240 382 0
3600 8 241 167 280 198 0
3600 7 438 123 461 143 0
3601 9 478 133 510 146 0
3601 8 205 335 267 410 0
3601 8 259 177 299 197 0
3601 7 455 133 476 154 0
3602 9 478 133 510 146 0
3602 8 206 335 268 410 0
3602 8 259 177 299 197 0
3602 7 455 133 476 154 0
3603 9 528 153 547 171 0
3603 8 262 351 319 424 0
3603 8 315 202 352 227 0
3603 7 500 154 521 180 0
3604 6 1162 0 1188 17 0
3604 9 549 163 575 180 0
3604 8 287 362 337 428 0
3604 8 341 211 377 225 0
3604 7 523 163 548 184 0
3605 6 1162 0 1188 17 0
3605 9 549 163 575 180 0
3605 8 287 362 345 428 0
3605 8 341 211 377 225 0
3605 7 523 163 548 184 0
3606 6 1196 2 1227 28 0
3606 9 592 184 613 200 0
3606 8 334 388 387 453 0
3606 8 387 237 423 260 0
3606 7 560 186 587 213 0
3607 6 1216 13 1250 38 0
3607 9 612 194 634 210 0
3607 8 354 397 401 440 0
3607 8 407 243 442 266 0
3607 7 582 197 604 222 0
3608 6 1216 13 1250 38 0
3608 9 612 194 634 210 0
3608 8 354 397 401 440 0
3608 8 407 243 442 266 0
3608 7 582 197 604 222 0
3609 6 1245 13 1272 38 0
3609 9 634 201 663 225 0
3609 8 391 403 433 441 0
3609 8 438 254 472 281 0
3609 7 605 208 630 239 0
3610 6 1254 22 1286 49 0
3610 9 645 210 671 229 0
3610 8 397 402 433 449 0
3610 8 445 260 483 288 0
3610 7 611 214 638 246 0
3611 6 1254 22 1286 49 0
3611 9 645 210 671 229 0
3611 8 397 402 433 449 0
3611 8 445 260 483 288 0
3611 7 611 214 638 246 0
3612 6 1275 20 1306 48 0
3612 9 660 210 689 231 0
3612 8 414 398 464 460 0
3612 8 459 263 501 287 0
3612 7 627 218 661 247 0
3613 6 1275 20 1306 48 0
3613 9 660 210 689 231 0
3613 8 414 398 464 460 0
3613 8 459 263 501 287 0
3613 7 627 218 661 247 0
3614 6 1283 20 1312 48 0
3614 9 660 210 689 231 0
3614 8 415 398 465 454 0
3614 8 459 263 501 287 0
3614 7 627 218 661 247 0
3615 6 1276 14 1313 42 0
3615 9 660 202 693 230 0
3615 8 415 398 465 449 0
3615 8 463 256 501 288 0
3615 7 629 213 661 248 0
3616 6 1276 10 1310 34 0
3616 9 660 199 685 222 0
3616 8 377 332 465 430 0
3616 8 459 251 491 277 0
3616 7 626 199 661 232 0
3617 6 1276 10 1310 34 0
3617 9 660 199 685 222 0
3617 8 377 332 465 430 0
3617 8 459 251 491 277 0
3617 7 626 199 661 232 0
3924 4 241 0 330 34 0
3925 4 270 6 376 78 0
3926 4 274 0 376 73 0
3927 4 290 12 398 121 0
3927 8 479 62 508 96 0
3927 7 626 22 664 49 0
3928 4 292 16 406 124 0
3928 9 743 5 783 34 0
3928 8 484 75 515 108 0
3928 7 641 32 671 62 0
3929 4 296 14 401 132 0
3929 9 743 5 783 34 0
3929 8 484 75 515 108 0
3929 7 641 32 671 62 0
3930 4 297 27 399 136 0
3930 9 751 14 790 54 0
3930 8 487 89 523 118 0
3930 7 650 40 683 77 0
3931 4 292 44 390 152 0
3931 9 751 19 792 63 0
3931 8 484 89 517 118 0
3931 7 649 47 684 80 0
3932 4 292 34 391 151 0
3932 9 750 19 792 64 0
3932 8 487 90 520 122 0
3932 7 653 47 686 82 0
3933 4 291 44 390 160 0
3933 9 758 19 800 64 0
3933 8 489 95 521 131 0
3933 7 657 47 688 83 0
3934 4 293 46 384 156 0
3934 9 765 19 807 63 0
3934 8 493 96 526 131 0
3934 7 662 47 695 83 0
3935 4 290 46 383 156 0
3935 9 765 19 807 63 0
3935 8 493 96 526 131 0
3935 7 662 47 695 83 0
3936 4 288 46 382 158 0
3936 9 765 19 807 63 0
3936 8 493 96 526 131 0
3936 7 662 47 695 83 0
3937 4 288 44 382 165 0
3937 9 765 21 809 63 0
3937 8 493 96 526 131 0
3937 7 662 47 695 83 0
3938 4 285 48 378 159 0
3938 9 768 21 813 63 0
3938 8 493 96 529 131 0
3938 7 665 47 695 83 0
3939 4 282 46 374 161 0
3939 9 773 20 815 68 0
3939 8 493 96 533 128 0
3939 7 665 47 703 85 0
3940 4 278 60 368 166 0
3940 9 776 23 818 67 0
3940 8 488 99 532 128 0
3940 7 668 52 704 84 0
3941 4 280 52 369 158 0
3941 9 776 20 815 68 0
3941 8 489 99 532 128 0
3941 7 668 52 704 84 0
3942 4 267 66 361 168 0
3942 9 777 24 817 67 0
3942 8 483 104 532 130 0
3942 7 663 56 698 91 0
3943 4 271 58 360 160 0
3943 9 774 22 816 66 0
3943 8 483 104 532 130 0
3943 7 661 59 696 96 0
3944 4 259 70 349 180 0
3944 9 774 31 815 78 0
3944 8 483 110 529 143 0
3944 7 658 62 693 101 0
3945 4 262 66 351 174 0
3945 9 774 30 814 79 0
3945 8 483 110 529 143 0
3945 7 662 62 692 101 0
3946 4 253 74 344 182 0
3946 9 768 34 809 83 0
3946 8 481 114 526 143 0
3946 7 658 67 690 102 0
3947 4 250 84 342 193 0
3947 9 768 50 811 96 0
3947 8 482 131 526 158 0
3947 7 659 87 690 115 0
3948 4 249 88 341 194 0
3948 9 772 54 812 97 0
3948 8 482 131 531 158 0
3948 7 659 87 690 115 0
3949 4 250 94 343 199 0
3949 9 772 62 812 102 0
3949 8 486 138 531 165 0
3949 7 659 91 690 126 0
3950 4 250 105 345 214 0
3950 9 776 72 816 117 0
3950 8 492 151 542 177 0
3950 7 663 104 693 136 0
3951 4 254 108 343 212 0
3951 9 776 71 815 117 0
3951 8 494 155 545 182 0
3951 7 664 111 694 143 0
3952 4 249 116 341 237 0
3952 9 778 84 814 126 0
3952 8 497 158 548 186 0
3952 7 665 118 694 149 0
3953 4 244 130 343 232 0
3953 9 776 92 816 138 0
3953 10 1153 2 1191 14 0
3953 8 500 165 548 190 0
3953 7 662 123 694 155 0
3954 4 248 128 343 230 0
3954 9 776 90 816 133 0
3954 10 1149 0 1192 12 0
3954 8 500 165 548 190 0
3954 7 662 123 694 155 0
3955 4 244 138 344 242 0
3955 9 780 97 822 144 0
3955 10 1154 1 1195 19 0
3955 8 509 169 559 194 0
3955 7 665 129 698 161 0
3956 4 249 132 343 236 0
3956 9 776 98 822 152 0
3956 10 1153 0 1203 21 0
3956 8 509 170 559 194 0
3956 7 665 129 698 161 0
3957 4 248 134 343 238 0
3957 9 777 100 821 145 0
3957 10 1153 0 1203 21 0
3957 8 509 169 557 194 0
3957 7 668 135 699 164 0
3958 4 244 146 342 252 0
3958 9 782 110 824 156 0
3958 10 1153 0 1208 38 0
3958 8 521 178 570 206 0
3958 7 671 142 703 170 0
3959 4 252 148 343 248 0
3959 9 782 114 822 158 0
3959 10 1150 0 1208 37 0
3959 8 521 178 570 206 0
3959 7 671 142 703 170 0
3960 4 252 160 346 279 0
3960 5 1305 2 1346 28 0
3960 9 785 118 826 168 0
3960 10 1147 0 1204 52 0
3960 8 525 187 575 217 0
3960 7 677 152 706 183 0
3961 4 250 160 343 266 0
3961 5 1302 1 1346 27 0
3961 9 780 122 824 176 0
3961 10 1142 0 1204 52 0
3961 8 525 187 575 217 0
3961 7 677 152 706 183 0
3962 4 253 177 351 289 0
3962 5 1298 0 1344 46 0
3962 9 784 137 829 177 0
3962 10 1142 0 1201 73 0
3962 8 532 200 585 229 0
3962 7 677 168 712 199 0
3963 4 255 181 350 289 0
3963 5 1295 0 1342 56 0
3963 9 789 143 831 181 0
3963 10 1141 0 1198 73 0
3963 8 536 207 585 236 0
3963 7 681 173 716 203 0
3964 4 255 186 351 288 0
3964 5 1294 0 1344 54 0
3964 9 790 143 833 183 0
3964 10 1136 0 1194 73 0
3964 8 542 211 590 240 0
3964 7 686 180 718 212 0
3965 4 253 184 351 286 0
3965 5 1292 0 1343 52 0
3965 9 788 149 831 187 0
3965 10 1136 2 1197 84 0
3965 8 542 211 590 240 0
3965 7 688 179 721 212 0
3966 4 257 192 353 296 0
3966 5 1294 0 1340 56 0
3966 9 796 148 833 187 0
3966 10 1136 6 1190 85 0
3966 8 549 217 599 244 0
3966 7 691 178 724 211 0
3967 4 255 190 352 298 0
3967 5 1292 0 1344 58 0
3967 9 792 147 836 191 0
3967 10 1134 6 1190 79 0
3967 8 549 217 599 244 0
3967 7 691 178 724 211 0
3968 4 260 188 353 295 0
3968 5 1292 0 1344 58 0
3968 9 796 146 837 186 0
3968 10 1134 6 1190 79 0
3968 8 553 216 608 244 0
3968 7 695 178 730 209 0
3969 4 259 189 352 292 0
3969 5 1292 0 1344 58 0
3969 9 794 143 836 182 0
3969 10 1130 6 1190 79 0
3969 8 557 211 607 243 0
3969 7 696 178 729 209 0
3970 4 256 188 352 294 0
3970 5 1292 0 1344 58 0
3970 9 794 140 837 183 0
3970 10 1130 6 1185 79 0
3970 8 557 211 607 243 0
3970 7 696 178 729 209 0
3971 4 256 188 350 293 0
3971 5 1292 0 1344 58 0
3971 9 795 138 838 183 0
3971 10 1124 6 1185 79 0
3971 8 562 210 612 246 0
3971 7 702 177 735 209 0
3972 4 256 188 350 293 0
3972 5 1292 0 1344 58 0
3972 9 795 137 840 182 0
3972 10 1124 6 1185 79 0
3972 8 564 208 615 241 0
3972 7 704 174 738 204 0
3973 4 257 180 349 287 0
3973 5 1291 0 1344 50 0
3973 9 796 132 839 184 0
3973 10 1124 6 1185 69 0
3973 8 566 205 619 236 0
3973 7 706 170 741 197 0
3974 4 255 181 351 280 0
3974 5 1293 0 1338 50 0
3974 9 796 128 842 175 0
3974 10 1119 6 1174 69 0
3974 8 570 203 621 227 0
3974 7 710 163 746 205 0
3975 4 252 176 353 278 0
3975 5 1289 0 1338 46 0
3975 9 796 130 844 171 0
3975 10 1119 6 1174 69 0
3975 8 570 203 621 227 0
3975 7 710 163 746 205 0
3976 4 256 171 351 276 0
3976 5 1298 0 1345 33 0
3976 9 804 120 846 171 0
3976 10 1119 0 1174 60 0
3976 8 576 184 631 220 0
3976 7 719 151 755 205 0
3977 4 259 160 351 262 0
3977 5 1298 0 1345 33 0
3977 9 806 116 848 172 0
3977 10 1119 0 1174 50 0
3977 8 581 180 631 212 0
3977 7 725 149 757 197 0
3978 4 258 162 350 266 0
3978 5 1298 0 1345 33 0
3978 9 806 118 848 174 0
3978 10 1119 0 1174 50 0
3978 8 581 180 631 212 0
3978 7 725 149 757 197 0
3979 4 261 154 352 253 0
3979 5 1306 0 1345 19 0
3979 9 811 104 853 149 0
3979 10 1119 0 1174 43 0
3979 8 586 168 639 204 0
3979 7 733 139 766 183 0
3980 4 260 154 351 261 0
3980 5 1306 0 1345 19 0
3980 9 814 112 853 153 0
3980 10 1119 0 1174 43 0
3980 8 589 168 638 204 0
3980 7 738 132 772 179 0
3981 4 261 143 354 250 0
3981 9 814 99 860 144 0
3981 10 1119 0 1178 39 0
3981 8 598 159 647 191 0
3981 7 743 125 778 175 0
3982 4 262 144 357 251 0
3982 9 814 102 856 139 0
3982 10 1119 0 1178 39 0
3982 8 598 159 647 191 0
3982 7 743 125 778 175 0
3983 4 260 137 352 240 0
3983 9 818 96 860 139 0
3983 10 1119 0 1178 30 0
3983 8 606 150 655 180 0
3983 7 752 112 784 160 0
3984 4 262 130 355 237 0
3984 9 822 90 864 140 0
3984 10 1119 0 1178 30 0
3984 8 606 143 655 180 0
3984 7 751 112 787 157 0
3985 4 261 132 357 240 0
3985 9 824 87 864 138 0
3985 10 1119 0 1178 30 0
3985 8 606 143 655 180 0
3985 7 751 112 787 157 0
3986 4 260 122 353 231 0
3986 9 826 85 867 128 0
3986 10 1119 0 1178 20 0
3986 8 616 137 662 175 0
3986 7 760 98 796 147 0
3987 4 261 126 353 235 0
3987 9 826 81 865 128 0
3987 10 1119 0 1178 20 0
3987 8 616 137 666 175 0
3987 7 760 98 796 147 0
3988 4 262 114 357 226 0
3988 9 826 70 867 119 0
3988 10 1128 0 1178 14 0
3988 8 623 126 671 161 0
3988 7 764 90 797 136 0
3989 4 260 114 354 223 0
3989 9 826 66 872 112 0
3989 8 630 122 677 155 0
3989 7 766 83 801 134 0
3990 4 259 114 351 222 0
3990 9 825 73 868 116 0
3990 8 630 122 677 155 0
3990 7 766 86 803 132 0
3991 4 255 101 347 215 0
3991 9 824 56 867 104 0
3991 8 630 111 677 142 0
3991 7 767 70 804 116 0
3992 4 254 102 347 206 0
3992 9 821 56 867 102 0
3992 8 630 111 677 142 0
3992 7 767 70 804 116 0
3993 4 240 76 324 184 0
3993 9 817 32 855 85 0
3993 8 625 86 675 116 0
3993 7 760 44 793 90 0
3994 4 239 72 324 186 0
3994 9 813 31 850 79 0
3994 8 625 86 675 116 0
3994 7 760 44 793 90 0
3995 4 184 24 265 129 0
3995 9 781 3 825 38 0
3995 8 591 36 642 66 0
3995 7 727 0 762 58 0
3996 4 184 24 271 139 0
3996 9 781 3 825 38 0
3996 8 591 36 642 66 0
3996 7 727 0 762 58 0
3997 4 116 2 209 51 0
3998 4 116 2 209 51 0
5294 4 197 52 280 138 0
5294 6 766 24 802 66 0
5294 9 1082 0 1148 27 0
5294 10 330 45 413 124 0
5294 8 911 0 973 30 0
5295 4 197 52 280 138 0
5295 6 766 24 802 66 0
5295 9 1082 0 1148 27 0
5295 10 330 45 413 124 0
5295 8 911 0 973 30 0
5296 4 311 202 388 285 0
5296 6 835 156 877 189 0
5296 9 1138 82 1197 141 0
5296 10 448 178 512 244 0
5296 8 962 97 1017 146 0
5296 7 1351 23 1404 61 0
5297 4 358 261 417 329 0
5297 6 866 200 906 236 0
5297 9 1175 130 1230 196 0
5297 10 489 230 550 309 0
5297 8 1003 141 1043 200 0
5297 7 1375 74 1426 114 0
5298 4 358 261 417 329 0
5298 6 866 200 906 236 0
5298 9 1175 130 1230 196 0
5298 10 489 230 550 309 0
5298 8 1003 141 1043 200 0
5298 7 1375 74 1426 114 0
5299 4 415 370 461 423 0
5299 6 907 289 938 327 0
5299 9 1208 215 1254 263 0
5299 10 548 333 605 403 0
5299 8 1038 230 1084 292 0
5299 7 1408 161 1457 205 0
5300 4 428 415 477 461 0
5300 6 914 330 943 370 0
5300 9 1208 254 1261 303 0
5300 10 563 374 625 435 0
5300 8 1038 274 1091 335 0
5300 7 1408 196 1469 249 0
5301 4 428 415 477 461 0
5301 6 914 330 943 370 0
5301 9 1208 254 1261 303 0
5301 10 563 374 625 435 0
5301 8 1038 274 1091 335 0
5301 7 1408 196 1469 249 0
5302 4 448 489 492 535 0
5302 6 929 400 960 435 0
5302 9 1221 324 1263 372 0
5302 10 585 444 647 510 0
5302 8 1051 339 1099 394 0
5302 7 1412 272 1467 323 0
5303 4 448 522 494 562 0
5303 6 936 433 974 466 0
5303 9 1221 365 1263 414 0
5303 10 600 476 655 542 0
5303 8 1051 379 1102 434 0
5303 7 1412 304 1469 357 0
5304 4 448 522 494 562 0
5304 6 936 433 974 466 0
5304 9 1221 365 1263 414 0
5304 10 600 476 655 542 0
5304 8 1051 379 1102 434 0
5304 7 1412 304 1469 357 0
5305 4 472 592 510 640 0
5305 6 951 507 995 545 0
5305 9 1243 450 1287 496 0
5305 10 626 553 688 612 0
5305 8 1068 459 1121 510 0
5305 7 1430 392 1483 428 0
5306 4 480 620 522 673 0
5306 6 973 540 1004 576 0
5306 9 1240 472 1291 525 0
5306 10 642 575 712 639 0
5306 8 1084 494 1130 555 0
5306 7 1439 416 1494 465 0
5307 4 480 620 522 673 0
5307 6 973 540 1004 576 0
5307 9 1240 472 1291 525 0
5307 10 642 575 712 639 0
5307 8 1084 494 1130 555 0
5307 7 1439 416 1494 465 0
5308 4 502 668 542 716 0
5308 6 992 592 1021 627 0
5308 9 1267 529 1309 577 0
5308 10 689 629 740 682 0
5308 8 1099 548 1150 607 0
5308 11 0 718 52 816 0
5308 7 1469 479 1517 530 0
5309 4 502 668 542 716 0
5309 6 992 592 1021 627 0
5309 9 1267 529 1309 577 0
5309 10 689 629 740 682 0
5309 8 1099 548 1150 607 0
5309 11 0 718 52 816 0
5309 7 1469 479 1517 530 0
5310 4 522 696 557 755 0
5310 6 1010 620 1048 668 0
5310 9 1284 566 1333 617 0
5310 10 722 655 777 716 0
5310 8 1112 585 1171 657 0
5310 11 2 742 100 836 0
5310 7 1489 520 1546 577 0
5311 4 542 714 580 760 0
5311 6 1031 648 1069 686 0
5311 9 1299 585 1358 629 0
5311 10 751 666 804 719 0
5311 8 1134 609 1187 664 0
5311 11 34 753 130 847 0
5311 7 1504 537 1563 588 0
5312 4 559 725 586 784 0
5312 6 1047 648 1091 688 0
5312 9 1316 585 1375 647 0
5312 10 785 666 827 725 0
5312 8 1155 622 1210 677 0
5312 11 73 753 163 851 0
5312 7 1528 555 1585 601 0
5313 4 573 735 606 790 0
5313 6 1047 648 1091 688 0
5313 9 1316 585 1375 647 0
5313 10 785 666 827 725 0
5313 8 1155 622 1210 677 0
5313 11 73 753 163 851 0
5313 7 1528 555 1585 601 0
5314 4 587 746 625 797 0
5314 6 1082 675 1120 708 0
5314 9 1352 612 1416 674 0
5314 10 831 685 880 733 0
5314 8 1193 637 1248 696 0
5314 11 137 770 225 858 0
5314 7 1565 570 1626 621 0
5315 4 591 746 626 797 0
5315 6 1099 675 1135 708 0
5315 9 1365 618 1416 675 0
5315 10 848 685 897 738 0
5315 8 1201 642 1249 695 0
5315 11 160 770 246 858 0
5315 7 1582 570 1639 636 0
5316 4 591 751 631 807 0
5316 6 1099 675 1135 708 0
5316 9 1365 618 1416 675 0
5316 10 848 685 897 738 0
5316 8 1201 642 1249 695 0
5316 11 160 770 246 858 0
5316 7 1582 570 1639 636 0
5317 4 591 757 637 818 0
5317 6 1099 683 1141 732 0
5317 9 1378 633 1442 694 0
5317 10 866 696 914 757 0
5317 8 1227 651 1289 717 0
5317 11 193 770 274 858 0
5317 7 1587 590 1657 649 0
5318 4 591 757 637 818 0
5318 6 1112 688 1143 732 0
5318 9 1388 633 1443 694 0
5318 10 877 696 928 757 0
5318 8 1227 651 1288 717 0
5318 11 197 775 285 863 0
5318 7 1595 590 1657 649 0
5319 4 591 757 637 818 0
5319 6 1112 688 1143 732 0
5319 9 1388 633 1443 694 0
5319 10 877 696 928 757 0
5319 8 1227 651 1288 717 0
5319 11 197 775 285 863 0
5319 7 1595 590 1657 649 0
5320 4 579 773 625 824 0
5320 6 1114 699 1156 741 0
5320 9 1388 642 1443 693 0
5320 10 886 710 945 761 0
5320 8 1227 668 1288 717 0
5320 11 213 775 301 869 0
5320 7 1595 600 1657 662 0
5321 4 578 773 618 826 0
5321 6 1114 699 1156 741 0
5321 9 1388 642 1443 693 0
5321 10 886 710 945 761 0
5321 8 1227 668 1288 717 0
5321 11 228 775 314 869 0
5321 7 1595 600 1657 662 0
5322 4 576 773 611 828 0
5322 6 1116 707 1152 749 0
5322 9 1386 649 1443 704 0
5322 10 886 714 952 767 0
5322 8 1225 674 1269 731 0
5322 11 228 775 320 873 0
5322 7 1597 603 1654 671 0
5323 4 576 773 611 828 0
5323 6 1116 707 1152 749 0
5323 9 1386 649 1443 704 0
5323 10 886 714 952 767 0
5323 8 1225 674 1269 731 0
5323 11 228 775 320 873 0
5323 7 1597 603 1654 671 0
5324 4 557 773 595 828 0
5324 6 1099 699 1143 747 0
5324 9 1382 649 1443 704 0
5324 10 892 714 953 767 0
5324 8 1225 664 1284 730 0
5324 11 245 775 320 873 0
5324 7 1587 603 1646 671 0
5325 4 557 773 595 828 0
5325 6 1099 699 1143 747 0
5325 9 1382 649 1443 704 0
5325 10 892 714 953 767 0
5325 8 1225 664 1284 730 0
5325 11 245 775 320 873 0
5325 7 1587 603 1646 671 0
5326 4 530 755 568 816 0
5326 6 1081 686 1129 728 0
5326 9 1360 635 1419 690 0
5326 10 877 701 936 747 0
5326 8 1210 653 1265 715 0
5326 11 234 747 317 843 0
5326 7 1565 594 1614 649 0
5327 4 509 740 551 797 0
5327 6 1068 668 1110 710 0
5327 9 1347 612 1398 680 0
5327 10 870 681 921 738 0
5327 8 1190 637 1262 699 0
5327 11 223 718 304 821 0
5327 7 1543 575 1602 637 0
5328 4 509 740 551 797 0
5328 6 1068 668 1110 710 0
5328 9 1347 612 1398 680 0
5328 10 870 681 921 738 0
5328 8 1190 637 1262 699 0
5328 11 223 718 304 821 0
5328 7 1543 575 1602 637 0
5329 4 465 696 514 744 0
5329 6 1036 637 1085 679 0
5329 9 1310 587 1369 642 0
5329 10 844 642 893 695 0
5329 8 1158 600 1224 670 0
5329 11 193 674 285 770 0
5329 7 1513 548 1564 610 0
5330 4 465 696 514 744 0
5330 6 1036 637 1085 679 0
5330 9 1310 587 1369 642 0
5330 10 844 642 893 695 0
5330 8 1158 600 1224 670 0
5330 11 193 674 285 770 0
5330 7 1513 548 1564 610 0
5331 4 428 659 474 701 0
5331 6 1012 609 1047 644 0
5331 9 1280 557 1339 618 0
5331 10 822 601 877 652 0
5331 8 1138 577 1199 636 0
5331 11 165 620 257 718 0
5331 7 1482 526 1535 592 0
5332 4 402 637 451 686 0
5332 6 996 592 1031 636 0
5332 9 1269 546 1328 607 0
5332 10 805 585 864 636 0
5332 8 1127 570 1176 625 0
5332 11 154 601 255 687 0
5332 7 1463 518 1514 577 0
5333 4 402 637 451 686 0
5333 6 996 592 1031 636 0
5333 9 1269 546 1328 607 0
5333 10 805 585 864 636 0
5333 8 1127 570 1176 625 0
5333 11 154 601 255 687 0
5333 7 1463 518 1514 577 0
5334 4 369 609 430 666 0
5334 6 970 570 1018 606 0
5334 9 1247 526 1300 583 0
5334 10 787 563 844 614 0
5334 8 1103 540 1151 599 0
5334 11 141 564 233 650 0
5334 7 1439 503 1490 560 0
5335 4 369 609 430 666 0
5335 6 970 570 1018 606 0
5335 9 1247 526 1300 583 0
5335 10 787 563 844 614 0
5335 8 1103 540 1151 599 0
5335 11 141 564 233 650 0
5335 7 1439 503 1490 560 0
5336 4 343 575 394 623 0
5336 6 959 540 1001 569 0
5336 9 1238 494 1291 547 0
5336 10 787 524 833 579 0
5336 8 1092 514 1138 562 0
5336 11 128 526 226 620 0
5336 7 1417 466 1476 530 0
5337 4 343 575 394 623 0
5337 6 959 540 1001 569 0
5337 9 1238 494 1291 547 0
5337 10 787 524 833 579 0
5337 8 1092 514 1138 562 0
5337 11 128 526 226 620 0
5337 7 1417 466 1476 530 0
5338 4 315 526 376 577 0
5338 6 947 476 980 518 0
5338 9 1214 437 1269 499 0
5338 10 774 470 825 532 0
5338 8 1062 457 1113 510 0
5338 11 123 472 213 560 0
5338 7 1402 411 1453 464 0
5339 4 293 489 346 548 0
5339 6 931 448 966 475 0
5339 9 1206 392 1252 447 0
5339 10 764 435 810 496 0
5339 8 1055 416 1093 473 0
5339 11 102 440 198 513 0
5339 7 1384 365 1439 413 0
5340 4 293 489 346 548 0
5340 6 931 448 966 475 0
5340 9 1206 392 1252 447 0
5340 10 764 435 810 496 0
5340 8 1055 416 1093 473 0
5340 11 102 440 198 513 0
5340 7 1384 365 1439 413 0
5341 4 215 385 277 442 0
5341 6 892 311 928 340 0
5341 9 1153 276 1212 318 0
5341 10 726 322 775 381 0
5341 8 996 296 1053 349 0
5341 11 45 326 137 401 0
5341 7 1336 228 1393 300 0
5342 4 171 300 233 361 0
5342 6 892 311 928 340 0
5342 9 1153 276 1212 318 0
5342 10 726 322 775 381 0
5342 8 996 296 1053 349 0
5342 11 45 326 137 401 0
5342 7 1336 228 1393 300 0
5343 4 126 215 188 281 0
5343 6 827 141 862 179 0
5343 9 1103 97 1164 148 0
5343 10 659 148 727 201 0
5343 8 933 117 988 170 0
5343 11 1 163 76 244 0
5343 7 1295 58 1344 111 0
5344 4 65 148 116 221 0
5344 6 798 100 844 125 0
5344 9 1070 23 1129 89 0
5344 10 637 82 692 131 0
5344 8 920 45 971 111 0
5344 7 1269 0 1328 43 0
5345 4 65 148 116 221 0
5345 6 798 100 844 125 0
5345 9 1070 23 1129 89 0
5345 10 637 82 692 131 0
5345 8 920 45 971 111 0
5345 7 1269 0 1328 43 0
5346 6 751 0 787 29 0
5346 10 592 6 643 54 0
5346 8 855 0 912 31 0
5347 6 729 0 771 22 0
5352 6 696 0 727 22 0
5353 6 694 0 730 26 0
5354 6 692 0 728 44 0
5354 10 544 4 603 29 0
5354 8 822 0 870 20 0
5355 6 694 22 728 62 0
5355 10 552 0 607 51 0
5355 8 810 6 874 35 0
5356 6 692 14 725 56 0
5356 10 550 0 610 48 0
5356 8 818 0 869 44 0
5357 6 692 28 736 66 0
5357 9 976 0 1028 23 0
5357 10 563 17 612 71 0
5357 8 818 0 869 44 0
5357 11 0 50 34 130 0
5358 6 697 34 736 73 0
5358 9 972 0 1031 34 0
5358 10 568 24 618 76 0
5358 8 818 0 869 44 0
5358 11 0 51 45 138 0
5359 6 698 38 736 71 0
5359 9 968 0 1033 38 0
5359 10 568 29 615 79 0
5359 8 818 0 876 51 0
5359 11 0 52 46 146 0
5360 6 702 51 732 86 0
5360 9 976 6 1036 50 0
5360 10 572 38 617 94 0
5360 8 818 0 876 51 0
5360 11 0 53 73 150 0
5361 6 701 51 733 89 0
5361 9 974 0 1028 44 0
5361 10 568 35 619 90 0
5361 8 818 0 881 60 0
5361 11 0 54 74 152 0
5362 6 694 64 728 102 0
5362 9 968 2 1023 49 0
5362 10 565 41 611 100 0
5362 8 818 5 876 64 0
5362 11 0 54 89 150 0
5363 6 692 47 725 91 0
5363 9 964 0 1019 50 0
5363 10 556 42 601 97 0
5363 8 806 5 863 69 0
5363 11 0 54 89 150 0
5364 6 688 55 725 89 0
5364 9 967 0 1020 50 0
5364 10 558 50 604 104 0
5364 8 806 5 863 69 0
5364 11 0 54 89 150 0
5365 6 676 46 712 87 0
5365 9 951 0 1010 46 0
5365 10 543 42 591 95 0
5365 8 794 5 854 69 0
5365 11 0 43 100 149 0
5366 6 681 47 711 88 0
5366 9 951 0 1010 46 0
5366 10 538 41 586 96 0
5366 8 794 5 854 69 0
5366 11 0 43 100 149 0
5367 6 662 38 694 74 0
5367 9 934 0 998 34 0
5367 10 524 23 570 71 0
5367 8 778 5 834 53 0
5367 11 0 15 101 130 0
5368 6 652 28 686 60 0
5368 9 934 0 991 17 0
5368 10 513 16 559 62 0
5368 8 764 5 824 40 0
5368 11 0 15 97 107 0
5369 6 646 17 680 56 0
5369 10 507 6 549 55 0
5369 8 764 5 819 33 0
5369 11 0 15 102 107 0
5370 6 646 15 678 54 0
5370 10 504 10 556 55 0
5370 8 764 5 819 33 0
5370 11 0 15 102 107 0
5371 6 639 7 674 48 0
5371 10 502 2 552 53 0
5371 8 764 5 814 31 0
5371 11 5 10 123 107 0
5372 6 643 16 672 44 0
5372 10 503 4 550 51 0
5372 8 759 5 811 32 0
5372 11 5 10 123 101 0
5373 6 640 14 669 50 0
5373 10 503 6 551 57 0
5373 8 755 5 808 33 0
5373 11 25 3 143 100 0
5374 6 639 11 672 49 0
5374 10 504 8 553 55 0
5374 8 750 5 809 33 0
5374 11 37 3 156 92 0
5375 6 637 16 674 55 0
5375 10 504 8 554 57 0
5375 8 744 5 808 33 0
5375 11 37 3 146 92 0
5376 6 638 12 670 49 0
5376 10 508 8 556 59 0
5376 8 744 5 805 29 0
5376 11 56 3 165 82 0
5377 6 638 14 667 53 0
5377 10 506 6 556 56 0
5377 8 744 5 805 29 0
5377 11 56 3 165 82 0
5378 6 644 10 676 42 0
5378 10 524 0 566 50 0
5378 8 744 5 805 29 0
5378 11 73 3 180 68 0
5379 6 647 14 671 43 0
5379 10 526 0 568 50 0
5379 8 744 5 805 29 0
5379 11 84 3 193 63 0
5380 6 646 2 678 41 0
5380 10 524 2 572 46 0
5380 8 744 5 805 29 0
5380 11 84 3 193 63 0
5381 6 651 7 683 32 0
5381 10 534 0 576 41 0
5381 8 744 5 805 29 0
5381 11 115 3 207 47 0
5382 6 651 1 683 33 0
5382 10 539 0 582 33 0
5382 8 750 5 806 29 0
5382 11 124 3 219 49 0
5383 6 662 10 696 44 0
5383 10 539 0 582 33 0
5383 8 750 5 806 29 0
5383 11 124 3 219 49 0
5384 6 658 0 687 28 0
5384 10 544 0 590 32 0
5384 8 750 5 806 24 0
5384 11 143 1 236 49 0
5385 6 658 0 687 28 0
5385 10 544 0 590 32 0
5385 8 750 5 806 24 0
5385 11 143 1 236 49 0
5386 6 648 0 678 24 0
5386 10 544 0 581 23 0
5386 11 154 1 245 40 0
5387 6 648 0 672 24 0
5387 10 544 0 581 23 0
5387 11 154 1 245 40 0
5388 6 648 0 672 24 0
5388 10 544 0 581 23 0
5388 11 154 1 245 40 0
5389 6 637 0 666 24 0
5389 10 539 0 578 19 0
5389 11 157 1 250 48 0
5390 6 637 0 666 24 0
5390 10 539 0 578 19 0
5390 11 157 1 250 48 0
5391 6 635 0 661 17 0
5391 10 529 0 577 10 0
5391 11 157 1 250 48 0
5392 6 635 0 661 17 0
5392 10 529 0 577 10 0
5392 11 157 1 250 48 0
5393 6 629 0 658 12 0
5393 11 168 1 251 48 0
5394 11 168 1 251 48 0
5395 11 177 1 261 33 0
5396 11 177 1 261 33 0
5397 11 177 1 261 33 0
5398 6 626 0 649 15 0
5398 11 192 1 267 24 0
5399 6 626 0 658 22 0
5399 10 534 1 573 13 0
5399 11 192 1 267 24 0
5400 6 621 4 651 26 0
5400 10 536 5 573 20 0
5400 11 192 1 272 26 0
5401 6 628 0 652 24 0
5401 10 532 1 577 27 0
5401 11 200 1 277 29 0
5402 6 626 8 654 41 0
5402 10 538 1 580 40 0
5402 11 200 1 287 34 0
5403 6 620 17 657 47 0
5403 10 544 15 584 53 0
5403 11 205 1 293 48 0
5404 6 625 20 657 48 0
5404 10 542 8 586 51 0
5404 8 715 1 784 39 0
5404 11 205 1 293 48 0
5405 6 633 59 667 84 0
5405 9 904 0 986 48 0
5405 10 556 46 595 85 0
5405 8 723 2 786 60 0
5405 11 224 5 312 79 0
5406 6 630 53 662 82 0
5406 9 906 0 984 50 0
5406 10 554 41 594 89 0
5406 8 726 3 793 72 0
5406 11 236 24 322 99 0
5407 6 648 94 672 119 0
5407 9 923 21 991 94 0
5407 10 565 78 606 129 0
5407 8 729 51 799 115 0
5407 11 247 44 331 119 0
5407 7 1089 1 1140 48 0
5408 6 644 107 677 136 0
5408 9 922 42 987 112 0
5408 10 572 98 609 141 0
5408 8 732 64 804 129 0
5408 11 256 60 342 135 0
5408 7 1089 11 1140 68 0
5409 6 649 110 675 140 0
5409 9 923 42 985 108 0
5409 10 570 94 607 140 0
5409 8 736 69 801 128 0
5409 11 256 60 342 135 0
5409 7 1089 11 1140 68 0
5410 6 655 146 678 176 0
5410 9 924 85 990 155 0
5410 10 581 142 623 179 0
5410 8 739 105 808 166 0
5410 11 281 109 363 178 0
5410 7 1089 51 1140 111 0
5411 6 656 151 681 179 0
5411 9 928 84 990 143 0
5411 10 584 144 624 186 0
5411 8 742 106 804 166 0
5411 11 281 109 363 178 0
5411 7 1089 51 1140 111 0
5412 6 652 184 682 208 0
5412 9 929 116 991 180 0
5412 10 595 178 625 219 0
5412 8 746 141 803 194 0
5412 11 304 146 383 216 0
5412 7 1089 85 1140 150 0
5413 6 655 196 680 228 0
5413 9 928 134 990 196 0
5413 10 596 188 630 229 0
5413 8 749 154 806 218 0
5413 11 313 159 390 236 0
5413 7 1083 101 1134 162 0
5414 6 652 191 682 229 0
5414 9 929 133 994 185 0
5414 10 595 191 635 239 0
5414 8 742 156 819 215 0
5414 11 313 159 390 236 0
5414 7 1083 101 1134 162 0
5415 6 649 214 677 253 0
5415 9 924 154 981 218 0
5415 10 594 215 637 253 0
5415 8 743 181 808 238 0
5415 11 330 192 404 263 0
5415 7 1080 127 1126 192 0
5416 6 646 220 678 262 0
5416 9 920 161 981 227 0
5416 10 596 223 633 262 0
5416 8 744 197 804 250 0
5416 11 330 200 414 277 0
5416 7 1073 136 1120 197 0
5417 6 646 220 678 262 0
5417 9 924 161 984 218 0
5417 10 600 228 636 268 0
5417 8 747 196 806 248 0
5417 11 330 200 414 277 0
5417 7 1071 141 1115 202 0
5418 6 647 243 664 276 0
5418 9 918 177 973 232 0
5418 10 598 236 639 273 0
5418 8 734 198 796 258 0
5418 11 341 213 419 291 0
5418 7 1068 147 1110 207 0
5419 6 647 254 667 277 0
5419 9 918 181 975 242 0
5419 10 600 238 638 287 0
5419 8 742 207 805 262 0
5419 11 346 218 421 295 0
5419 7 1059 147 1110 212 0
5420 6 642 264 663 288 0
5420 9 915 181 970 237 0
5420 10 601 245 637 284 0
5420 8 734 213 798 274 0
5420 11 349 223 433 303 0
5420 7 1059 154 1101 220 0
5421 6 642 264 663 288 0
5421 9 911 184 970 250 0
5421 10 604 248 642 288 0
5421 8 734 209 798 277 0
5421 11 349 226 431 306 0
5421 7 1058 154 1101 220 0
5422 6 626 264 652 292 0
5422 9 902 179 959 247 0
5422 10 598 250 623 292 0
5422 8 724 236 770 286 0
5422 11 349 229 428 308 0
5422 7 1045 160 1091 220 0
5423 6 626 264 651 292 0
5423 9 904 191 957 252 0
5423 10 600 254 634 297 0
5423 8 717 225 783 284 0
5423 11 349 229 428 308 0
5423 7 1041 160 1085 233 0
5424 6 626 264 651 292 0
5424 9 901 184 954 253 0
5424 10 602 256 636 294 0
5424 8 730 240 774 290 0
5424 11 349 229 428 308 0
5424 7 1041 160 1085 233 0
5425 9 888 197 944 253 0
5425 10 584 263 631 298 0
5425 8 710 234 775 290 0
5425 11 349 236 426 315 0
5425 7 1027 172 1073 238 0
5426 9 884 202 941 266 0
5426 10 586 261 627 307 0
5426 8 708 258 754 308 0
5426 11 349 240 426 315 0
5426 7 1024 175 1071 240 0
5427 9 887 204 940 259 0
5427 10 592 266 630 306 0
5427 8 708 236 771 293 0
5427 11 349 240 426 315 0
5427 7 1022 178 1069 241 0
5428 9 887 202 940 267 0
5428 10 592 267 627 305 0
5428 8 702 247 770 298 0
5428 11 359 240 433 320 0
5428 7 1019 182 1067 243 0
5429 9 888 204 939 269 0
5429 10 590 265 633 304 0
5429 8 698 243 771 296 0
5429 11 367 243 440 322 0
5429 7 1021 182 1067 246 0
5430 9 888 207 949 269 0
5430 10 599 277 638 310 0
5430 8 701 249 775 304 0
5430 11 375 246 448 324 0
5430 7 1023 182 1067 250 0
5431 9 892 213 949 275 0
5431 10 604 280 642 320 0
5431 8 712 254 771 302 0
5431 11 385 252 454 320 0
5431 7 1027 192 1075 253 0
5432 9 888 217 947 275 0
5432 10 602 280 642 320 0
5432 8 707 254 775 306 0
5432 11 385 252 454 320 0
5432 7 1030 197 1079 261 0
5433 9 904 228 963 293 0
5433 10 608 292 652 327 0
5433 8 712 267 785 317 0
5433 11 399 264 479 341 0
5433 7 1033 201 1083 269 0
5434 9 905 228 957 292 0
5434 10 614 292 654 332 0
5434 8 710 267 781 322 0
5434 11 399 264 479 341 0
5434 7 1033 201 1083 269 0
5435 9 918 241 970 300 0
5435 10 630 313 665 341 0
5435 8 725 281 799 328 0
5435 11 426 277 496 355 0
5435 7 1049 220 1096 276 0
5436 9 929 249 980 305 0
5436 10 633 311 677 349 0
5436 8 735 283 808 338 0
5436 11 439 286 504 361 0
5436 7 1058 220 1106 281 0
5437 9 929 235 985 310 0
5437 10 634 318 674 360 0
5437 8 734 285 808 342 0
5437 11 439 286 508 361 0
5437 7 1058 220 1106 281 0
5438 9 938 243 998 309 0
5438 10 651 317 693 354 0
5438 8 747 286 820 341 0
5438 11 467 286 536 360 0
5438 7 1080 220 1123 279 0
5439 9 941 249 997 314 0
5439 10 656 316 696 354 0
5439 8 748 288 816 339 0
5439 11 467 286 536 360 0
5439 7 1080 220 1123 279 0
5440 9 951 255 1011 316 0
5440 10 662 320 701 350 0
5440 8 760 291 831 343 0
5440 11 488 295 554 361 0
5440 7 1094 220 1140 282 0
5441 9 955 259 1012 319 0
5441 10 672 322 702 352 0
5441 8 798 312 842 366 0
5441 11 488 301 559 370 0
5441 7 1095 223 1145 288 0
5442 9 956 255 1007 317 0
5442 10 668 322 704 362 0
5442 8 765 300 831 348 0
5442 11 488 301 559 370 0
5442 7 1098 229 1145 295 0
5443 9 960 269 1013 328 0
5443 10 672 332 702 365 0
5443 8 762 304 832 360 0
5443 11 493 310 563 380 0
5443 7 1100 234 1144 300 0
5444 9 954 262 1015 327 0
5444 10 672 328 708 368 0
5444 8 766 310 835 361 0
5444 11 493 310 563 380 0
5444 7 1100 234 1144 300 0
5445 9 955 274 1016 340 0
5445 10 670 345 707 378 0
5445 8 766 315 831 366 0
5445 11 500 323 562 380 0
5445 7 1100 243 1144 307 0
5446 9 955 278 1013 339 0
5446 10 674 342 706 370 0
5446 8 765 322 833 366 0
5446 11 500 323 567 386 0
5446 7 1103 243 1150 307 0
5447 9 957 276 1010 338 0
5447 10 674 344 708 369 0
5447 8 768 323 832 367 0
5447 11 500 323 565 386 0
5447 7 1103 246 1150 307 0
5448 9 954 276 1011 342 0
5448 10 676 339 715 371 0
5448 8 765 321 831 367 0
5448 11 500 323 568 386 0
5448 7 1103 246 1150 307 0
5449 9 956 277 1010 339 0
5449 10 674 343 707 370 0
5449 8 765 317 831 372 0
5449 11 504 323 568 386 0
5449 7 1103 246 1150 307 0
5450 9 956 272 1010 337 0
5450 10 676 340 705 369 0
5450 8 765 311 829 364 0
5450 11 504 323 568 376 0
5450 7 1103 240 1150 300 0
5451 9 954 268 1008 332 0
5451 10 679 334 707 367 0
5451 8 760 307 828 361 0
5451 11 504 309 568 375 0
5451 7 1098 236 1145 296 0
5452 9 951 266 1010 332 0
5452 10 675 333 707 363 0
5452 8 766 312 828 363 0
5452 11 504 309 568 375 0
5452 7 1098 236 1145 296 0
5453 9 950 258 1005 325 0
5453 10 675 330 704 357 0
5453 8 758 301 823 356 0
5453 11 501 309 568 365 0
5453 7 1093 226 1139 290 0
5454 9 952 259 1007 325 0
5454 10 675 328 706 356 0
5454 8 757 304 823 353 0
5454 11 501 309 568 365 0
5454 7 1093 226 1139 290 0
5455 9 950 252 1008 318 0
5455 10 680 325 708 356 0
5455 8 755 297 817 354 0
5455 11 504 302 570 361 0
5455 7 1088 224 1138 286 0
5456 9 1086 224 1136 288 0
5456 10 668 326 706 364 0
5456 8 772 306 818 358 0
5456 11 508 303 574 361 0
5456 7 1088 224 1138 286 0
5457 9 955 252 1010 314 0
5457 10 683 319 712 352 0
5457 8 752 297 818 347 0
5457 11 512 303 577 360 0
5457 7 1088 224 1138 286 0
5458 9 950 249 1012 317 0
5458 10 683 322 712 351 0
5458 8 752 297 818 348 0
5458 11 516 300 576 359 0
5458 7 1088 220 1134 282 0
5459 9 952 250 1011 315 0
5459 10 681 320 714 353 0
5459 8 751 297 817 348 0
5459 11 518 300 578 359 0
5459 7 1088 220 1134 282 0
5460 9 955 248 1009 313 0
5460 10 683 320 715 346 0
5460 8 751 297 810 347 0
5460 11 525 300 583 359 0
5460 7 1082 220 1131 279 0
5461 9 955 247 1014 314 0
5461 10 683 318 713 348 0
5461 8 747 300 812 347 0
5461 11 525 300 583 359 0
5461 7 1082 220 1131 279 0
5462 9 956 250 1011 315 0
5462 10 683 320 713 344 0
5462 8 746 298 809 345 0
5462 11 533 300 592 359 0
5462 7 1081 220 1131 283 0
5463 9 958 254 1010 318 0
5463 10 684 318 714 345 0
5463 8 744 300 810 347 0
5463 11 533 303 592 360 0
5463 7 1081 220 1131 283 0
5464 9 956 243 1013 312 0
5464 10 679 317 708 350 0
5464 8 752 306 800 358 0
5464 11 542 303 596 360 0
5464 7 1071 217 1124 281 0
5465 9 955 248 1007 313 0
5465 10 678 317 708 350 0
5465 8 739 297 799 346 0
5465 11 546 303 600 360 0
5465 7 1071 218 1124 280 0
5466 9 954 249 1012 314 0
5466 10 678 317 708 343 0
5466 8 737 296 796 347 0
5466 11 546 303 600 360 0
5466 7 1071 218 1124 280 0
5467 9 954 254 1006 316 0
5467 10 658 318 696 356 0
5467 8 728 306 776 352 0
5467 11 546 303 600 358 0
5467 7 1066 218 1116 280 0
5468 9 946 241 1003 308 0
5468 10 669 320 697 346 0
5468 8 722 302 782 351 0
5468 11 546 303 600 357 0
5468 7 1062 218 1109 281 0
5469 9 946 247 1007 305 0
5469 10 667 318 696 349 0
5469 8 722 300 783 349 0
5469 11 546 303 600 357 0
5469 7 1062 218 1109 281 0
5470 9 940 245 1000 310 0
5470 10 662 319 688 349 0
5470 8 710 301 768 351 0
5470 11 546 303 600 357 0
5470 7 1052 218 1103 283 0
5471 9 934 244 994 310 0
5471 10 654 324 686 354 0
5471 8 718 310 768 364 0
5471 11 546 298 599 356 0
5471 7 1052 218 1103 283 0
5472 9 939 239 999 307 0
5472 10 658 322 690 352 0
5472 8 708 304 765 353 0
5472 11 546 292 598 354 0
5472 7 1046 218 1099 284 0
5473 9 936 241 999 311 0
5473 10 653 322 684 351 0
5473 8 703 300 760 349 0
5473 11 546 285 598 350 0
5473 7 1046 218 1095 282 0
5474 9 935 240 996 308 0
5474 10 656 322 684 351 0
5474 8 705 302 762 351 0
5474 11 542 288 598 350 0
5474 7 1046 218 1095 282 0
5475 9 934 236 994 306 0
5475 10 652 313 680 341 0
5475 8 704 298 750 342 0
5475 11 547 276 601 339 0
5475 7 1037 211 1092 272 0
5476 9 936 226 999 293 0
5476 10 650 305 678 338 0
5476 8 706 286 752 339 0
5476 11 547 269 603 330 0
5476 7 1037 211 1092 272 0
5477 9 938 228 994 296 0
5477 10 650 305 677 336 0
5477 8 707 284 754 339 0
5477 11 548 269 602 333 0
5477 7 1037 211 1092 272 0
5478 9 957 215 1015 281 0
5478 10 668 293 693 321 0
5478 8 724 266 767 327 0
5478 11 574 256 627 317 0
5478 7 1054 195 1103 259 0
5479 9 960 224 1012 284 0
5479 10 662 298 692 330 0
5479 8 718 276 772 334 0
5479 11 574 256 627 317 0
5479 7 1054 195 1103 259 0
5480 9 1096 200 1144 258 0
5480 10 701 286 735 325 0
5480 8 761 257 810 328 0
5480 11 617 247 662 300 0
5480 7 1001 211 1053 275 0
5481 9 1032 222 1082 278 0
5481 10 727 284 762 322 0
5481 8 793 259 842 323 0
5481 11 645 247 696 296 0
5481 7 1125 189 1165 257 0
5482 9 1030 209 1079 278 0
5482 10 737 286 761 316 0
5482 8 788 270 846 326 0
5482 11 680 247 727 297 0
5482 7 1125 191 1165 257 0
5483 9 1089 206 1144 278 0
5483 10 789 287 819 310 0
5483 8 849 264 896 322 0
5483 11 715 247 757 299 0
5483 7 1178 188 1219 254 0
5484 9 1112 207 1163 279 0
5484 10 814 287 849 315 0
5484 8 874 270 921 325 0
5484 11 740 252 787 303 0
5484 7 1202 188 1246 259 0
5485 9 1112 206 1168 277 0
5485 10 818 290 845 311 0
5485 8 870 270 926 326 0
5485 11 761 252 806 305 0
5485 7 1199 188 1246 254 0
5486 9 1146 216 1206 280 0
5486 10 856 285 886 313 0
5486 8 913 261 955 328 0
5486 11 782 252 825 306 0
5486 7 1228 185 1281 253 0
5487 9 1144 214 1202 276 0
5487 10 857 286 885 315 0
5487 8 908 270 960 324 0
5487 11 782 252 825 306 0
5487 7 1228 185 1281 253 0
5488 9 1161 191 1223 265 0
5488 10 872 277 904 301 0
5488 8 931 256 980 315 0
5488 11 796 246 845 303 0
5488 7 1235 176 1289 240 0
5489 9 1154 192 1220 268 0
5489 10 871 273 901 301 0
5489 8 929 246 978 316 0
5489 11 796 246 843 302 0
5489 7 1235 176 1289 240 0
5490 9 1150 175 1216 243 0
5490 10 868 260 900 289 0
5490 8 922 235 974 296 0
5490 11 791 233 832 287 0
5490 7 1223 155 1273 221 0
5491 9 1145 150 1205 226 0
5491 10 864 235 888 276 0
5491 8 918 206 964 269 0
5491 11 777 212 826 265 0
5491 7 1214 134 1261 195 0
5492 9 1142 150 1200 224 0
5492 10 862 242 893 276 0
5492 8 913 206 966 279 0
5492 11 772 201 825 255 0
5492 7 1214 134 1261 195 0
5493 9 1114 50 1174 122 0
5493 8 883 111 937 177 0
5493 7 1185 37 1222 79 0
5494 9 1094 0 1156 57 0
5494 8 853 24 904 99 0
5495 9 1094 0 1156 57 0
5516 8 508 0 568 27 0
5517 8 508 0 560 39 0
5518 9 609 1 693 51 0
5518 8 505 0 561 52 0
5518 11 349 0 404 28 0
5519 9 609 1 693 51 0
5519 8 505 0 561 52 0
5519 11 349 0 404 28 0
5520 9 597 19 680 131 0
5520 8 496 47 561 127 0
5520 11 349 35 396 81 0
5521 9 597 19 680 131 0
5521 8 496 47 561 127 0
5521 11 349 35 396 81 0
5522 9 569 129 637 232 0
5522 8 468 148 533 243 0
5522 11 332 129 388 185 0
5523 9 550 179 614 284 0
5523 8 450 208 519 289 0
5523 11 328 189 372 234 0
5523 7 621 207 668 272 0
5524 9 550 179 614 284 0
5524 8 450 208 519 289 0
5524 11 328 189 372 234 0
5524 7 621 207 668 272 0
5525 9 511 269 590 366 0
5525 8 414 289 494 367 0
5525 11 289 271 341 323 0
5525 7 589 279 639 350 0
5526 9 496 304 583 394 0
5526 8 401 313 482 406 0
5526 11 281 304 335 353 0
5526 7 589 314 630 374 0
5527 9 496 304 583 394 0
5527 8 401 313 482 406 0
5527 11 281 304 335 353 0
5527 7 589 314 630 374 0
5528 9 468 363 543 442 0
5528 8 372 376 443 455 0
5528 11 256 360 316 405 0
5528 7 542 367 607 438 0
5529 9 450 390 525 484 0
5529 8 347 406 421 486 0
5529 11 250 389 299 428 0
5529 7 522 386 591 465 0
5530 9 450 390 525 484 0
5530 8 347 406 421 486 0
5530 11 250 389 299 428 0
5530 7 522 386 591 465 0
5531 9 431 434 512 534 0
5531 8 329 449 397 524 0
5531 11 235 436 282 473 0
5531 7 511 429 569 508 0
5532 9 431 434 512 534 0
5532 8 329 449 397 524 0
5532 11 235 436 282 473 0
5532 7 511 429 565 508 0
5533 5 563 469 580 511 0
5533 9 411 455 495 549 0
5533 8 310 458 383 539 0
5533 11 220 459 267 501 0
5533 7 493 445 561 524 0
5534 5 550 469 580 511 0
5534 9 402 460 482 554 0
5534 8 302 476 378 540 0
5534 11 211 459 261 501 0
5534 7 488 449 556 534 0
5535 5 542 489 578 530 0
5535 9 397 472 482 569 0
5535 8 295 476 371 563 0
5535 11 211 472 261 514 0
5535 7 474 457 543 545 0
5536 5 542 489 577 530 0
5536 9 397 472 482 569 0
5536 8 295 476 371 563 0
5536 11 211 472 261 517 0
5536 7 474 457 540 545 0
5537 5 534 505 571 555 0
5537 9 376 489 465 589 0
5537 8 281 500 356 579 0
5537 11 198 494 250 535 0
5537 7 469 484 528 574 0
5538 5 534 505 571 555 0
5538 9 376 489 465 589 0
5538 8 281 500 356 579 0
5538 11 198 494 250 535 0
5538 7 469 484 528 574 0
5539 5 511 525 557 574 0
5539 9 337 510 427 605 0
5539 8 256 515 326 609 0
5539 11 179 513 230 553 0
5539 7 430 502 503 590 0
5540 5 500 534 552 580 0
5540 9 327 520 415 615 0
5540 8 242 525 317 617 0
5540 11 170 526 221 566 0
5540 7 419 516 492 599 0
5541 5 500 534 552 580 0
5541 9 327 520 415 615 0
5541 8 242 525 317 617 0
5541 11 170 526 221 566 0
5541 7 419 516 492 599 0
5542 5 488 542 538 594 0
5542 9 302 526 392 615 0
5542 8 223 535 297 622 0
5542 11 163 536 212 580 0
5542 7 390 530 466 614 0
5543 5 488 545 538 599 0
5543 9 302 526 387 615 0
5543 8 223 535 297 627 0
5543 11 163 540 207 580 0
5543 7 386 526 466 614 0
5544 5 488 545 538 599 0
5544 9 302 526 387 615 0
5544 8 223 535 297 627 0
5544 11 163 540 207 580 0
5544 7 386 526 466 614 0
5545 5 501 550 553 601 0
5545 9 302 540 387 638 0
5545 8 236 550 297 640 0
5545 11 174 554 225 595 0
5545 7 386 526 466 624 0
5546 5 518 558 560 613 0
5546 9 302 550 387 649 0
5546 8 241 550 297 655 0
5546 11 188 559 235 605 0
5546 7 385 534 464 634 0
5547 5 518 558 560 613 0
5547 9 302 550 387 649 0
5547 8 241 550 297 655 0
5547 11 188 559 235 605 0
5547 7 385 534 464 634 0
5548 5 527 579 578 639 0
5548 9 302 575 387 677 0
5548 8 254 576 308 674 0
5548 11 211 589 251 628 0
5548 7 385 550 474 659 0
5549 5 535 597 584 661 0
5549 9 302 612 387 706 0
5549 8 262 621 307 711 0
5549 11 221 612 251 648 0
5549 7 385 585 474 678 0
5550 5 535 597 584 661 0
5550 9 302 612 387 706 0
5550 8 262 621 307 711 0
5550 11 221 612 251 648 0
5550 7 385 585 474 678 0
5551 5 559 627 601 676 0
5551 9 315 656 386 736 0
5551 8 286 682 330 752 0
5551 11 246 663 290 698 0
5551 7 385 633 473 723 0
5552 5 559 627 601 676 0
5552 9 315 656 386 736 0
5552 8 286 682 330 752 0
5552 11 246 663 290 698 0
5552 7 385 633 473 723 0
5553 5 594 646 640 705 0
5553 9 337 686 427 779 0
5553 11 299 694 336 734 0
5553 7 430 641 503 754 0
5554 5 614 656 659 706 0
5554 9 347 695 440 808 0
5554 11 323 710 354 749 0
5554 7 434 665 523 770 0
5555 5 614 656 659 706 0
5555 9 347 695 440 808 0
5555 11 323 710 354 749 0
5555 7 434 665 523 770 0
5556 5 670 665 714 717 0
5556 9 402 714 486 814 0
5556 7 476 680 565 779 0
5557 5 670 665 714 717 0
5557 9 402 714 486 814 0
5557 7 476 680 565 779 0
5558 5 713 661 757 716 0
5558 9 426 714 525 817 0
5558 7 513 685 602 780 0
5559 5 733 660 778 710 0
5559 9 452 711 526 818 0
5559 7 534 690 619 782 0
5560 5 733 660 778 710 0
5560 9 452 711 526 818 0
5560 7 534 690 619 782 0
5561 5 790 660 831 723 0
5561 9 481 710 569 818 0
5561 7 575 685 651 782 0
5562 5 817 660 852 724 0
5562 9 498 710 598 818 0
5562 7 600 689 688 782 0
5563 5 849 665 886 724 0
5563 9 518 705 621 818 0
5563 7 626 676 705 781 0
5564 5 849 665 886 724 0
5564 9 518 705 621 818 0
5564 7 626 676 705 781 0
5565 5 898 665 940 724 0
5565 9 545 703 663 811 0
5565 8 650 695 699 775 0
5565 7 686 677 756 781 0
5566 5 898 665 940 724 0
5566 9 551 703 663 811 0
5566 8 650 695 699 775 0
5566 7 686 677 756 781 0
5567 5 959 671 991 723 0
5567 9 580 703 685 811 0
5567 7 714 682 803 781 0
5568 5 981 671 1023 723 0
5568 9 607 703 707 819 0
5568 7 747 674 828 782 0
5569 5 981 671 1023 723 0
5569 9 607 703 707 819 0
5569 7 747 674 828 782 0
5570 5 1071 675 1100 715 0
5570 9 670 687 765 800 0
5570 7 822 674 897 773 0
5571 5 1071 675 1100 715 0
5571 9 670 687 765 800 0
5571 7 822 674 897 773 0
5572 5 1163 665 1195 715 0
5572 9 740 670 839 787 0
5572 7 893 655 988 760 0
5573 5 1211 663 1242 714 0
5573 9 792 662 889 781 0
5573 7 922 648 1006 755 0
5574 5 1211 663 1242 714 0
5574 9 792 662 889 781 0
5574 7 922 648 1006 755 0
5575 5 1307 669 1338 715 0
5575 9 860 652 958 773 0
5575 7 999 652 1072 759 0
5576 5 1307 669 1338 715 0
5576 9 860 652 958 773 0
5576 7 999 652 1072 759 0
5577 9 965 681 1049 789 0
5577 7 1100 684 1155 788 0
5578 9 1027 700 1100 813 0
5578 7 1150 704 1209 799 0
5579 9 1027 700 1100 813 0
5579 7 1150 704 1209 799 0
5585 4 728 640 809 729 0
5586 4 733 646 813 730 0
5587 4 877 604 949 694 0
5588 4 921 580 991 682 0
5589 4 918 592 995 682 0
5590 4 997 580 1063 676 0
5591 4 988 586 1062 671 0
5592 4 1045 582 1115 680 0
5593 4 1060 584 1133 687 0
5594 4 1060 586 1136 672 0
5595 4 1110 564 1187 678 0
5596 4 1132 570 1209 676 0
5597 4 1132 574 1212 660 0
5598 4 1208 562 1273 676 0
5599 4 1238 558 1309 664 0
5600 4 1249 560 1314 663 0
5601 4 1319 555 1385 663 0
5602 4 1316 550 1385 658 0
5603 4 1396 552 1470 669 0
5604 4 1431 560 1515 678 0
5605 4 1434 554 1519 672 0
5606 4 1499 532 1580 653 0
5607 4 1492 530 1588 644 0
5608 4 1555 507 1645 634 0
5609 4 1577 496 1675 628 0
5610 4 1580 491 1675 628 0
5611 4 1656 486 1751 610 0
5612 4 1694 474 1784 611 0
5613 4 1736 463 1835 621 0
5614 4 1741 460 1833 616 0
5615 4 1824 426 1917 610 0
5616 4 1824 434 1917 591 0
8165 4 1679 735 1741 788 0
8165 8 1426 795 1479 832 0
8166 4 1686 730 1743 787 0
8166 8 1442 790 1488 832 0
8167 4 1562 766 1635 814 0
8167 8 1333 826 1399 868 0
8167 7 1635 788 1677 834 0
8168 4 1573 759 1621 817 0
8168 8 1333 826 1397 868 0
8168 7 1635 788 1677 834 0
8169 4 1484 779 1548 830 0
8169 8 1276 826 1329 879 0
8169 7 1562 797 1615 841 0
8170 4 1491 771 1544 830 0
8170 8 1276 835 1329 879 0
8170 7 1560 788 1615 841 0
8171 4 1440 780 1487 830 0
8171 8 1225 834 1283 879 0
8171 7 1513 800 1562 841 0
8172 4 1436 790 1486 832 0
8172 8 1225 834 1283 879 0
8172 7 1513 800 1562 841 0
8173 4 1389 786 1441 842 0
8173 8 1193 843 1252 884 0
8173 7 1474 808 1522 855 0
8174 4 1392 794 1442 840 0
8174 8 1193 843 1252 884 0
8174 7 1474 808 1522 855 0
8175 4 1344 806 1392 852 0
8175 8 1158 857 1211 890 0
8175 7 1434 818 1473 858 0
8176 4 1324 808 1372 854 0
8176 8 1135 857 1188 893 0
8176 7 1409 818 1453 859 0
8177 4 1324 808 1372 854 0
8177 8 1135 857 1188 893 0
8177 7 1409 818 1453 859 0
8178 4 1282 806 1328 850 0
8178 8 1104 854 1158 888 0
8178 7 1376 821 1418 859 0
8179 4 1282 806 1333 857 0
8179 8 1104 854 1158 888 0
8179 7 1376 821 1418 859 0
8180 4 1259 794 1303 849 0
8180 8 1080 848 1142 885 0
8180 7 1352 820 1398 854 0
8181 4 1252 798 1302 844 0
8181 8 1080 848 1142 885 0
8181 7 1352 820 1398 854 0
8182 4 1229 794 1275 841 0
8182 8 1061 846 1120 881 0
8182 7 1327 815 1373 853 0
8183 4 1222 798 1276 842 0
8183 8 1061 846 1120 881 0
8183 7 1327 815 1373 853 0
8184 4 1201 788 1252 838 0
8184 8 1049 836 1098 873 0
8184 7 1302 807 1353 846 0
8185 4 1202 796 1252 840 0
8185 8 1049 836 1098 873 0
8185 7 1302 807 1353 846 0
8186 4 1204 794 1254 836 0
8186 8 1049 836 1098 873 0
8186 7 1302 807 1353 846 0
8187 4 1155 774 1197 826 0
8187 8 1008 825 1061 866 0
8187 7 1266 795 1300 832 0
8188 4 1150 786 1202 830 0
8188 8 1008 825 1061 866 0
8188 7 1257 795 1299 832 0
8189 4 1129 770 1173 821 0
8189 8 992 820 1045 856 0
8189 7 1236 789 1278 827 0
8190 4 1128 770 1177 825 0
8190 8 992 820 1045 856 0
8190 7 1236 789 1278 827 0
8191 4 1096 760 1135 809 0
8191 8 966 805 1016 838 0
8191 7 1206 778 1243 815 0
8192 4 1027 742 1074 791 0
8192 8 904 781 952 820 0
8192 7 1132 760 1173 799 0
8193 4 1022 743 1073 791 0
8193 8 904 781 952 820 0
8193 7 1132 760 1173 799 0
8194 4 1022 745 1066 791 0
8194 8 904 781 952 820 0
8194 7 1132 760 1173 799 0
8195 4 926 746 970 784 0
8195 8 802 772 852 816 0
8195 7 1032 755 1065 794 0
8196 4 926 746 970 784 0
8196 8 802 772 852 816 0
8196 7 1032 755 1065 794 0
8197 4 851 737 894 786 0
8197 8 734 774 783 816 0
8197 7 952 761 991 800 0
8198 4 856 750 900 788 0
8198 8 734 774 783 816 0
8198 7 952 761 991 800 0
8199 4 822 732 870 789 0
8199 8 714 770 765 814 0
8199 7 925 757 963 799 0
8200 4 821 736 869 789 0
8200 8 714 770 765 814 0
8200 7 925 757 963 799 0
8201 4 822 728 867 778 0
8201 8 714 761 769 802 0
8201 7 924 752 957 793 0
8202 4 820 728 866 783 0
8202 8 714 761 769 802 0
8202 7 924 752 957 793 0
8203 4 823 727 869 778 0
8203 8 714 761 769 802 0
8203 7 924 752 957 793 0
8204 4 824 718 867 776 0
8204 8 721 757 769 796 0
8204 7 919 745 953 788 0
8205 4 821 724 869 780 0
8205 8 721 757 769 796 0
8205 7 919 745 953 788 0
8206 4 842 716 882 774 0
8206 8 744 748 790 788 0
8206 7 930 745 966 778 0
8207 4 842 713 882 767 0
8207 8 744 748 790 788 0
8207 7 930 745 966 778 0
8208 4 886 714 930 754 0
8208 8 794 740 830 774 0
8208 7 974 728 1001 775 0
8209 4 886 714 930 764 0
8209 8 794 740 830 774 0
8209 7 974 728 1001 775 0
8210 4 932 712 976 762 0
8210 5 1631 724 1670 771 0
8210 8 839 735 883 773 0
8210 7 1013 732 1042 770 0
8211 4 932 712 976 762 0
8211 5 1631 724 1670 771 0
8211 8 839 735 883 773 0
8211 7 1013 732 1042 770 0
8212 4 980 710 1024 760 0
8212 5 1692 729 1729 786 0
8212 8 896 733 931 773 0
8212 7 1062 735 1091 770 0
8213 4 982 710 1026 760 0
8213 5 1692 729 1729 786 0
8213 8 896 733 931 773 0
8213 7 1062 735 1091 770 0
8214 4 1021 696 1063 739 0
8214 5 1750 715 1789 770 0
8214 8 937 728 977 764 0
8214 7 1098 721 1130 760 0
8215 4 1023 694 1062 751 0
8215 5 1750 715 1789 770 0
8215 8 937 728 977 764 0
8215 7 1098 721 1130 760 0
8216 4 1078 671 1116 719 0
8216 5 1818 682 1871 730 0
8216 8 998 705 1036 734 0
8216 7 1159 698 1188 736 0
8217 4 1077 676 1120 724 0
8217 5 1818 676 1871 729 0
8217 8 998 705 1036 734 0
8217 7 1159 698 1188 736 0
8218 4 1159 628 1201 676 0
8218 8 1080 660 1127 699 0
8218 7 1235 644 1273 690 0
8219 4 1163 625 1211 666 0
8219 8 1080 660 1127 699 0
8219 7 1235 644 1273 690 0
8220 4 1158 622 1214 672 0
8220 8 1080 660 1127 699 0
8220 7 1235 644 1273 690 0
8221 4 1240 547 1293 596 0
8221 8 1165 575 1211 618 0
8221 7 1321 566 1363 609 0
8222 4 1240 544 1294 596 0
8222 8 1165 575 1211 618 0
8222 7 1321 566 1363 609 0
8223 4 1335 388 1389 445 0
8223 8 1262 422 1312 463 0
8223 7 1421 406 1461 458 0
8224 4 1354 339 1408 387 0
8224 8 1290 378 1333 424 0
8224 7 1445 363 1487 409 0
8225 4 1360 332 1407 393 0
8225 8 1290 378 1333 424 0
8225 7 1445 363 1487 409 0
8226 4 1379 257 1431 314 0
8226 8 1308 297 1355 341 0
8226 7 1466 287 1513 334 0
8227 4 1381 256 1431 318 0
8227 8 1308 297 1355 341 0
8227 7 1466 287 1513 334 0
8228 4 1397 196 1450 247 0
8228 8 1332 226 1376 275 0
8228 7 1491 224 1530 259 0
8229 4 1397 196 1450 247 0
8229 8 1332 226 1376 275 0
8229 7 1491 224 1530 259 0
8230 4 1401 196 1450 244 0
8230 8 1332 226 1376 275 0
8230 7 1491 224 1530 259 0
8231 4 1439 121 1488 178 0
8231 8 1374 171 1410 208 0
8231 7 1531 166 1568 194 0
8232 4 1486 63 1529 116 0
8232 8 1410 111 1461 144 0
8233 4 1486 63 1529 116 0
8233 8 1410 111 1461 144 0
8234 4 1518 24 1570 90 0
8234 8 1453 72 1495 109 0
8235 4 1518 24 1570 90 0
8235 8 1453 72 1495 109 0
8236 4 1536 13 1589 80 0
8236 8 1474 58 1525 93 0
8237 4 1536 13 1589 80 0
8237 8 1474 58 1525 93 0
8238 4 1546 2 1603 70 0
8238 8 1489 49 1539 83 0
8239 4 1546 0 1603 70 0
8239 8 1489 49 1539 83 0
8240 4 1557 0 1622 59 0
8240 8 1505 30 1554 67 0
8241 4 1557 0 1622 60 0
8241 8 1505 30 1554 67 0
8242 4 1557 0 1622 60 0
8242 8 1505 30 1554 67 0
8243 4 1568 0 1633 39 0
8243 8 1516 10 1567 51 0
8244 4 1568 0 1630 40 0
8244 8 1516 10 1567 51 0
8245 4 1564 0 1623 40 0
8245 8 1511 9 1562 45 0
8246 4 1564 0 1623 40 0
8246 8 1511 9 1562 45 0
8247 4 1544 0 1603 40 0
8247 8 1500 3 1548 38 0
8248 4 1544 0 1603 40 0
8248 8 1500 3 1548 38 0
8265 4 1463 1 1527 33 0
8266 4 1455 1 1521 50 0
8267 4 1448 1 1517 68 0
8268 4 1448 1 1517 68 0
8269 4 1437 51 1501 119 0
8270 4 1437 51 1501 119 0
8271 4 1437 77 1505 147 0
8272 4 1437 77 1505 147 0
8273 4 1435 92 1500 161 0
8274 4 1435 92 1500 161 0
8275 4 1416 92 1483 166 0
8276 4 1416 92 1483 166 0
8277 4 1386 110 1453 177 0
8278 4 1386 110 1453 177 0
8279 4 1353 132 1418 202 0
8280 4 1353 132 1418 202 0
8281 4 1333 151 1388 221 0
8282 4 1333 151 1388 221 0
8283 4 1316 151 1374 218 0
8284 4 1316 151 1374 218 0
8285 4 1311 136 1365 202 0
8286 4 1311 127 1366 194 0
8287 4 1311 127 1366 194 0
8288 4 1318 110 1371 176 0
8289 4 1318 110 1371 176 0
8290 4 1318 110 1371 176 0
8291 4 1366 80 1416 145 0
8292 4 1375 77 1433 143 0
8293 4 1375 77 1433 143 0
8294 4 1404 64 1456 125 0
8295 4 1404 64 1456 125 0
8296 4 1404 64 1456 125 0
8297 4 1443 33 1494 97 0
8298 4 1443 33 1494 97 0
8299 4 1473 13 1524 81 0
8300 4 1473 13 1524 81 0
8301 4 1504 1 1557 63 0
8302 4 1504 1 1557 63 0
8303 4 1527 0 1581 51 0
8304 4 1527 0 1584 47 0
8305 4 1547 0 1608 47 0
8306 4 1547 0 1608 47 0
8307 4 1566 0 1631 47 0
8307 8 1521 25 1564 60 0
8308 4 1566 0 1631 47 0
8308 8 1521 25 1564 60 0
8309 4 1566 0 1631 47 0
8309 8 1521 25 1564 60 0
8310 4 1571 0 1630 55 0
8310 8 1519 37 1565 70 0
8311 4 1571 0 1630 55 0
8311 8 1519 37 1565 70 0
8312 4 1571 0 1630 64 0
8312 8 1518 39 1561 75 0
8313 4 1571 0 1630 64 0
8313 8 1518 39 1561 75 0
8314 4 1569 0 1631 62 0
8314 8 1512 50 1555 85 0
8315 4 1569 0 1631 62 0
8315 8 1512 50 1555 85 0
8316 4 1569 0 1631 62 0
8316 8 1512 50 1555 85 0
8317 4 1569 0 1631 62 0
8317 8 1512 50 1555 85 0
8318 4 1582 3 1641 71 0
8318 8 1521 54 1565 89 0
8319 4 1582 3 1641 71 0
8319 8 1521 54 1565 89 0
8320 4 1615 5 1663 71 0
8320 8 1556 50 1593 88 0
8321 4 1615 5 1663 71 0
8321 8 1556 50 1593 88 0
8322 4 1615 5 1663 71 0
8322 8 1556 50 1593 88 0
