0 1 121 153 341 397 0
0 1 102 148 332 366 0
0 2 993 403 1202 720 0
0 2 976 396 1202 710 0
0 3 1808 855 1921 986 0
0 3 1784 845 1919 987 0
1 1 120 164 344 400 0
1 2 925 372 1183 721 0
1 3 1789 864 1918 995 0
2 1 122 158 348 370 0
2 2 917 430 1147 737 0
2 3 1776 856 1918 1002 0
3 1 128 154 352 368 0
3 2 917 358 1139 713 0
3 3 1778 856 1909 1010 0
4 1 130 146 352 364 0
4 2 909 403 1143 713 0
4 3 1768 856 1913 1014 0
5 1 126 138 350 356 0
5 2 796 336 1124 714 0
5 3 1743 860 1899 1011 0
6 1 108 118 338 349 0
6 2 853 356 1067 672 0
6 3 1725 846 1870 1003 0
7 1 87 122 313 338 0
7 2 755 371 1047 653 0
7 3 1692 850 1834 984 0
8 1 48 112 282 340 0
8 2 714 358 994 648 0
8 3 1647 828 1754 967 0
9 1 11 69 225 305 0
9 2 688 360 941 630 0
9 3 1585 823 1719 941 0
10 1 2 69 166 305 0
10 2 613 361 873 634 0
10 3 1515 810 1625 928 0
11 2 515 358 765 613 0
11 3 1434 812 1541 933 0
12 2 426 358 690 584 0
12 3 1343 823 1445 925 0
13 2 328 336 578 597 0
13 3 1259 828 1350 935 0
14 2 193 360 477 628 0
14 3 1173 820 1269 933 0
14 5 1612 826 1698 944 0
14 4 1789 573 1912 936 1
14 4 1799 579 1906 919 1
15 2 94 377 390 651 0
15 3 1098 842 1186 952 0
15 5 1547 818 1635 949 0
15 4 1725 573 1907 960 1
16 2 24 345 320 661 0
16 3 1047 844 1149 957 0
16 5 1499 810 1591 954 0
16 4 1664 573 1901 962 1
17 2 2 350 244 671 0
17 3 1006 844 1110 954 0
17 5 1450 802 1546 960 0
17 4 1622 573 1918 998 1
18 2 2 334 244 655 0
18 3 993 844 1100 954 0
18 5 1418 802 1525 948 0
18 4 1590 574 1912 947 1
19 3 969 844 1073 936 0
19 5 1389 796 1507 946 0
19 4 1564 568 1920 942 1
20 3 958 837 1065 937 0
20 5 1380 790 1480 930 0
20 4 1549 584 1914 942 1
21 3 943 821 1058 930 0
21 5 1361 793 1472 927 0
21 4 1555 586 1889 955 1
22 3 937 804 1039 931 0
22 5 1345 789 1457 925 0
22 5 1332 769 1462 937 0
22 4 1551 596 1883 923 1
23 3 926 810 1022 921 0
23 5 1343 774 1443 924 0
23 4 1542 580 1863 935 1
24 3 917 806 1010 919 0
24 5 1332 778 1431 909 0
24 4 1510 592 1814 884 1
25 3 906 793 1004 911 0
25 5 1315 773 1424 909 0
25 4 1500 590 1835 886 1
26 3 890 786 1000 901 0
26 5 1310 775 1411 905 0
26 4 1490 588 1821 878 1
27 3 884 784 998 893 0
27 5 1290 767 1412 891 0
27 4 1484 584 1794 872 1
28 3 886 784 995 891 0
28 5 1296 756 1394 887 0
28 4 1478 576 1792 868 1
29 3 876 778 989 878 0
29 5 1298 751 1394 879 0
29 4 1476 562 1794 854 1
30 3 888 758 987 862 0
30 5 1306 738 1407 865 0
30 4 1494 544 1818 842 1
31 3 920 725 1011 843 0
31 5 1325 712 1425 843 0
31 4 1524 538 1847 812 1
32 3 930 681 1041 783 0
32 5 1347 684 1449 806 0
32 4 1566 458 1878 769 0
33 3 969 633 1073 768 0
33 5 1382 625 1471 760 0
33 4 1594 404 1917 730 0
34 3 1004 559 1102 698 0
34 5 1419 566 1510 681 0
34 4 1664 340 1917 659 0
35 3 1056 451 1163 588 0
35 5 1457 478 1580 601 0
35 4 1737 236 1917 572 0
36 3 1091 349 1222 499 0
36 5 1527 395 1637 513 0
36 4 1823 168 1919 472 0
37 3 1145 257 1252 396 0
37 5 1581 273 1677 415 0
38 3 1185 133 1292 272 0
38 5 1632 171 1736 300 0
39 3 1218 15 1325 154 0
39 5 1683 53 1796 192 0
90 3 935 0 1048 104 0
90 5 1374 7 1487 111 0
91 3 970 20 1072 165 0
91 5 1387 29 1517 161 0
92 3 1005 85 1112 208 0
92 5 1413 74 1541 209 0
93 3 1027 133 1145 243 0
93 5 1440 119 1566 257 0
93 4 1750 4 1916 219 0
94 3 1040 168 1169 294 0
94 5 1466 165 1591 306 0
94 4 1785 4 1919 246 0
95 3 1064 214 1185 321 0
95 5 1492 210 1615 354 0
95 4 1828 4 1919 300 0
96 3 1097 244 1215 359 0
96 5 1503 256 1651 392 0
97 3 1126 268 1236 386 0
97 5 1516 263 1672 419 0
98 3 1134 290 1252 408 0
98 5 1543 284 1688 429 0
98 8 1220 405 1268 479 0
99 3 1166 322 1269 427 0
99 5 1554 316 1699 437 0
99 8 1241 423 1290 495 0
100 3 1169 314 1290 437 0
100 5 1565 324 1723 468 0
100 8 1263 442 1313 513 0
101 3 1194 344 1304 454 0
101 5 1578 338 1728 470 0
101 8 1267 447 1319 523 0
102 3 1191 352 1312 459 0
102 5 1584 340 1740 484 0
102 6 1866 594 1918 674 0
102 8 1271 452 1325 533 0
103 3 1196 358 1322 480 0
103 5 1590 338 1737 480 0
103 6 1866 603 1918 675 0
103 8 1275 457 1332 543 0
104 3 1182 358 1314 484 0
104 5 1570 340 1722 480 0
104 6 1861 603 1918 677 0
104 8 1279 463 1338 554 0
105 3 1170 362 1302 486 0
105 5 1559 338 1703 484 0
105 6 1855 603 1918 679 0
105 8 1271 472 1332 559 0
106 3 1166 376 1295 494 0
106 5 1542 350 1688 496 0
106 6 1850 603 1918 682 0
106 8 1263 482 1325 564 0
107 3 1161 390 1290 502 0
107 5 1532 341 1663 510 0
107 6 1843 617 1918 691 0
107 8 1255 492 1319 569 0
108 3 1148 398 1271 513 0
108 5 1514 360 1645 508 0
108 6 1825 624 1892 697 0
108 8 1247 501 1313 573 0
109 3 1129 396 1250 507 0
109 5 1499 366 1615 506 0
109 6 1801 629 1867 698 0
109 8 1219 502 1283 578 0
110 3 1103 394 1228 514 0
110 5 1469 364 1588 496 0
110 6 1773 617 1843 689 0
110 8 1190 503 1252 583 0
111 3 1081 394 1199 513 0
111 5 1445 364 1567 496 0
111 6 1740 614 1804 680 0
111 8 1165 502 1223 582 0
112 3 1060 390 1172 506 0
112 5 1411 366 1529 494 0
112 6 1713 607 1770 680 0
112 8 1140 501 1194 580 0
113 3 1025 388 1143 493 0
113 5 1375 372 1484 484 0
113 6 1675 603 1732 660 0
113 8 1115 501 1164 580 0
114 3 999 390 1105 499 0
114 5 1339 346 1439 479 0
114 4 1846 201 1917 495 0
114 6 1632 591 1682 660 0
114 6 1623 566 1696 658 0
114 8 1090 500 1135 579 0
115 3 967 398 1063 505 0
115 5 1298 354 1394 487 0
115 4 1802 196 1920 499 0
115 6 1595 600 1642 660 0
115 8 1044 512 1106 577 0
116 3 918 407 1037 522 0
116 5 1260 363 1356 499 0
116 4 1758 191 1916 502 0
116 6 1559 601 1599 654 0
116 8 1010 521 1075 591 0
117 3 877 412 1001 538 0
117 5 1227 380 1319 509 0
117 4 1719 186 1903 506 0
117 6 1513 613 1566 666 0
117 8 977 530 1044 605 0
118 3 840 443 958 546 0
118 5 1184 394 1277 522 0
118 4 1673 187 1915 539 0
118 6 1481 621 1521 680 0
118 8 943 539 1012 619 0
119 3 812 455 933 552 0
119 5 1145 410 1240 532 0
119 4 1619 164 1911 556 0
119 6 1446 635 1493 684 0
119 8 916 557 981 639 0
120 3 828 481 900 574 0
120 5 1109 428 1209 546 0
120 4 1590 180 1875 555 0
120 6 1415 644 1459 701 0
120 8 889 576 950 659 0
121 3 760 489 875 593 0
121 5 1068 434 1186 578 0
121 4 1561 245 1869 561 0
121 6 1381 657 1436 715 0
121 8 867 597 929 671 0
122 3 735 504 852 603 0
122 5 1055 462 1161 575 0
122 4 1541 222 1877 602 0
122 6 1368 670 1430 739 0
122 8 845 618 907 682 0
123 3 724 509 852 620 0
123 5 1049 462 1161 599 0
123 4 1528 286 1853 595 0
123 6 1363 670 1420 742 0
123 8 846 621 905 693 0
124 3 720 519 842 621 0
124 5 1045 462 1161 599 0
124 4 1524 252 1838 602 0
124 6 1360 683 1420 752 0
124 8 847 624 902 704 0
125 3 708 518 841 626 0
125 5 1040 462 1161 599 0
125 4 1526 242 1895 616 0
125 6 1368 683 1420 753 0
125 8 848 627 899 715 0
126 3 712 537 845 634 0
126 5 1048 479 1161 610 0
126 4 1536 238 1908 615 0
126 6 1381 683 1436 748 0
126 8 843 641 904 719 0
127 3 732 534 852 654 0
127 5 1060 479 1173 610 0
127 4 1562 236 1904 594 0
127 6 1401 696 1453 755 0
127 7 1222 691 1271 773 0
127 7 1216 695 1274 770 0
127 8 860 654 932 729 0
128 3 786 566 895 653 0
128 5 1092 479 1192 627 0
128 4 1580 236 1903 652 0
128 6 1453 707 1493 762 0
128 7 1245 704 1300 780 0
128 8 877 667 960 738 0
129 3 826 571 917 673 0
129 5 1142 506 1238 631 0
129 4 1626 236 1914 652 0
129 7 1289 714 1340 797 0
129 8 931 680 1003 754 0
130 3 862 587 951 689 0
130 5 1192 506 1296 650 0
130 4 1673 236 1914 675 0
130 7 1354 736 1402 821 0
130 8 985 693 1046 770 0
131 3 910 611 1025 718 0
131 5 1264 534 1362 665 0
131 4 1758 236 1914 675 0
131 7 1421 744 1473 827 0
131 8 1055 706 1109 788 0
132 3 972 645 1071 726 0
132 5 1338 534 1419 665 0
132 4 1836 256 1921 594 0
132 7 1496 766 1552 854 0
132 8 1107 719 1163 801 0
133 3 1032 656 1128 754 0
133 5 1392 534 1494 702 0
133 8 1159 733 1216 814 0
134 2 0 112 175 703 0
134 3 1064 666 1170 758 0
134 5 1418 560 1556 709 0
134 8 1211 746 1269 827 0
135 2 0 112 175 703 0
135 3 1098 660 1220 773 0
135 5 1479 560 1608 717 0
135 8 1263 759 1322 840 0
136 2 0 178 248 704 0
136 3 1136 663 1258 770 0
136 5 1521 560 1649 717 0
136 8 1315 772 1375 852 0
136 8 1320 767 1376 840 0
137 2 0 178 239 704 0
137 3 1137 665 1281 771 0
137 5 1545 560 1687 717 0
137 9 1219 589 1316 686 0
137 8 1342 772 1401 852 0
138 2 0 178 230 704 0
138 3 1173 670 1290 771 0
138 5 1545 560 1699 726 0
138 9 1226 589 1336 703 0
138 8 1342 783 1414 856 0
139 2 0 178 221 704 0
139 3 1158 662 1290 792 0
139 5 1545 560 1711 735 0
139 9 1223 589 1331 703 0
139 8 1342 783 1408 856 0
140 2 0 178 202 704 0
140 3 1156 671 1282 771 0
140 5 1548 560 1711 735 0
140 9 1219 589 1325 703 0
140 8 1342 783 1402 856 0
141 2 0 178 192 704 0
141 3 1137 671 1273 765 0
141 5 1538 560 1701 721 0
141 9 1215 589 1319 703 0
141 8 1338 783 1388 843 0
142 2 0 178 172 704 0
142 3 1143 665 1258 769 0
142 5 1519 560 1676 721 0
142 9 1211 589 1313 703 0
142 8 1323 769 1366 840 0
143 2 0 178 151 704 0
143 3 1133 672 1242 766 0
143 5 1496 560 1651 731 0
143 9 1207 589 1307 703 0
143 8 1306 785 1352 842 0
144 3 1111 666 1208 763 0
144 5 1475 561 1630 732 0
144 9 1192 585 1283 702 0
144 9 1203 582 1295 698 0
145 3 1063 665 1184 760 0
145 5 1449 562 1604 726 0
145 9 1175 582 1270 703 0
146 3 1036 663 1169 763 0
146 5 1422 562 1578 719 0
146 6 1880 753 1918 838 0
146 9 1152 580 1249 703 0
147 3 1021 661 1144 756 0
147 5 1388 553 1549 720 0
147 6 1840 750 1918 828 0
147 9 1129 580 1233 703 0
148 3 1008 654 1124 756 0
148 5 1371 553 1519 707 0
148 4 1817 270 1920 649 0
148 6 1818 745 1889 828 0
148 9 1112 582 1218 703 0
149 3 981 646 1104 756 0
149 5 1348 562 1504 693 0
149 4 1779 270 1919 649 0
149 6 1789 730 1861 829 0
149 9 1105 574 1200 703 0
150 3 962 650 1085 754 0
150 5 1329 559 1477 694 0
150 4 1747 270 1920 649 0
150 6 1768 734 1833 818 0
150 9 1089 570 1184 703 0
151 3 956 639 1077 751 0
151 5 1308 540 1462 694 0
151 4 1704 270 1919 649 0
151 6 1742 734 1816 808 0
151 9 1070 574 1172 703 0
152 3 927 641 1053 767 0
152 5 1297 540 1442 694 0
152 4 1673 158 1920 650 0
152 6 1719 734 1793 801 0
152 9 1060 570 1156 702 0
153 3 927 641 1048 746 0
153 5 1276 540 1428 694 0
153 4 1655 270 1919 649 0
153 6 1709 725 1771 796 0
153 9 1048 570 1156 702 0
154 3 913 638 1037 748 0
154 5 1267 540 1419 694 0
154 4 1635 270 1920 649 0
154 6 1698 725 1761 796 0
154 9 1048 570 1145 702 0
155 3 904 642 1027 740 0
155 5 1258 540 1404 694 0
155 4 1621 270 1919 649 0
155 6 1686 724 1749 792 0
155 9 1037 565 1129 688 0
156 3 919 629 1027 737 0
156 5 1249 540 1393 694 0
156 4 1612 270 1919 649 0
156 6 1679 724 1739 791 0
156 9 1033 565 1129 684 0
157 3 892 629 1015 741 0
157 5 1243 540 1387 690 0
157 4 1600 270 1920 649 0
157 6 1671 712 1729 791 0
157 9 1029 565 1129 679 0
158 3 884 630 1007 739 0
158 5 1238 540 1381 686 0
158 4 1592 270 1920 680 0
158 6 1658 712 1718 791 0
158 9 1025 565 1129 674 0
159 3 883 631 1000 745 0
159 5 1232 540 1381 686 0
159 4 1579 270 1920 680 0
159 6 1645 712 1705 791 0
159 9 1025 565 1122 674 0
160 3 880 630 994 738 0
160 5 1225 540 1373 686 0
160 4 1573 270 1919 680 0
160 6 1635 712 1698 789 0
160 9 1015 565 1115 674 0
161 3 865 625 985 734 0
161 5 1219 540 1362 686 0
161 4 1565 270 1919 680 0
161 6 1627 712 1685 789 0
161 9 1015 565 1115 674 0
162 3 873 618 978 733 0
162 5 1219 540 1362 682 0
162 4 1562 270 1919 680 0
162 6 1620 712 1680 789 0
162 9 1015 565 1115 674 0
163 3 870 624 981 724 0
163 5 1219 540 1362 679 0
163 4 1559 270 1919 680 0
163 6 1617 712 1678 789 0
163 9 1015 565 1115 674 0
164 3 870 624 979 732 0
164 5 1219 538 1361 679 0
164 4 1556 270 1919 680 0
164 6 1615 712 1676 789 0
164 9 1012 565 1115 674 0
165 3 873 619 977 727 0
165 5 1219 536 1359 679 0
165 4 1553 270 1920 680 0
165 6 1611 712 1673 785 0
165 9 1012 550 1115 674 0
166 3 863 610 979 729 0
166 5 1218 534 1357 679 0
166 4 1549 270 1919 680 0
166 6 1607 712 1669 781 0
166 9 1011 550 1114 672 0
167 3 871 614 981 728 0
167 5 1218 532 1356 680 0
167 4 1553 270 1920 680 0
167 6 1604 712 1664 779 0
167 9 1010 550 1113 669 0
168 3 872 616 984 732 0
168 5 1218 532 1356 677 0
168 4 1556 270 1919 680 0
168 6 1602 712 1664 779 0
168 9 1010 547 1116 665 0
169 3 862 614 987 731 0
169 5 1218 532 1356 675 0
169 4 1559 270 1919 680 0
169 6 1600 712 1664 779 0
169 9 1010 544 1120 661 0
170 3 879 612 995 724 0
170 5 1222 532 1356 675 0
170 4 1563 270 1920 680 0
170 6 1602 712 1669 778 0
170 9 1010 541 1123 657 0
171 3 889 606 995 716 0
171 5 1227 526 1367 674 0
171 4 1566 270 1919 680 0
171 6 1604 712 1674 777 0
171 9 1010 538 1126 654 0
172 3 885 608 1010 718 0
172 5 1235 515 1368 663 0
172 4 1589 160 1919 680 0
172 6 1035 553 1151 671 0
172 6 1610 712 1674 779 0
172 9 1026 538 1134 655 0
173 3 904 598 1016 712 0
173 5 1250 515 1379 663 0
173 4 1597 270 1920 680 0
173 6 1621 712 1685 777 0
173 9 1039 538 1147 655 0
174 3 919 593 1033 712 0
174 5 1269 507 1398 663 0
174 4 1621 270 1919 680 0
174 6 1641 698 1699 777 0
174 9 1050 532 1162 655 0
175 3 924 584 1043 689 0
175 5 1290 507 1416 663 0
175 4 1648 240 1919 681 0
175 6 1661 698 1721 777 0
175 9 1067 516 1174 644 0
176 3 959 574 1062 684 0
176 5 1308 496 1425 662 0
176 4 1670 240 1920 681 0
176 6 1682 690 1738 766 0
176 9 1090 511 1190 645 0
177 3 969 563 1081 689 0
177 5 1324 471 1448 641 0
177 4 1702 240 1920 681 0
177 6 1702 690 1760 762 0
177 9 1113 488 1216 612 0
178 3 970 568 1085 667 0
178 5 1350 470 1475 631 0
178 4 1735 240 1920 634 0
178 6 1726 690 1785 757 0
178 9 1113 504 1218 617 0
179 3 1011 554 1117 665 0
179 5 1377 469 1504 621 0
179 4 1768 240 1920 587 0
179 6 1750 690 1810 752 0
179 9 1157 486 1249 617 0
180 2 0 231 290 782 0
180 3 1041 541 1149 654 0
180 5 1405 458 1532 621 0
180 6 1800 678 1842 745 0
180 9 1178 479 1277 594 0
181 2 0 231 327 782 0
181 3 1089 548 1188 645 0
181 5 1462 460 1573 612 0
181 6 1856 678 1902 745 0
181 9 1231 492 1330 594 0
182 2 0 231 368 658 0
182 3 1164 550 1281 670 0
182 5 1540 461 1635 604 0
182 9 1320 485 1396 595 0
183 2 134 260 502 647 0
183 3 1269 584 1450 723 0
183 5 1682 461 1738 624 0
184 2 354 317 658 629 0
184 3 1426 603 1576 731 0
185 2 548 374 800 672 0
185 3 1632 642 1820 775 0
186 2 718 414 970 720 0
187 2 879 465 1153 761 0
188 2 910 492 1150 763 0
189 1 247 306 386 526 0
189 2 1124 508 1398 868 0
190 1 349 354 486 562 0
190 2 1175 543 1492 892 0
190 10 0 212 201 575 1
191 1 392 349 553 569 0
191 2 1250 557 1567 906 0
191 10 0 212 263 580 1
192 1 440 368 604 574 0
192 2 1272 557 1589 906 0
192 10 0 212 327 580 1
193 1 489 382 645 580 0
193 2 1339 578 1656 927 0
193 10 53 252 362 599 1
194 1 527 392 677 596 0
194 2 1339 578 1688 943 0
194 10 96 252 410 599 1
195 1 564 402 709 610 0
195 2 1393 618 1742 983 0
195 10 144 285 440 599 1
195 10 152 288 410 588 1
196 1 588 416 744 614 0
196 2 1444 618 1834 1010 0
196 10 190 274 486 638 1
197 1 618 418 771 626 0
197 2 1503 610 1871 1048 0
197 10 201 292 510 634 1
198 1 632 416 785 624 0
198 2 1525 608 1893 1046 0
198 10 217 290 518 628 1
199 1 650 422 804 626 0
199 2 1525 608 1893 1027 0
199 10 239 302 545 648 1
200 1 668 418 817 620 0
200 2 1576 608 1907 1027 0
200 10 257 300 558 654 1
201 1 682 420 839 618 0
201 2 1579 606 1910 1025 0
201 10 270 296 572 654 1
202 1 704 418 855 624 0
202 2 1581 604 1912 1023 0
202 10 284 300 586 652 1
203 1 720 422 866 620 0
203 2 1584 602 1915 1021 0
203 10 306 324 602 622 1
204 1 732 424 882 622 0
204 2 1587 600 1918 1019 0
204 10 338 326 612 626 1
205 1 748 436 898 620 0
205 2 1686 600 1917 1019 0
205 10 344 330 632 628 1
206 1 762 442 911 626 0
206 2 1686 600 1917 1019 0
206 10 350 342 640 643 1
207 1 750 440 920 622 0
207 2 1686 600 1917 1019 0
207 10 354 340 639 620 1
208 1 780 432 936 622 0
208 2 1686 589 1917 1019 0
208 10 382 330 672 620 1
209 1 776 424 950 614 0
209 2 1686 578 1917 1019 0
209 10 397 322 674 618 1
210 1 780 408 956 578 0
210 2 1686 567 1917 1019 0
210 10 403 306 682 608 1
211 1 790 384 958 572 0
211 2 1686 557 1917 1019 0
211 10 414 278 688 610 1
212 1 796 360 966 548 0
212 2 1686 557 1917 1009 0
212 10 424 262 704 600 1
213 1 823 368 973 531 0
213 2 1681 513 1912 965 0
213 10 457 242 723 570 1
214 1 812 347 992 523 0
214 2 1719 503 1912 955 0
214 10 456 216 742 562 1
215 1 802 344 984 536 0
215 2 1720 481 1913 933 0
215 10 459 232 736 554 1
216 1 822 317 986 481 0
216 2 1721 460 1914 912 0
216 10 474 188 763 513 1
217 1 808 272 982 460 0
217 2 1721 438 1914 890 0
217 10 466 138 778 484 1
218 1 825 266 970 459 0
218 2 1721 419 1914 871 0
218 10 481 131 781 469 1
219 1 817 263 967 429 0
219 2 1721 400 1914 852 0
219 10 484 137 777 461 1
220 1 804 239 957 424 0
220 2 1713 384 1906 836 0
220 10 481 147 754 453 1
221 1 798 242 940 422 0
221 2 1705 360 1909 812 0
221 10 462 126 744 428 1
222 1 774 227 908 415 0
222 2 1633 360 1910 812 0
222 10 440 113 705 432 1
223 1 721 238 871 430 0
223 2 1584 360 1909 766 0
223 10 392 116 690 440 1
224 1 687 258 844 474 0
224 2 1508 410 1888 802 0
224 10 344 128 642 487 1
225 1 657 297 819 495 0
225 2 1468 428 1844 842 0
225 10 317 180 609 500 1
226 1 645 300 803 486 0
226 2 1422 396 1810 798 0
226 10 301 174 607 519 0
227 1 634 287 791 464 0
227 2 1394 382 1782 785 0
227 10 295 166 596 502 0
228 1 650 276 799 478 0
228 2 1406 406 1796 782 0
228 10 287 129 591 485 0
229 1 663 274 814 476 0
229 2 1410 370 1810 778 0
229 10 304 131 618 502 0
230 1 672 304 838 494 0
230 2 1458 402 1864 812 0
230 10 338 199 626 521 0
231 1 693 316 854 504 0
231 2 1472 396 1869 800 0
231 10 364 216 664 506 0
232 1 722 318 874 510 0
232 2 1492 402 1884 794 0
232 10 396 217 688 527 0
233 1 732 328 887 524 0
233 2 1506 406 1884 809 0
233 10 426 244 704 525 0
234 1 750 328 906 528 0
234 2 1516 402 1894 786 0
234 10 442 250 731 517 0
235 1 770 333 919 533 0
235 2 1528 408 1890 788 0
235 10 468 231 769 521 0
236 1 771 338 935 534 0
236 2 1546 422 1900 815 0
236 10 506 228 771 527 0
237 1 780 342 954 540 0
237 2 1556 430 1904 856 0
237 10 522 260 812 544 0
238 1 798 346 961 546 0
238 2 1592 438 1905 858 0
238 10 537 258 816 542 0
239 1 796 344 951 544 0
239 2 1550 432 1907 854 0
239 10 537 256 816 540 0
240 1 817 352 961 553 0
240 2 1562 442 1906 850 0
240 10 556 230 827 567 0
241 1 820 340 951 554 0
241 2 1556 442 1912 850 0
241 10 580 232 838 562 0
242 1 828 341 947 523 0
242 2 1611 410 1914 820 0
242 10 572 239 849 556 0
243 1 817 341 933 511 0
243 2 1630 410 1917 820 0
243 10 570 199 849 540 0
244 1 812 304 914 478 0
244 2 1555 390 1911 746 0
244 10 567 177 833 524 0
245 1 785 282 892 459 0
245 2 1557 332 1863 700 0
245 10 543 156 813 497 0
246 1 774 298 868 473 0
246 2 1507 341 1887 719 0
246 10 519 182 785 503 1
247 1 747 295 860 480 0
247 2 1495 357 1863 731 0
247 10 497 168 790 518 1
248 1 747 301 860 475 0
248 2 1530 364 1821 745 0
248 10 500 158 785 516 1
249 1 728 325 849 497 0
249 2 1520 388 1807 748 0
249 10 494 184 790 522 1
250 1 747 320 851 502 0
250 2 1544 390 1827 778 0
250 10 498 188 796 530 1
251 1 782 347 857 512 0
251 2 1502 414 1842 761 0
251 10 510 214 806 530 1
252 1 795 374 865 534 0
252 2 1526 432 1854 788 0
252 10 524 201 825 553 1
253 1 812 400 876 533 0
253 2 1532 464 1860 793 0
253 10 562 277 839 557 1
254 1 831 433 890 559 0
254 2 1536 464 1908 804 0
254 10 584 276 863 567 1
255 2 1552 452 1916 774 0
255 10 621 258 887 573 1
256 2 1560 452 1922 804 0
256 10 628 238 948 557 1
257 2 1616 452 1921 804 0
257 10 648 240 941 562 1
258 2 1574 444 1914 836 0
258 10 660 232 957 551 1
259 2 1574 428 1908 820 0
259 10 670 208 976 538 1
260 2 1570 416 1896 799 0
260 10 682 182 1004 524 1
261 2 1598 392 1891 770 0
261 10 694 158 1008 503 1
262 2 1622 384 1887 764 0
262 10 708 137 1016 491 1
263 2 1592 382 1898 750 0
263 10 718 143 1032 480 0
264 2 1536 390 1892 756 0
264 10 723 104 1016 481 0
265 2 1554 384 1868 732 0
265 10 705 130 1021 460 0
266 2 1525 403 1841 691 0
266 10 710 111 1005 451 0
267 2 1498 362 1772 675 0
267 10 658 101 1000 432 0
268 2 1468 384 1713 666 0
268 10 677 93 989 411 0
269 2 1432 359 1706 617 0
269 10 664 11 982 372 0
270 2 1366 316 1664 607 0
270 10 624 11 981 332 0
271 2 1316 256 1586 551 0
271 10 624 11 955 266 0
272 2 1297 220 1522 461 0
272 10 624 11 918 216 0
273 2 1256 202 1535 462 0
273 10 624 11 918 216 0
274 2 1115 120 1357 368 0
275 2 1065 83 1309 343 0
276 2 966 42 1218 290 0
277 2 907 2 1159 250 0
278 2 847 5 1077 219 0
279 2 771 9 1001 213 0
280 2 711 9 941 203 0
281 2 687 9 872 177 0
282 2 627 9 819 177 0
283 2 554 9 762 177 0
284 2 498 9 680 177 0
284 4 1794 38 1919 359 0
285 2 498 9 680 177 0
285 4 1800 40 1917 372 0
286 4 1639 32 1866 376 0
287 4 1578 77 1852 433 0
288 4 1512 91 1820 431 0
289 4 1442 58 1680 422 0
290 4 1383 130 1645 451 0
291 4 1316 134 1567 455 0
291 11 1800 508 1866 594 0
292 4 1253 154 1509 415 0
292 11 1737 526 1802 610 0
292 11 1740 522 1805 609 0
293 4 1204 170 1435 427 0
293 11 1684 544 1751 627 0
294 4 1161 164 1396 409 0
294 11 1628 556 1691 643 0
295 4 1104 215 1342 432 0
295 11 1572 569 1637 647 0
296 4 1047 208 1271 475 0
296 11 1523 582 1582 651 0
297 4 994 220 1243 525 0
297 11 1467 584 1523 658 0
298 4 942 220 1137 547 0
298 11 1414 587 1470 659 0
299 4 880 232 1094 556 0
299 11 1370 589 1413 663 0
299 12 1813 501 1915 877 0
300 4 816 219 1057 566 0
300 11 1313 598 1368 657 0
300 12 1742 504 1916 891 0
300 12 1748 520 1906 897 0
301 4 764 274 1013 569 0
301 11 1274 598 1319 663 0
301 12 1662 505 1917 904 0
302 4 715 261 919 557 0
302 11 1204 603 1272 667 0
302 12 1603 493 1911 901 0
303 4 719 269 926 564 0
303 11 1202 602 1275 668 0
303 12 1607 517 1915 913 0
304 4 608 222 850 532 0
304 11 1125 607 1195 673 0
304 12 1499 516 1808 947 0
305 4 557 224 815 512 0
305 11 1089 605 1152 675 0
305 12 1450 506 1819 916 0
306 4 503 222 750 470 0
306 11 1053 601 1109 673 0
306 12 1402 506 1767 909 0
307 4 457 192 693 449 0
307 11 1008 592 1059 662 0
307 12 1364 492 1684 932 0
308 4 391 210 632 479 0
308 11 956 583 1016 652 0
308 12 1312 498 1626 922 0
309 4 312 158 559 421 0
309 11 909 565 972 634 0
309 12 1279 458 1655 904 0
310 4 216 134 463 373 0
310 11 852 551 896 611 0
310 12 1227 457 1531 892 0
311 4 146 107 414 383 0
311 11 787 525 833 589 0
311 12 1176 421 1543 874 0
312 11 720 501 754 567 0
312 12 1118 429 1402 813 0
313 11 648 480 691 543 0
313 12 1062 368 1335 755 0
314 11 562 457 602 521 0
314 12 994 336 1282 761 0
315 11 470 436 510 502 0
315 12 931 312 1216 704 0
316 11 375 411 432 482 0
316 12 859 290 1189 699 0
317 11 277 389 333 458 0
317 12 786 274 1048 695 0
318 11 180 364 238 432 0
318 12 744 252 1053 674 0
319 11 89 341 152 411 0
319 12 699 230 991 655 0
320 11 0 310 63 391 0
320 12 655 224 935 638 0
321 12 615 209 881 623 0
322 12 560 184 827 610 0
323 12 512 156 773 612 0
324 12 468 156 725 593 0
325 12 425 119 680 579 0
326 12 396 126 637 545 0
327 12 366 100 599 533 0
328 12 324 100 599 547 0
329 12 293 60 560 514 0
330 12 258 48 525 502 0
331 12 231 48 525 502 0
332 12 196 48 524 458 0
333 12 173 0 418 458 0
334 12 144 0 418 441 0
335 12 125 2 399 417 0
336 12 94 0 368 414 0
337 12 74 2 348 417 0
338 12 46 0 320 415 0
339 12 28 0 302 402 0
340 12 11 2 285 389 0
341 12 2 2 276 393 0
342 12 0 4 272 395 0
343 12 0 4 272 378 0
344 12 0 4 273 375 0
345 12 0 4 274 372 0
346 12 1 4 275 370 0
347 12 2 4 276 367 0
348 12 3 4 277 364 0
349 12 4 4 278 362 0
350 12 5 4 279 359 0
351 12 6 4 280 356 0
352 12 13 4 287 356 0
353 12 24 4 298 356 0
354 12 29 4 303 356 0
355 12 35 4 309 356 0
356 12 38 4 296 356 0
357 12 40 4 282 356 0
358 12 43 4 285 356 0
359 12 46 4 288 356 0
360 12 49 4 291 356 0
361 12 52 4 294 356 0
362 12 55 4 297 356 0
363 12 58 4 300 356 0
364 12 106 4 313 356 0
365 12 163 4 370 317 0
366 12 246 2 427 315 0
367 12 351 2 532 236 0
368 12 454 0 635 208 0
424 12 650 3 883 182 0
425 10 274 1 370 68 0
425 12 650 0 883 204 0
426 10 261 0 363 90 0
426 12 628 0 883 226 0
427 10 235 3 333 112 0
427 12 609 1 847 267 0
428 10 209 16 320 127 0
428 12 576 3 803 304 0
429 10 187 47 278 160 0
429 12 532 1 776 313 0
430 10 150 90 243 201 0
430 12 493 0 777 356 0
431 10 110 121 217 234 0
431 12 454 3 731 396 0
432 10 78 130 180 248 0
432 12 414 1 711 407 0
433 10 51 125 169 240 0
433 12 390 0 705 388 0
434 10 34 114 147 233 0
434 12 373 0 633 388 0
435 10 19 99 127 221 0
435 12 360 0 633 383 0
436 10 10 86 130 212 0
436 12 357 0 632 368 0
437 10 0 66 122 197 0
437 12 351 0 619 357 0
438 10 0 66 113 197 0
438 12 344 0 619 357 0
439 10 0 74 99 205 0
439 12 344 0 619 357 0
440 10 0 82 86 213 0
440 12 346 0 627 350 0
441 10 0 90 73 221 0
441 12 338 14 602 364 0
442 10 0 90 73 221 0
442 12 327 12 589 368 0
443 12 311 3 673 392 0
444 12 283 14 549 400 0
445 12 255 14 558 406 0
446 12 226 16 505 420 0
447 12 202 34 508 447 0
448 12 174 52 473 442 0
449 12 150 64 460 475 0
450 12 152 48 458 482 0
451 12 165 86 460 492 0
452 12 209 102 523 514 0
453 12 268 126 545 523 0
454 12 356 166 641 536 0
455 10 0 294 86 436 0
455 12 438 204 711 576 0
456 10 113 336 187 459 0
456 12 541 246 807 632 0
457 10 187 379 274 499 0
457 12 622 284 847 663 0
458 10 261 423 361 540 0
458 12 681 353 923 702 0
459 10 333 460 424 569 0
459 12 727 381 1019 715 0
460 10 384 479 475 586 0
460 12 755 434 1019 759 0
460 13 36 595 116 671 0
460 13 44 602 112 672 0
461 10 416 495 520 608 0
461 12 786 427 1013 767 0
461 13 85 611 157 688 0
462 10 463 514 560 657 0
462 12 801 466 1013 787 0
462 13 134 627 197 705 0
463 10 491 525 593 671 0
463 12 816 464 1030 796 0
463 13 173 640 226 711 0
464 10 515 526 621 658 0
464 12 840 490 1083 805 0
464 13 193 652 248 723 0
465 10 540 534 644 664 0
465 12 849 488 1089 816 0
465 13 223 660 271 722 0
466 10 564 548 663 670 0
466 12 862 494 1100 822 0
466 13 243 664 292 728 0
467 10 585 540 685 679 0
467 12 870 506 1100 841 0
467 13 261 672 311 745 0
468 10 599 558 699 688 0
468 12 873 520 1080 850 0
468 13 280 682 328 738 0
469 10 618 556 712 692 0
469 12 875 542 1108 864 0
469 13 298 690 340 756 0
470 4 0 477 79 709 0
470 10 624 556 733 695 0
470 12 875 548 1058 872 0
470 13 313 696 356 760 0
471 4 2 496 67 718 0
471 10 628 559 728 697 0
471 12 878 544 1083 874 0
471 13 304 690 358 761 0
472 4 0 496 92 708 0
472 10 656 565 760 699 0
472 12 870 570 1076 881 0
472 13 334 696 381 770 0
473 4 0 491 99 733 0
473 10 658 562 766 695 0
473 12 872 556 1084 898 0
473 13 334 695 387 759 0
474 4 0 512 100 736 0
474 10 668 560 776 701 0
474 12 862 558 1102 898 0
474 13 342 700 394 766 0
475 4 0 516 96 736 0
475 10 668 565 779 710 0
475 12 852 560 1066 904 0
475 13 345 704 397 766 0
476 4 0 520 96 738 0
476 10 669 578 785 715 0
476 12 852 564 1125 904 0
476 13 346 709 397 771 0
477 4 0 501 98 741 0
477 10 669 566 785 717 0
477 12 842 566 1084 914 0
477 13 349 709 400 766 0
478 4 0 513 93 741 0
478 10 667 568 781 725 0
478 12 840 570 1078 920 0
478 13 342 713 397 774 0
479 4 0 525 88 741 0
479 10 658 584 775 729 1
479 12 838 574 1084 917 0
479 13 343 721 394 782 0
480 4 0 525 81 741 0
480 10 651 577 770 728 1
480 12 830 578 1037 915 0
480 13 337 722 389 785 0
481 4 0 541 81 741 0
481 10 651 573 773 730 1
481 12 828 578 1082 925 0
481 13 338 719 393 783 0
482 4 0 558 81 741 0
482 10 636 570 767 727 1
482 12 820 584 1041 926 0
482 13 336 728 387 792 0
483 4 0 558 81 741 0
483 10 636 564 763 722 1
483 12 820 588 1037 930 0
483 13 335 730 385 794 0
484 4 2 552 92 768 0
484 10 636 558 762 723 1
484 12 822 590 1083 934 0
484 13 338 730 388 792 0
485 4 0 558 100 774 0
485 10 640 562 769 720 1
485 12 826 592 1060 926 0
485 13 338 732 391 801 0
486 4 4 560 108 774 0
486 10 646 552 778 724 1
486 12 824 596 1076 936 0
486 13 346 737 396 794 0
487 4 6 558 124 760 0
487 10 660 554 788 727 1
487 12 831 603 1102 933 0
487 13 356 742 403 800 0
488 4 0 564 143 762 0
488 10 669 558 805 734 1
488 12 832 610 1048 950 0
488 13 364 746 412 806 0
489 4 0 578 161 771 0
489 10 684 564 814 733 1
489 12 843 610 1049 950 0
489 13 372 748 414 802 0
490 4 0 580 182 778 0
490 10 695 568 828 744 1
490 12 848 610 1049 950 0
490 13 385 748 427 808 0
491 4 3 592 201 796 0
491 10 715 584 844 753 1
491 12 855 610 1048 964 0
491 13 398 752 435 812 0
492 4 0 588 188 792 0
492 10 711 580 844 757 1
492 12 866 619 1061 969 0
492 13 390 756 438 815 0
493 4 36 620 224 800 0
493 10 746 606 874 767 1
493 12 876 628 1073 974 0
493 13 421 770 458 817 0
494 4 76 604 252 788 0
494 10 760 592 894 783 1
494 12 881 628 1073 974 0
494 13 434 766 472 825 0
495 4 96 610 256 791 0
495 10 776 590 911 776 1
495 12 897 628 1074 974 0
495 13 448 768 484 828 0
496 4 114 608 272 788 0
496 10 796 588 935 772 1
496 12 905 628 1073 988 0
496 13 464 771 498 828 0
497 4 128 608 289 796 0
497 10 806 580 950 771 1
497 12 917 658 1074 995 0
497 13 478 765 511 824 0
498 4 152 600 313 790 0
498 10 810 580 971 766 1
498 12 928 658 1098 995 0
498 13 491 769 526 820 0
499 4 176 594 326 796 0
499 10 824 574 974 763 1
499 12 941 662 1111 999 0
499 13 510 764 547 822 0
500 4 198 598 348 804 0
500 10 836 568 989 758 1
500 12 954 662 1111 999 0
500 13 526 763 559 813 0
501 4 210 608 368 804 0
501 10 842 568 1005 763 1
501 12 971 662 1141 999 0
501 13 539 768 577 822 0
502 4 216 608 365 802 0
502 10 841 566 1002 763 1
502 12 983 662 1147 999 0
502 13 539 768 578 818 0
503 4 241 610 413 801 0
503 10 847 570 1010 776 1
503 12 994 662 1152 999 0
503 13 571 764 608 821 0
504 4 260 616 437 811 0
504 10 852 570 1027 777 1
504 12 1006 662 1152 999 0
504 13 592 770 622 824 0
505 4 278 618 452 806 0
505 7 0 901 58 988 0
505 10 848 572 1020 787 1
505 12 1014 662 1151 999 0
505 13 604 772 640 827 0
506 4 297 622 472 820 0
506 7 3 898 77 990 0
506 10 840 572 1022 797 1
506 12 1027 664 1164 1001 0
506 13 622 772 655 831 0
507 4 322 620 479 806 0
507 7 30 905 101 979 0
507 10 846 572 1019 799 1
507 12 1041 665 1215 1016 0
507 13 641 773 673 834 0
508 4 349 610 522 813 0
508 7 56 903 121 977 0
508 10 844 582 1019 795 1
508 12 1058 665 1239 1016 0
508 13 664 770 692 826 0
509 4 371 614 537 806 0
509 7 80 893 158 983 0
509 10 848 582 1019 806 1
509 12 1078 665 1259 1016 0
509 13 685 771 718 825 0
510 4 401 620 569 800 0
510 7 110 894 190 979 0
510 10 844 582 1026 809 1
510 12 1100 665 1287 1016 0
510 13 712 770 742 830 0
511 4 438 612 593 809 0
511 7 143 889 213 965 0
511 10 840 580 1024 800 1
511 12 1124 665 1287 1016 0
511 13 734 765 768 822 0
512 4 439 612 593 788 0
512 7 152 886 221 964 0
512 10 832 580 1018 802 1
512 12 1140 665 1314 1014 0
512 13 734 768 765 821 0
513 5 0 676 97 826 0
513 4 471 606 632 799 0
513 6 420 862 467 922 0
513 7 194 885 271 971 0
513 10 810 566 994 790 1
513 11 1093 743 1165 820 0
513 12 1155 665 1340 1011 0
513 13 772 760 812 814 0
514 5 0 685 114 833 0
514 4 481 612 634 789 0
514 6 429 862 479 924 0
514 7 206 890 276 974 0
514 10 790 556 977 780 1
514 11 1098 735 1172 812 0
514 12 1160 665 1340 1002 0
514 13 778 755 821 801 0
515 5 2 681 120 844 0
515 4 483 607 639 783 0
515 6 429 862 479 925 0
515 7 208 890 282 972 0
515 10 753 536 951 772 1
515 11 1104 727 1165 801 0
515 12 1160 639 1344 986 0
516 5 0 678 120 844 0
516 4 482 607 635 787 0
516 6 433 862 485 920 0
516 7 209 885 286 974 0
516 10 718 524 919 758 1
516 11 1105 718 1155 785 0
516 12 1151 639 1344 971 0
517 5 2 682 117 822 0
517 4 477 588 629 775 0
517 6 430 849 487 915 0
517 7 206 881 280 970 0
517 10 693 500 881 739 1
517 11 1101 694 1152 770 0
517 12 1140 609 1344 950 0
518 5 2 675 111 834 0
518 4 469 581 610 766 0
518 6 418 833 475 895 0
518 7 197 876 265 963 0
518 10 642 476 842 719 1
518 11 1089 680 1125 759 0
518 12 1131 609 1313 934 0
519 5 2 675 84 816 0
519 4 436 568 599 760 0
519 6 402 826 452 885 0
519 7 167 874 241 963 0
519 10 599 463 798 711 1
519 11 1067 660 1105 742 0
519 12 1098 569 1298 910 0
520 5 0 675 49 782 0
520 4 421 568 554 741 0
520 6 380 817 433 876 0
520 7 149 863 212 956 0
520 10 536 450 743 703 1
520 11 1051 644 1082 722 0
520 12 1069 561 1273 881 0
521 4 392 563 513 741 0
521 6 353 813 398 866 0
521 7 113 858 178 951 0
521 10 467 434 668 686 1
521 11 1027 631 1067 710 0
521 12 1036 561 1229 873 0
522 4 350 563 481 720 0
522 7 80 855 143 952 0
522 10 409 422 623 681 1
522 12 1005 525 1210 849 0
523 4 322 567 437 720 0
523 7 52 855 112 945 0
523 10 336 419 580 647 1
523 12 968 500 1167 839 0
524 4 322 567 437 711 0
524 7 27 848 91 945 0
524 10 329 388 568 660 1
524 12 940 491 1153 824 0
525 7 1 842 68 945 0
525 10 205 358 446 666 1
525 12 912 481 1139 809 0
525 13 624 630 662 679 0
526 7 1 842 54 938 0
526 10 137 387 401 655 1
526 12 890 455 1108 798 0
526 13 612 621 643 671 0
527 7 0 842 46 923 0
527 10 72 346 367 659 1
527 12 875 439 1091 783 0
527 13 597 609 632 661 0
528 10 29 330 307 655 1
528 12 869 434 1091 767 0
528 13 583 596 623 649 0
529 10 0 316 244 636 1
529 12 851 435 1091 741 0
529 13 571 581 611 640 0
530 4 196 433 357 594 0
530 10 0 293 185 636 1
530 12 835 398 1053 725 0
530 13 547 559 592 619 0
531 4 146 419 329 579 0
531 10 0 260 115 581 1
531 12 804 378 1031 690 0
531 13 520 533 567 611 0
532 4 145 406 332 587 0
532 10 0 260 115 581 1
532 12 758 343 989 666 0
532 13 515 533 568 606 0
533 4 42 343 223 544 0
533 12 713 308 949 642 0
533 13 420 459 483 546 0
534 4 2 317 181 515 0
534 12 675 275 889 594 0
534 13 374 446 428 520 0
535 4 2 278 130 516 0
535 12 638 245 889 581 0
535 13 338 415 381 484 0
536 4 2 247 91 499 0
536 12 610 220 865 561 0
536 13 300 399 343 466 0
537 12 580 195 825 545 0
537 13 274 389 308 454 0
538 12 551 167 782 538 0
538 13 235 378 272 450 0
539 12 526 149 753 536 0
539 13 207 371 241 444 0
540 12 501 160 735 536 0
540 13 173 366 212 435 0
541 12 504 132 894 534 0
541 13 167 372 212 444 0
542 12 506 172 775 552 0
542 13 161 378 212 452 0
543 12 550 200 924 578 0
544 4 0 294 117 541 0
544 12 647 242 910 614 0
545 4 187 360 310 582 0
545 12 779 286 1083 662 0
546 4 400 417 507 622 0
546 12 941 340 1269 718 0
547 4 568 474 689 663 0
547 12 1188 390 1449 770 0
548 4 736 531 870 704 0
548 12 1333 432 1612 808 0
548 14 0 471 359 955 0
549 4 860 563 1018 744 0
549 10 1 280 235 621 1
549 12 1479 468 1804 862 0
549 14 0 512 480 999 0
550 4 978 576 1142 784 0
550 10 42 294 371 697 1
550 11 1452 655 1548 757 0
550 12 1630 496 1909 894 0
550 14 74 512 655 1031 0
551 4 1050 583 1229 786 0
551 10 150 361 503 753 1
551 11 1581 685 1640 763 0
551 12 1731 496 1909 894 0
551 14 234 558 769 1039 0
552 4 1123 620 1310 787 0
552 10 193 342 560 774 1
552 11 1662 685 1731 789 0
552 14 364 562 816 1039 0
553 4 1184 632 1379 840 0
553 10 271 384 597 782 1
553 11 1746 714 1824 805 0
553 14 458 587 914 1039 0
554 4 1232 638 1425 849 0
554 10 303 396 649 795 1
554 11 1818 714 1885 821 0
554 14 556 603 1000 1039 0
555 4 1275 631 1479 857 0
555 10 322 396 677 787 1
555 11 1856 725 1915 835 0
555 14 637 639 1040 1039 0
556 4 1296 622 1489 828 0
556 10 327 370 674 771 1
556 11 1876 725 1919 818 0
556 14 683 639 1086 1039 0
557 4 1286 616 1463 803 0
557 10 298 361 652 754 1
557 11 1856 702 1918 794 0
557 14 709 601 1085 1011 0
558 4 1265 571 1461 791 0
558 10 239 299 615 718 1
558 11 1822 666 1902 758 0
558 14 709 601 1085 978 0
559 4 1220 520 1405 735 0
559 10 146 262 517 692 1
559 11 1765 622 1808 688 0
559 14 686 528 1049 905 0
559 14 706 545 1014 892 0
560 4 1168 481 1332 682 0
560 10 0 142 347 610 1
560 11 1687 545 1764 632 0
560 14 643 481 992 857 0
561 4 1094 429 1259 617 0
561 10 1 71 229 574 1
561 11 1595 501 1680 577 0
561 12 1761 346 1918 700 0
561 9 488 550 581 654 0
561 14 624 435 935 811 0
562 4 1021 406 1176 594 0
562 11 1513 464 1598 541 0
562 12 1672 321 1918 682 0
562 9 441 528 505 625 0
562 14 577 400 888 784 0
563 4 962 369 1123 554 0
563 11 1427 423 1515 511 0
563 12 1597 267 1918 641 0
563 9 361 500 439 605 0
563 14 515 353 854 748 0
564 4 956 364 1138 547 0
564 11 1431 401 1486 511 0
564 12 1602 267 1857 641 0
564 9 358 529 432 591 0
564 14 558 351 863 719 0
565 4 848 316 990 503 0
565 11 1314 379 1368 477 0
565 12 1467 255 1683 576 0
565 9 217 453 306 543 0
565 14 446 310 778 690 0
566 5 359 392 407 539 0
566 4 800 302 953 479 0
566 11 1247 368 1309 448 0
566 12 1397 221 1649 554 0
566 9 143 428 235 520 0
566 14 402 268 734 648 0
567 5 295 380 367 525 0
567 4 753 263 876 462 0
567 11 1207 352 1258 433 0
567 12 1337 221 1581 554 0
567 9 79 417 171 504 0
567 14 373 268 690 648 0
568 5 220 347 321 498 0
568 4 713 250 841 436 0
568 11 1158 352 1210 433 0
568 12 1280 208 1533 546 0
568 9 18 396 99 506 0
568 14 345 244 662 624 0
569 5 167 347 261 485 0
569 4 663 216 792 439 0
569 11 1113 331 1169 421 0
569 12 1216 189 1436 512 0
569 14 299 233 616 613 0
570 5 100 328 202 490 0
570 4 613 210 747 418 0
570 11 1056 315 1121 407 0
570 12 1159 162 1411 509 0
570 14 264 220 581 600 0
571 5 22 328 122 487 0
571 4 550 204 677 404 0
571 11 1004 315 1062 407 0
571 12 1097 162 1304 492 0
571 14 223 191 540 571 0
572 4 480 184 619 383 0
572 11 939 302 998 394 0
572 12 1036 162 1303 492 0
572 14 106 191 493 571 0
573 4 404 176 527 377 0
573 11 862 302 922 381 0
573 12 958 162 1189 472 0
573 14 60 191 431 571 0
574 4 315 168 426 332 0
574 11 806 286 862 381 0
574 12 859 157 1108 482 0
574 14 1 178 304 558 0
575 4 218 164 338 338 0
575 11 715 286 789 381 0
575 12 778 155 981 482 0
575 14 1 178 255 558 0
576 4 114 146 247 307 0
576 11 627 273 710 381 0
576 12 693 146 920 482 0
577 4 114 146 247 307 0
577 11 627 273 710 382 0
577 12 691 155 887 482 0
578 12 492 124 800 482 0
578 13 149 332 196 387 0
579 12 435 102 695 482 0
579 13 72 332 120 395 0
580 12 355 102 645 482 0
580 13 0 332 41 395 0
581 12 289 97 577 482 0
582 12 241 91 515 498 0
583 12 182 91 470 498 0
584 12 135 81 423 498 0
585 12 102 85 400 499 0
586 12 52 101 379 541 0
587 12 9 101 317 541 0
588 12 0 101 261 541 0
589 12 0 101 297 541 0
646 11 1 60 50 210 0
647 11 1 60 57 214 0
648 11 0 68 65 226 0
649 11 1 50 75 220 0
650 11 4 30 88 208 0
651 11 2 36 72 204 0
651 13 56 100 107 179 0
652 11 1 66 64 218 0
652 13 44 96 108 180 0
653 13 26 106 96 190 0
654 13 1 110 81 196 0
655 13 1 110 51 196 0
656 13 1 110 51 196 0
764 13 238 0 463 172 0
765 13 275 3 533 231 0
766 13 350 0 603 279 0
767 13 370 0 656 313 0
768 13 401 3 709 355 0
769 13 430 28 728 404 0
770 13 450 38 768 416 0
771 13 487 52 799 442 0
772 13 478 76 806 472 0
773 13 482 92 824 500 0
774 13 520 104 859 510 0
775 13 530 100 873 524 0
776 13 550 169 897 519 0
777 13 556 145 903 572 0
778 13 576 188 923 569 0
779 13 603 205 977 579 0
780 13 632 143 1020 589 0
781 13 677 94 1073 592 0
782 13 767 106 1145 606 0
783 13 804 104 1238 630 0
784 13 872 104 1341 636 0
785 13 971 104 1461 636 0
786 13 1053 145 1593 675 0
787 13 1154 162 1747 718 0
788 13 1255 178 1901 761 0
789 13 1378 79 1918 807 0
790 13 1434 79 1917 877 0
791 13 1514 172 1918 950 0
1429 5 1854 170 1917 265 0
1430 5 1838 197 1917 290 0
1431 5 1822 206 1918 306 0
1432 5 1823 226 1919 326 0
1433 5 1837 248 1920 348 0
1434 5 1861 268 1919 368 0
1434 4 156 1 333 123 0
1435 5 1878 288 1917 387 0
1435 4 187 1 358 171 0
1436 4 228 42 389 196 0
1437 4 274 82 419 240 0
1438 4 307 118 452 276 0
1439 4 356 150 501 308 0
1440 4 402 179 547 337 0
1441 4 476 205 600 353 0
1442 4 558 245 658 382 0
1443 4 647 272 747 409 0
1444 4 744 311 831 448 0
1445 4 842 324 929 461 0
1446 4 936 349 1023 484 0
1447 4 1019 362 1106 497 0
1448 4 1099 370 1186 505 0
1449 4 1169 386 1256 521 0
1450 4 1260 385 1347 510 0
1451 4 1374 380 1461 505 0
1452 4 1533 343 1619 475 0
1453 4 1738 320 1837 435 0
1681 11 73 0 184 48 0
1682 11 119 0 225 64 0
1683 11 168 0 284 54 0
1684 11 234 0 336 48 0
1685 11 283 0 390 48 0
1686 11 351 0 436 45 0
1687 11 407 0 502 40 0
1697 11 756 5 841 38 0
1698 11 767 3 867 46 0
1699 11 778 1 893 55 0
1700 11 790 0 920 64 0
1701 11 807 0 940 78 0
1702 11 811 0 955 92 0
1703 11 809 0 953 99 0
1704 11 836 0 988 86 0
1705 11 872 0 987 86 0
1706 11 872 1 1000 66 0
1707 11 907 1 1011 62 0
1708 11 931 1 1038 53 0
1709 11 931 1 1049 53 0
1720 11 1164 0 1296 79 0
1721 11 1203 2 1342 85 0
1722 11 1217 2 1390 120 0
1723 11 1232 6 1415 154 0
1724 11 1260 32 1431 202 0
1725 11 1278 76 1450 255 0
1726 11 1302 142 1464 303 0
1727 11 1300 183 1488 353 0
1728 11 1294 196 1490 399 0
1729 11 1293 231 1476 419 0
1730 11 1289 262 1449 437 0
1731 11 1258 274 1435 452 0
1732 11 1242 262 1442 452 0
1733 11 1193 314 1385 491 0
1734 11 1176 318 1376 504 0
1735 11 1174 341 1380 517 0
1736 11 1188 338 1394 528 0
1737 11 1200 350 1412 546 0
1738 11 1236 372 1420 555 0
1739 11 1315 380 1481 566 0
1740 11 1433 394 1589 583 0
1741 11 1634 406 1789 564 0
1820 1 250 381 284 416 0
1821 1 245 403 282 445 0
1822 1 250 430 283 468 0
1823 1 253 453 290 492 0
1824 1 263 473 292 511 0
1825 1 263 501 298 543 0
1825 2 393 526 437 556 0
1826 1 260 519 297 562 0
1826 2 391 541 438 574 0
1827 1 260 532 295 581 0
1827 2 386 558 433 595 0
1828 1 256 555 293 600 0
1828 2 383 582 431 614 0
1829 1 256 578 293 616 0
1829 2 383 602 431 635 0
1830 1 270 599 305 633 0
1830 2 394 620 437 656 0
1831 1 287 609 318 651 0
1831 2 410 632 450 673 0
1832 1 312 622 343 660 0
1859 7 702 395 741 453 0
1860 7 714 382 755 438 0
1861 7 708 380 752 437 0
1862 7 744 345 786 396 0
1863 7 779 332 811 379 0
1864 7 807 317 838 365 0
1865 7 830 303 866 350 0
1866 7 846 290 886 342 0
1867 7 857 276 900 335 0
1868 7 857 278 897 335 0
1869 7 863 268 907 327 0
1870 7 862 263 909 320 0
1871 7 859 255 909 317 0
1872 7 868 255 911 311 0
1873 7 892 241 925 299 0
1882 7 1717 47 1759 106 0
1883 7 1776 22 1828 90 0
1884 7 1821 2 1887 75 0
1963 4 1335 3 1444 65 0
1964 4 1301 3 1383 79 0
1965 4 1249 19 1341 88 0
1966 4 1200 19 1289 93 0
1967 4 1159 27 1254 107 0
1968 4 1116 46 1209 110 0
1969 4 1083 46 1172 131 0
1970 4 1045 53 1132 142 0
1970 7 173 1 342 108 0
1971 4 1005 57 1098 144 0
1971 7 141 8 291 112 0
1972 4 982 65 1061 151 0
1972 7 55 1 262 107 0
1973 4 946 69 1039 159 0
1973 7 33 1 226 130 0
1974 4 921 84 1025 172 0
1974 7 12 1 194 140 0
1975 4 903 101 1002 189 0
1975 7 12 1 146 159 0
1976 4 884 117 985 203 0
1976 7 5 1 116 171 0
1977 4 866 133 968 216 0
1977 7 0 1 87 183 0
1978 4 858 151 957 243 0
1979 4 858 180 950 259 0
1980 4 844 192 943 279 0
1981 4 844 208 939 293 0
1982 4 844 215 936 310 0
1983 4 851 224 946 325 0
1984 4 858 243 953 335 0
1985 4 858 247 953 346 0
1986 4 857 247 951 346 0
1987 4 855 247 947 346 0
1988 4 844 245 932 340 0
1989 4 837 245 920 332 0
1990 4 816 236 920 331 0
1991 4 805 236 893 331 0
1992 4 792 236 893 333 0
1993 4 781 255 870 348 0
1994 4 764 255 861 354 0
1995 4 746 255 850 359 0
1996 4 735 255 831 366 0
1997 4 714 255 832 357 0
1998 4 696 255 796 357 0
1999 4 681 251 783 342 0
2000 4 668 253 766 342 0
2001 4 660 259 761 352 0
2002 4 652 266 756 364 0
2003 4 647 274 751 369 0
2004 4 641 281 745 372 0
2005 4 641 294 745 381 0
2006 4 641 294 745 390 0
2007 4 635 303 733 399 0
2008 4 635 319 722 409 0
2009 4 626 330 713 422 0
2010 4 617 348 706 432 0
2011 4 603 355 692 447 0
2012 4 591 364 674 457 0
2013 4 566 364 664 461 0
2014 4 532 375 630 470 0
2015 4 498 386 595 479 0
2016 4 476 386 564 481 0
2017 4 441 386 539 481 0
2018 4 416 386 516 481 0
2019 4 387 398 482 496 0
2020 4 353 402 448 500 0
2021 4 318 415 413 513 0
2022 4 291 405 386 503 0
2023 4 264 419 370 525 0
2024 4 262 419 374 535 0
2025 4 273 421 385 537 0
2026 4 306 417 418 533 0
2027 4 347 407 459 523 0
2028 4 396 409 508 525 0
2029 4 436 407 548 523 0
2030 4 465 406 577 522 0
2031 4 493 404 605 520 0
2032 4 520 408 632 524 0
2033 4 550 413 662 529 0
2034 4 590 401 702 517 0
2035 4 648 399 752 511 0
2036 4 701 393 820 499 0
2066 4 1688 30 1854 228 0
2067 4 1702 41 1868 239 0
2068 4 1723 39 1889 237 0
2069 4 1730 54 1896 237 0
2070 4 1738 69 1904 237 0
2071 4 1738 83 1904 251 0
2072 4 1738 98 1904 266 0
2073 4 1741 119 1907 287 0
2074 4 1754 149 1920 317 0
2075 4 1755 149 1920 325 0
2076 4 1757 149 1920 333 0
2077 4 1757 153 1920 341 0
2078 4 1757 156 1920 347 0
2079 4 1757 156 1920 363 0
2080 4 1755 174 1918 381 0
2081 4 1768 199 1918 381 0
2082 4 1768 209 1918 393 0
2083 4 1791 240 1918 419 0
2084 4 1800 243 1920 440 0
2085 4 1800 259 1920 440 0
2086 4 1793 303 1920 466 0
2087 4 1780 303 1920 487 0
2088 4 1755 319 1920 500 0
2089 4 1736 319 1913 501 0
2090 4 1742 326 1910 516 0
2091 4 1666 342 1846 496 0
2092 4 1631 328 1788 494 0
2093 4 1578 318 1753 488 0
2094 4 1536 316 1695 482 0
2095 4 1498 314 1637 478 0
2096 4 1453 312 1581 479 0
2097 4 1415 308 1548 460 0
2098 4 1371 302 1515 465 0
2099 4 1366 306 1513 471 0
2100 4 1272 292 1399 450 0
2101 4 1213 282 1344 439 0
2102 4 1156 280 1293 440 0
2103 4 1114 272 1241 428 0
2104 4 1072 264 1193 427 0
2105 4 1034 256 1163 408 0
2106 4 1000 256 1140 420 0
2107 4 986 248 1123 402 0
2108 4 974 254 1132 410 0
2109 4 981 256 1133 421 0
2110 4 990 254 1136 426 0
2111 4 998 262 1146 436 0
2112 4 1002 282 1164 446 0
2113 4 1012 280 1176 446 0
2114 4 1014 276 1174 446 0
2115 4 998 282 1156 448 0
2116 4 1009 294 1135 450 0
2117 4 985 312 1108 456 0
2118 4 962 326 1100 480 0
2119 4 939 345 1072 489 0
2120 4 928 336 1076 501 0
2121 4 847 378 955 512 0
2122 4 775 394 870 526 0
2123 4 652 400 741 541 0
2124 4 494 404 602 524 0
2125 4 338 392 441 514 0
2126 4 145 382 281 506 0
2140 7 1838 539 1915 616 0
2141 7 1776 534 1851 622 0
2142 7 1705 532 1802 612 0
2143 7 1669 524 1755 612 0
2144 7 1635 520 1715 606 0
2145 7 1590 525 1685 605 0
2146 7 1559 514 1653 602 0
2147 7 1530 512 1616 600 0
2148 7 1496 510 1593 600 0
2148 11 1867 548 1919 643 0
2149 7 1480 498 1575 594 0
2149 11 1858 545 1919 635 0
2150 7 1467 500 1567 585 0
2150 11 1851 528 1919 623 0
2151 7 1470 496 1562 594 0
2151 11 1856 526 1919 634 0
2152 7 1446 504 1537 602 0
2152 11 1853 534 1919 629 0
2153 7 1432 512 1530 604 0
2153 11 1851 532 1919 642 0
2154 7 1423 514 1515 612 0
2154 11 1854 534 1919 644 0
2155 7 1416 514 1501 610 0
2155 11 1848 530 1919 640 0
2156 7 1402 514 1499 606 0
2156 11 1850 532 1919 642 0
2157 7 1399 512 1485 610 0
2157 11 1854 538 1918 650 0
2158 7 1394 512 1487 610 0
2158 11 1858 544 1918 658 0
2159 7 1395 512 1487 595 0
2159 11 1854 540 1919 652 0
2160 7 1403 516 1501 588 0
2160 11 1873 564 1919 668 0
2161 7 1402 514 1499 582 0
2161 11 1876 564 1919 668 0
2162 7 1403 504 1500 582 0
2162 11 1879 564 1919 668 0
2163 7 1397 512 1495 581 0
2163 11 1873 557 1919 653 0
2164 7 1389 508 1486 568 0
2164 11 1864 550 1919 656 0
2165 7 1372 505 1470 585 0
2165 11 1861 547 1919 647 0
2166 7 1372 502 1463 577 0
2166 11 1851 545 1920 653 0
2167 7 1372 496 1467 588 0
2167 11 1852 530 1919 648 0
2168 7 1378 505 1473 585 0
2168 11 1860 526 1920 640 0
2169 7 1388 504 1481 592 0
2169 11 1870 536 1919 639 0
2170 7 1400 506 1494 576 0
2170 11 1876 553 1919 639 0
2171 7 1402 508 1508 596 0
2172 7 1418 512 1524 594 0
2173 7 1450 508 1542 588 0
2174 7 1466 512 1568 596 0
2175 7 1452 514 1552 592 0
2176 7 1492 502 1596 582 0
2177 7 1534 490 1623 555 0
2178 7 1556 490 1646 553 0
2179 7 1562 492 1663 549 0
2180 7 1588 484 1688 551 0
2181 7 1612 490 1708 557 0
2182 7 1632 508 1730 569 0
2183 7 1644 512 1753 577 0
2184 7 1662 517 1770 576 0
2185 7 1684 515 1790 579 0
2186 7 1710 518 1812 587 0
2187 7 1713 520 1815 583 0
2188 7 1764 522 1879 586 0
2189 7 1792 520 1902 581 0
2190 7 1820 521 1919 582 0
2191 7 1844 521 1920 582 0
3289 11 1280 719 1364 790 0
3290 11 1232 716 1302 778 0
3291 11 1182 703 1259 770 0
3292 11 1149 691 1223 760 0
3293 11 1113 680 1198 753 0
3294 11 1092 677 1174 741 0
3295 11 1068 669 1155 741 0
3296 11 1052 664 1142 734 0
3297 11 1052 664 1129 730 0
3298 11 1052 664 1125 726 0
3299 11 1030 645 1125 725 0
3300 11 1030 645 1117 724 0
3301 11 1022 645 1110 722 0
3302 11 1015 645 1104 721 0
3303 11 1007 645 1097 722 0
3304 11 999 645 1091 724 0
3305 11 991 645 1083 730 0
3306 11 980 658 1083 737 0
3307 11 980 658 1076 741 0
3308 11 974 658 1066 741 0
3309 11 974 664 1066 747 0
3310 11 972 663 1065 747 0
3311 11 970 661 1064 746 0
3312 11 967 660 1061 747 0
3313 11 965 659 1060 747 0
3314 11 963 658 1059 747 0
3315 11 963 658 1055 738 0
3316 11 951 644 1046 724 0
3317 11 948 638 1040 715 0
3318 11 941 632 1040 715 0
3319 11 935 612 1037 698 0
3320 11 935 612 1027 689 0
3321 11 927 597 1018 680 0
3322 11 918 582 1008 671 0
3323 11 918 582 992 667 0
3324 11 889 571 984 666 0
3325 11 876 571 972 666 0
3326 11 862 571 961 666 0
3327 11 850 571 948 666 0
3328 11 833 571 933 666 0
3329 11 819 571 919 668 0
3330 11 805 571 904 670 0
3331 11 782 571 888 670 0
3332 11 782 571 872 670 0
3333 11 764 571 863 676 0
3334 11 738 577 843 679 0
3335 11 722 577 832 680 0
3336 11 706 577 821 682 0
3337 11 697 585 810 683 0
3338 11 687 593 799 683 0
3339 11 687 593 799 682 0
3340 11 687 593 799 681 0
3341 11 687 593 799 680 0
3342 11 687 573 799 672 0
3343 11 704 558 812 662 0
3344 11 720 543 823 652 0
3345 11 748 526 848 634 0
3346 11 777 509 873 615 0
3347 11 820 481 919 584 0
3348 11 871 444 965 541 0
3349 11 923 407 1012 498 0
3350 11 977 370 1072 461 0
3351 11 1030 333 1130 424 0
3352 11 1094 294 1194 394 0
3353 11 1146 262 1239 364 0
3354 11 1198 230 1285 334 0
3355 11 1249 211 1345 320 0
3356 11 1288 193 1388 291 0
3357 11 1334 193 1443 291 0
3358 11 1382 176 1491 291 0
3401 11 1593 2 1874 197 0
3402 11 1540 2 1778 214 0
3403 11 1489 2 1735 242 0
3404 11 1438 2 1693 270 0
3405 11 1438 2 1669 270 0
3406 11 1486 2 1711 257 0
3407 11 1534 2 1752 243 0
3408 11 1582 2 1794 230 0
3409 11 1630 2 1835 217 0
4372 11 1030 220 1165 303 0
4373 11 1018 249 1150 339 0
4374 11 1009 270 1150 359 0
4375 4 715 334 789 387 0
4375 11 1009 295 1140 385 0
4376 4 715 353 789 407 0
4376 11 1001 317 1130 407 0
4377 4 725 367 797 421 0
4377 11 998 341 1130 428 0
4378 4 735 390 801 443 0
4378 11 998 353 1130 443 0
4379 4 735 405 809 459 0
4379 11 998 370 1130 465 0
4380 4 744 425 816 478 0
4380 11 992 393 1130 486 0
4381 4 750 445 816 495 0
4381 11 992 407 1130 505 0
4382 4 759 461 831 511 0
4382 11 988 432 1130 519 0
4383 4 769 478 842 531 0
4383 11 985 441 1120 539 0
4384 4 779 485 853 539 0
4384 11 985 458 1120 551 0
4385 4 796 503 868 557 0
4385 11 985 472 1120 564 0
4386 4 810 510 880 563 0
4386 11 985 490 1120 579 0
4387 4 823 510 890 566 0
4387 11 985 496 1120 582 0
4388 4 834 520 906 574 0
4388 11 985 503 1120 586 0
4389 4 842 520 914 574 0
4389 11 984 503 1116 586 0
4390 4 854 520 920 574 0
4390 11 984 503 1113 586 0
4391 4 854 518 924 571 0
4391 11 984 491 1113 571 0
4392 4 854 517 928 568 0
4392 11 960 491 1089 571 0
4393 4 848 517 928 563 0
4393 11 960 468 1089 563 0
4394 4 848 517 928 563 0
4394 11 960 468 1081 563 0
4395 4 848 517 928 563 0
4395 11 930 474 1046 563 0
4396 11 909 474 1035 573 0
4397 11 891 474 1025 573 0
4398 11 883 474 1007 573 0
4399 11 868 474 996 573 0
4400 11 848 474 979 573 0
4401 11 828 474 963 573 0
4402 11 815 484 941 584 0
4403 11 802 494 920 594 0
4404 11 767 505 877 605 0
4405 11 726 513 838 611 0
4406 11 684 521 797 616 0
4407 11 657 512 779 610 0
4408 11 630 502 761 603 0
4409 11 602 502 761 587 0
4410 11 607 487 761 577 0
4411 11 611 473 760 569 0
4412 11 611 459 760 559 0
4413 11 611 445 760 549 0
4414 11 611 439 760 544 0
4415 11 621 439 761 544 0
4416 4 771 466 830 532 0
4416 11 630 421 770 526 0
4417 4 776 464 836 525 0
4417 11 630 413 770 521 0
4418 4 781 463 843 519 0
4418 11 630 405 770 516 0
4419 4 762 463 824 519 0
4419 11 618 404 759 516 0
4420 11 589 409 730 521 0
4421 11 549 416 690 528 0
4422 11 502 432 643 544 0
4423 11 504 422 652 525 0
4424 11 399 432 516 556 0
4425 11 398 428 549 540 0
4426 11 269 430 386 554 0
4427 11 197 430 314 544 0
4428 11 201 419 334 543 0
4429 11 44 415 161 529 0
4430 11 0 415 104 529 0
4431 11 0 415 104 529 0
4454 4 127 547 221 631 0
4455 4 127 568 218 641 0
4455 9 551 597 638 663 0
4456 4 128 562 216 652 0
4456 9 556 603 639 663 0
4457 4 122 595 210 672 0
4457 7 490 640 543 688 0
4457 9 545 623 634 682 0
4458 4 125 594 209 674 0
4458 7 500 640 544 695 0
4458 9 545 623 634 692 0
4459 4 126 592 212 681 0
4459 7 504 644 550 699 0
4459 9 545 626 635 696 0
4460 4 136 620 222 686 0
4460 7 509 647 557 702 0
4460 9 545 630 637 702 0
4461 4 146 608 230 688 0
4461 7 509 647 557 702 0
4461 9 550 625 640 695 0
4462 4 144 606 230 700 0
4462 7 509 647 557 702 0
4462 9 555 621 642 689 0
4463 4 154 597 243 675 0
4463 9 559 616 644 682 0
4464 4 162 585 250 661 0
4464 9 559 609 644 672 0
4465 4 160 580 248 669 0
4465 9 566 595 651 655 0
4466 4 170 554 258 643 0
4466 9 573 582 658 640 0
4467 4 179 539 267 619 0
4467 9 573 565 658 621 0
4468 4 184 538 268 622 0
4468 9 573 554 658 612 0
4469 4 184 517 269 589 0
4469 9 573 542 658 602 0
4470 4 186 514 274 595 0
4470 9 573 548 658 603 0
4471 4 188 506 281 585 0
4471 9 579 533 658 589 0
4472 4 201 501 284 581 0
4472 9 587 530 667 588 0
4473 4 198 500 284 584 0
4473 9 597 530 677 589 0
4474 4 225 502 304 580 0
4474 9 607 529 687 588 0
4475 4 230 504 314 582 0
4475 9 607 529 687 582 0
4476 4 250 499 335 581 0
4476 9 626 527 703 583 0
4477 4 256 506 345 582 0
4477 9 633 527 716 585 0
4478 4 260 504 346 582 0
4478 9 639 527 725 587 0
4479 4 282 506 368 582 0
4479 9 645 527 734 590 0
4480 4 282 506 368 582 0
4480 9 653 531 742 591 0
4481 4 304 508 390 584 0
4481 9 661 536 750 594 0
4482 4 299 508 397 582 0
4482 9 666 536 750 594 0
4483 4 316 508 395 582 0
4483 9 666 536 750 594 0
4484 4 340 510 426 584 0
4484 9 679 536 773 599 0
4485 4 319 508 411 585 0
4485 9 679 536 773 598 0
4486 4 337 508 426 580 0
4486 9 688 536 780 594 0
4487 4 350 506 436 578 0
4487 9 693 536 780 594 0
4488 4 339 506 435 576 0
4488 9 693 536 780 594 0
4489 4 362 494 448 564 0
4490 4 351 495 447 563 0
4491 4 371 454 471 524 0
4492 4 378 434 472 493 0
4952 4 1141 632 1195 704 0
4953 4 1184 638 1241 712 0
4954 4 1217 643 1276 719 0
4955 4 1249 648 1309 727 0
4956 4 1272 653 1340 734 0
4957 4 1295 658 1371 741 0
4958 4 1318 664 1393 750 0
4959 4 1323 666 1406 752 0
4960 4 1317 666 1406 752 0
4961 4 1331 676 1417 759 0
4962 4 1335 676 1423 768 0
4963 4 1336 682 1422 762 0
4964 4 1332 682 1416 772 0
4965 4 1310 680 1384 765 0
4966 4 1291 676 1357 758 0
4967 4 1280 670 1358 756 0
4968 4 1224 673 1294 745 0
4969 4 1227 667 1296 741 0
4970 4 1175 638 1252 710 0
4971 4 1183 637 1256 706 0
4972 4 1119 624 1186 697 0
4973 4 1085 627 1149 697 0
4974 4 1086 619 1152 692 0
4975 4 1008 630 1071 702 0
4976 4 968 632 1022 705 0
4977 4 959 635 1019 704 0
4978 4 860 634 922 704 0
4979 4 870 632 919 705 0
4980 4 776 632 839 702 0
4981 4 737 628 800 697 0
4982 4 740 627 799 699 0
4983 4 665 615 724 684 0
4984 4 616 614 676 678 0
4985 4 568 614 624 677 0
4986 4 521 614 572 676 0
4987 4 470 613 529 671 0
4988 4 420 612 487 666 0
4989 4 388 605 450 667 0
4990 4 348 605 415 667 0
4991 4 307 605 379 667 0
4992 4 276 598 348 667 0
4993 4 243 591 315 660 0
4994 4 211 583 284 653 0
4995 4 173 579 255 653 0
4996 4 137 571 222 644 0
4997 4 101 563 188 635 0
4998 4 75 556 160 635 0
4999 4 43 552 127 635 0
5000 4 10 547 93 634 0
5001 4 10 547 93 634 0
5279 7 280 425 472 574 0
5280 7 297 458 492 607 0
5281 7 325 476 515 620 0
5282 7 353 494 538 633 0
5283 7 386 494 551 653 0
5284 7 441 509 605 653 0
5285 7 496 524 658 653 0
5286 7 552 508 711 653 0
5287 7 598 521 753 660 0
5288 7 645 534 797 666 0
5289 7 698 524 843 666 0
5290 7 731 524 896 666 0
5291 7 761 524 923 666 0
5292 7 790 524 949 666 0
5293 7 790 534 958 679 0
5294 7 830 534 1002 679 0
5295 7 853 534 1018 679 0
5296 7 872 534 1039 679 0
5297 7 890 534 1058 679 0
5298 7 890 534 1075 679 0
5299 7 913 534 1093 679 0
5300 7 936 534 1111 679 0
5301 7 956 534 1134 679 0
5302 7 973 534 1156 679 0
5303 7 989 534 1177 679 0
5304 7 1002 516 1190 665 0
5305 7 1016 498 1204 650 0
5306 7 1022 498 1204 633 0
5307 7 1022 498 1204 627 0
5308 7 1022 498 1204 620 0
5309 7 1032 498 1220 610 0
5310 7 1032 498 1220 602 0
5311 7 1032 498 1220 594 0
5312 7 1032 493 1220 594 0
5313 7 1032 488 1220 594 0
5314 7 1032 458 1200 583 0
5315 7 1032 458 1191 578 0
5316 7 1032 458 1181 573 0
5317 7 999 458 1181 573 0
5318 7 999 458 1181 567 0
5319 7 999 458 1181 560 0
5320 7 979 458 1167 550 0
5321 7 979 458 1167 550 0
6081 4 299 803 324 862 0
6082 4 299 803 324 862 0
6083 4 299 803 324 862 0
6084 4 299 803 324 862 0
6085 4 299 803 324 862 0
6086 4 299 803 324 862 0
6087 4 301 802 328 861 0
6088 4 303 801 333 859 0
6089 4 305 800 338 858 0
6090 4 305 799 336 857 0
6091 4 305 798 335 856 0
6092 4 305 798 334 857 0
6093 4 305 797 332 856 0
6094 4 305 796 331 855 0
6095 4 305 796 331 856 0
6096 4 305 795 330 855 0
6128 11 419 538 485 670 0
6129 11 419 501 515 669 0
6130 11 419 488 526 647 0
6131 11 419 475 538 624 0
6132 11 419 463 554 617 0
6133 11 419 451 571 610 0
6134 11 419 451 571 593 0
6135 11 433 427 592 577 0
6136 11 446 402 611 561 0
6137 11 456 402 611 561 0
6138 11 456 402 611 561 0
6153 11 727 196 909 341 0
6154 11 734 196 917 341 0
6155 11 741 196 925 341 0
6156 11 747 196 932 341 0
6157 11 747 216 932 361 0
6158 11 747 223 932 362 0
6159 11 760 264 945 409 0
6160 11 779 294 966 434 0
6161 11 797 324 985 459 0
6162 11 833 324 985 473 0
6163 11 820 324 1005 473 0
6164 11 846 377 1038 516 0
6165 11 866 377 1058 536 0
6166 11 873 412 1061 559 0
6167 11 880 447 1065 582 0
6168 11 880 490 1068 615 0
6169 11 880 511 1068 641 0
6170 11 880 533 1068 668 0
6171 11 880 566 1068 688 0
6172 11 880 579 1060 709 0
6173 11 880 592 1052 731 0
6174 11 880 616 1052 755 0
6175 11 880 634 1052 768 0
6176 11 880 652 1052 781 0
6177 11 880 652 1052 791 0
6178 11 890 672 1055 809 0
6179 11 899 692 1058 827 0
6180 11 899 715 1071 854 0
6181 11 929 735 1099 874 0
6182 11 959 755 1127 894 0
6183 11 984 761 1144 910 0
6184 11 1009 768 1161 927 0
6185 11 1009 781 1174 926 0
6186 11 1035 784 1194 939 0
6187 11 1062 788 1214 953 0
6188 11 1062 801 1217 953 0
6189 11 1078 801 1217 953 0
6190 11 1092 801 1234 958 0
6191 11 1105 801 1250 963 0
6192 11 1115 820 1261 973 0
6193 11 1125 838 1273 983 0
6194 11 1149 838 1272 983 0
6195 11 1158 838 1285 987 0
6196 11 1168 838 1299 991 0
6197 11 1168 838 1318 991 0
6198 11 1189 838 1318 991 0
6199 11 1199 838 1318 991 0
6200 11 1208 838 1318 991 0
6201 11 1215 848 1349 1001 0
6202 11 1222 857 1380 1010 0
6203 11 1232 857 1401 1010 0
6204 11 1261 866 1425 1020 0
6205 11 1289 876 1447 1032 0
6206 11 1320 889 1474 1041 0
6207 11 1351 903 1501 1051 0
6208 11 1380 903 1546 1051 0
6209 11 1407 903 1571 1057 0
6210 11 1434 903 1595 1064 0
6211 11 1459 922 1617 1075 0
6212 11 1467 928 1636 1074 0
6213 11 1483 940 1655 1074 0
6214 11 1504 954 1654 1075 0
6215 11 1504 951 1663 1074 0
6216 11 1504 949 1672 1075 0
6217 11 1504 946 1681 1075 0
6218 11 1498 944 1682 1075 0
6219 11 1491 942 1681 1075 0
6220 11 1485 939 1681 1074 0
6221 11 1478 937 1681 1074 0
6222 11 1472 935 1681 1074 0
6223 11 1445 897 1646 1074 0
6224 11 1434 889 1627 1055 0
6225 11 1418 889 1617 1055 0
6226 11 1402 889 1606 1055 0
6227 11 1389 887 1590 1056 0
6228 11 1375 884 1574 1056 0
6229 11 1375 884 1574 1034 0
6230 11 1356 870 1552 1034 0
6231 11 1337 860 1525 1008 0
6232 11 1321 849 1525 1007 0
6233 11 1310 849 1498 1007 0
6234 11 1300 849 1472 1007 0
6235 11 1281 849 1458 1007 0
6236 11 1262 849 1444 1007 0
6237 11 1238 849 1407 1007 0
6238 11 1222 849 1391 1007 0
6239 11 1206 849 1375 1007 0
6240 11 1179 846 1349 1007 0
6241 11 1152 843 1322 1007 0
6242 11 1144 840 1314 1004 0
6243 11 1135 837 1305 1000 0
6244 11 1095 816 1258 973 0
6245 11 1056 795 1213 945 0
6246 11 1030 788 1188 939 0
6247 11 1004 780 1163 933 0
6248 11 993 780 1148 933 0
6249 11 981 778 1130 933 0
6250 11 969 776 1113 933 0
6251 11 956 776 1115 920 0
6252 11 932 780 1089 924 0
6253 11 923 774 1081 918 0
6254 11 925 774 1081 918 0
6255 11 903 766 1055 908 0
6256 11 894 756 1047 898 0
6257 11 897 756 1047 898 0
6258 11 884 741 1046 887 0
6259 11 888 744 1043 888 0
6260 11 873 722 1012 866 0
6261 11 851 708 971 852 0
6262 11 857 708 968 852 0
6263 11 689 696 779 799 0
6264 11 576 656 678 767 0
6265 11 575 649 673 770 0
6266 11 387 572 552 687 0
6267 11 392 563 562 685 0
6268 11 382 492 537 620 0
6269 11 412 469 586 608 0
6270 11 422 466 577 601 0
6271 11 509 456 670 595 0
6272 11 504 455 687 603 0
6273 11 585 466 752 604 0
6274 11 621 478 796 625 0
6275 11 624 475 786 613 0
6276 11 687 507 849 631 0
6277 11 708 510 883 657 0
6278 11 716 510 874 657 0
6279 11 777 533 938 678 0
6280 11 807 543 951 684 0
6281 11 832 558 973 695 0
6282 11 856 574 994 706 0
6283 11 879 593 1014 727 0
6284 11 885 593 1026 727 0
6285 11 923 632 1070 758 0
6286 11 930 655 1090 790 0
6287 11 930 678 1087 809 0
6288 11 930 701 1085 828 0
6289 11 930 718 1081 852 0
6290 11 930 727 1074 861 0
6291 11 930 736 1067 870 0
6292 11 927 740 1067 870 0
6293 11 924 743 1067 869 0
6294 11 921 747 1067 869 0
6295 11 919 750 1068 868 0
6296 11 910 750 1057 897 0
6297 11 895 763 1042 909 0
6298 11 879 775 1026 920 0
6299 11 863 788 1013 932 0
6300 11 848 801 1002 944 0
6301 11 832 814 990 956 0
6302 11 832 814 990 964 0
6303 11 798 851 957 1003 0
6304 11 782 867 927 1014 0
6305 11 766 885 916 1040 0
6306 11 750 903 904 1066 0
6307 11 741 922 893 1073 0
6308 11 732 940 882 1080 0
6309 11 720 949 883 1080 0
6310 11 711 958 869 1080 0
6311 11 702 967 856 1080 0
6312 11 687 967 856 1080 0
6313 11 672 967 856 1080 0
6314 11 659 974 827 1080 0
6315 11 641 970 809 1080 0
6316 11 622 965 790 1080 0
6317 11 597 981 763 1080 0
6318 11 569 984 727 1080 0
6319 11 540 986 689 1080 0
6320 11 517 986 671 1080 0
6321 11 506 981 668 1080 0
6322 11 494 976 664 1080 0
6323 11 499 967 664 1080 0
6324 11 504 959 664 1080 0
6325 11 508 951 664 1080 0
6326 11 508 951 671 1080 0
6327 11 530 937 700 1080 0
6328 11 540 937 699 1080 0
6329 11 547 928 716 1080 0
6330 11 555 919 734 1080 0
6331 11 569 926 742 1080 0
6332 11 585 926 760 1080 0
6333 11 602 926 779 1080 0
6334 11 602 926 772 1080 0
6335 11 652 949 819 1080 0
6336 11 678 949 838 1080 0
6337 11 705 954 864 1080 0
6338 11 732 959 890 1080 0
6339 11 753 959 913 1080 0
6340 11 764 959 941 1080 0
6341 11 776 959 952 1080 0
6342 11 788 959 963 1080 0
6343 11 788 948 963 1080 0
6344 11 800 936 974 1080 0
6345 11 810 928 985 1079 0
6346 11 821 920 998 1078 0
6347 11 831 912 1009 1077 0
6348 11 863 893 1021 1048 0
6349 11 863 896 1021 1048 0
6350 11 909 874 1077 1015 0
6351 11 938 854 1101 991 0
6352 11 966 834 1124 968 0
6353 11 991 805 1161 936 0
6354 11 991 805 1161 936 0
6365 13 1 3 270 269 0
6366 13 1 3 341 219 0
6367 13 1 3 341 219 0
6495 11 576 305 721 405 0
6496 11 598 335 746 435 0
6497 11 629 355 775 460 0
6498 11 659 375 804 485 0
6499 11 689 402 815 501 0
6500 11 710 411 833 511 0
6501 11 730 420 849 521 0
6502 11 745 436 861 536 0
6503 11 756 440 873 544 0
6504 11 767 444 885 553 0
6505 11 782 453 884 559 0
6506 11 782 463 897 568 0
6507 11 782 477 901 581 0
6508 11 782 491 906 593 0
6509 11 779 511 902 615 0
6510 11 777 531 900 636 0
6511 11 768 548 883 657 0
6512 11 769 567 883 672 0
6513 11 769 587 883 688 0
6514 11 761 597 872 704 0
6515 11 758 603 872 713 0
6516 11 756 609 872 721 0
6517 11 756 612 872 722 0
6518 11 752 627 872 737 0
6519 11 750 633 872 737 0
6520 11 748 639 872 736 0
6521 11 749 638 872 742 0
6522 11 749 637 872 747 0
6523 11 747 639 870 753 0
6524 11 749 639 872 757 0
6525 11 759 651 882 775 0
6526 11 759 661 882 780 0
6527 11 759 661 882 782 0
6528 11 759 661 882 785 0
6529 11 754 661 882 780 0
6530 11 748 661 882 775 0
6531 11 714 663 848 777 0
6532 11 692 659 826 773 0
6533 11 666 660 800 774 0
6534 11 641 661 775 775 0
6535 11 618 664 752 775 0
6536 11 595 668 729 777 0
6537 11 566 667 700 767 0
6538 11 543 666 677 748 0
6539 11 521 664 655 728 0
6540 11 503 658 637 723 0
6541 11 486 651 620 718 0
6542 11 472 649 608 714 0
6543 11 458 649 594 714 0
6544 11 444 648 580 713 0
6545 11 444 648 580 713 0
7525 11 965 450 1039 508 0
7526 11 967 452 1042 507 0
7527 11 980 471 1059 534 0
7528 11 985 476 1063 541 0
7529 4 216 551 274 611 0
7529 11 990 482 1067 549 0
7529 9 296 550 365 607 0
7530 4 201 556 263 617 0
7530 11 990 482 1068 547 0
7530 9 283 557 365 607 0
7531 4 191 556 253 617 0
7531 11 990 482 1070 545 0
7531 9 273 557 344 607 0
7532 4 181 556 243 617 0
7532 11 990 482 1071 543 0
7532 9 263 557 323 607 0
7533 4 174 556 236 617 0
7533 11 1000 474 1075 543 0
7533 9 256 557 316 607 0
7534 4 174 556 231 617 0
7534 11 1005 473 1079 540 0
7534 9 251 557 313 609 0
7535 4 174 556 226 617 0
7535 11 1011 472 1084 536 0
7535 9 245 557 308 612 0
7536 4 164 559 225 617 0
7536 11 1019 466 1096 534 0
7536 9 240 560 308 613 0
7537 4 164 561 225 617 0
7537 11 1020 466 1094 529 0
7537 9 240 562 308 616 0
7538 4 164 563 225 617 0
7538 11 1043 466 1119 524 0
7538 9 240 564 308 619 0
7539 4 169 563 231 617 0
7539 11 1053 464 1128 523 0
7539 9 242 564 309 617 0
7540 4 174 563 236 617 0
7540 11 1055 464 1128 523 0
7540 9 243 564 308 615 0
7541 4 179 563 242 617 0
7541 11 1082 452 1159 511 0
7541 9 244 564 308 614 0
7542 4 179 563 242 617 0
7542 11 1095 445 1173 506 0
7542 9 244 560 310 614 0
7543 4 179 563 242 617 0
7543 11 1090 447 1167 507 0
7543 9 244 557 311 614 0
7544 4 186 560 241 617 0
7544 11 1115 437 1193 494 0
7544 9 244 553 313 614 0
7545 11 1115 433 1195 492 0
7545 9 244 549 315 614 0
7546 11 1136 422 1209 484 0
7546 9 241 549 322 608 0
7547 11 1144 415 1220 477 0
7547 9 236 544 320 604 0
7548 11 1144 417 1226 475 0
7548 9 231 539 317 600 0
7549 11 1153 396 1232 460 0
7549 9 226 534 315 596 0
7550 11 1156 396 1233 462 0
7550 9 211 525 302 588 0
7551 11 1153 376 1232 442 0
7551 9 196 516 290 581 0
7552 11 1153 370 1232 433 0
7552 9 190 517 275 572 0
7553 11 1150 365 1233 435 0
7553 9 163 510 279 574 0
7554 11 1151 351 1232 413 0
7554 9 135 502 241 566 0
7555 11 1148 347 1233 405 0
7556 11 1145 343 1233 398 0
7557 11 1142 339 1233 391 0
7558 11 1151 336 1233 384 0
7559 11 1151 317 1233 368 0
7560 11 1151 309 1233 360 0
7561 11 1151 309 1228 360 0
7562 11 1165 298 1228 348 0
7563 11 1160 292 1228 343 0
7564 11 1155 285 1228 338 0
7565 11 1155 285 1228 338 0
7592 4 0 324 91 409 0
7593 4 17 324 109 402 0
7594 4 25 321 122 402 0
7595 4 34 318 136 403 0
7596 4 46 302 146 387 0
7597 4 46 302 139 380 0
7598 4 46 302 132 374 0
7599 4 17 299 97 365 0
7600 4 17 299 97 365 0
7636 4 27 252 146 364 0
7637 4 22 250 154 366 0
7638 4 120 282 245 391 0
7639 4 173 296 282 414 0
7640 4 166 296 285 404 0
7641 4 265 314 367 431 0
7642 4 255 314 364 421 0
7643 4 332 328 438 434 0
7643 9 0 282 153 525 0
7644 4 371 328 470 443 0
7644 9 7 301 189 542 0
7645 4 371 339 470 443 0
7645 9 0 294 200 534 0
7646 4 436 368 544 467 0
7646 9 104 345 263 545 0
7647 4 468 384 576 480 0
7647 9 58 328 266 526 0
7648 4 499 400 607 494 0
7648 9 180 378 330 563 0
7649 4 535 400 630 508 0
7649 9 204 400 368 568 0
7650 4 557 407 664 513 0
7650 9 172 384 372 581 0
7651 4 579 414 697 518 0
7651 9 298 424 431 608 0
7652 4 579 425 697 532 0
7652 9 275 404 439 613 0
7653 4 625 425 738 532 0
7653 9 323 428 479 619 0
7654 4 654 425 761 532 0
7654 9 318 422 512 616 0
7655 4 669 425 779 535 0
7655 9 374 449 487 610 0
7656 4 684 425 797 538 0
7656 9 358 418 560 619 0
7657 4 711 420 818 538 0
7657 9 415 449 549 607 0
7658 4 724 414 837 532 0
7658 9 420 420 573 616 0
7659 4 738 409 856 527 0
7659 9 447 441 589 623 0
7660 4 762 409 883 527 0
7660 9 490 420 613 608 0
7661 4 781 409 904 527 0
7661 9 463 422 635 622 0
7662 4 800 409 926 527 0
7662 9 518 434 657 638 0
7663 4 816 409 945 527 0
7663 9 522 428 664 624 1
7664 4 832 409 963 527 0
7664 9 560 463 689 654 1
7665 4 848 409 963 535 0
7665 9 528 440 714 650 1
7666 4 853 409 976 535 0
7666 9 571 465 694 650 1
7667 4 859 409 990 535 0
7667 9 538 452 732 650 1
7668 4 859 409 990 522 0
7668 9 534 454 724 652 1
7669 4 859 377 998 503 0
7669 9 582 474 713 638 1
7670 4 859 366 998 493 0
7670 9 548 422 734 624 1
7671 4 859 355 998 484 0
7671 9 587 441 718 629 1
7672 4 859 369 993 498 0
7672 9 538 404 738 604 1
7673 4 859 382 988 511 0
7673 9 544 425 715 651 1
7674 4 859 382 988 527 0
7674 9 560 440 713 651 1
7675 4 859 395 996 537 0
7675 9 568 430 723 662 1
7676 4 859 409 1004 548 0
7676 9 582 482 745 716 1
7677 4 878 439 1004 573 0
7677 9 609 484 749 721 1
7678 4 878 443 1009 585 0
7678 9 582 472 755 692 1
7679 4 878 447 1015 597 0
7679 9 574 526 765 759 1
7680 4 878 479 1015 613 0
7680 9 600 520 761 770 1
7681 4 878 479 1015 629 0
7681 9 609 508 757 756 1
7682 4 878 479 1015 645 0
7682 9 592 517 773 772 1
7683 4 873 479 1008 645 0
7683 9 574 528 796 744 1
7684 4 869 479 1002 645 0
7684 9 538 526 772 744 1
7685 4 864 479 995 645 0
7685 9 516 520 773 738 1
7686 4 864 479 995 635 0
7686 9 516 520 754 738 1
7687 4 832 479 958 621 0
7687 9 501 487 755 709 1
7688 4 808 479 947 613 0
7688 9 501 498 743 723 1
7689 4 789 463 934 605 0
7689 9 517 500 745 723 1
7690 4 770 447 920 597 0
7690 9 522 500 718 711 1
7691 4 770 447 920 592 0
7691 9 504 482 742 668 1
7692 4 770 447 920 589 0
7692 9 516 488 748 670 1
7693 4 770 447 920 586 0
7693 9 498 484 750 670 1
7694 4 770 447 912 586 0
7694 9 568 490 748 683 1
7695 4 770 447 904 586 0
7695 9 565 487 742 710 1
7696 4 770 455 904 597 0
7696 9 571 506 756 756 1
7697 4 770 459 904 612 0
7697 9 555 506 775 742 1
7698 4 770 463 904 627 0
7698 9 635 538 823 729 1
7699 4 770 468 899 626 0
7699 9 646 533 850 759 1
7700 4 763 465 893 626 0
7700 9 625 543 861 758 1
7701 4 757 463 888 627 0
7701 9 687 543 880 752 1
7702 4 757 463 888 604 0
7702 9 678 549 882 753 1
7703 4 757 463 888 575 0
7703 9 684 549 910 742 1
7704 4 757 463 894 575 0
7704 9 713 565 907 740 1
7705 4 778 432 917 547 0
7705 9 759 535 949 702 1
7706 4 778 434 925 547 0
7706 9 802 517 989 690 1
7707 4 795 419 942 532 0
7707 9 799 510 986 694 1
7708 4 813 403 960 516 0
7708 9 811 486 1044 683 1
7709 4 813 385 960 517 0
7709 9 837 488 1043 666 1
7710 4 840 353 987 474 0
7710 9 855 451 1098 661 1
7711 4 852 338 999 459 0
7711 9 878 447 1092 653 1
7712 4 865 323 1012 444 0
7712 9 903 416 1133 632 1
7713 4 865 292 1018 443 0
7713 9 952 398 1151 588 1
7714 4 880 271 1038 426 0
7714 9 929 406 1141 592 1
7715 4 895 250 1058 409 0
7715 9 914 337 1211 551 1
7716 4 909 206 1077 385 0
7716 9 974 314 1240 528 1
7717 4 925 187 1093 366 0
7717 9 1002 295 1248 534 1
7718 4 940 168 1108 347 0
7718 9 1005 290 1255 511 1
7719 4 955 149 1123 328 0
7719 9 1028 254 1285 458 1
7720 4 955 132 1126 319 0
7720 9 1026 250 1281 495 1
7721 4 955 114 1128 309 0
7721 9 1026 232 1288 496 1
7722 4 955 114 1137 291 0
7722 9 1026 197 1288 514 1
7723 4 959 114 1138 291 0
7723 9 1022 216 1290 490 1
7724 4 964 52 1143 250 0
7724 9 1051 160 1292 479 1
7725 4 987 27 1166 225 0
7725 9 1046 164 1330 444 1
7726 4 1003 14 1182 212 0
7726 9 1021 149 1317 481 1
7727 4 1019 2 1198 200 0
7727 9 1054 130 1352 449 1
7728 4 1019 2 1198 168 0
7728 9 1071 98 1351 460 1
7729 4 1019 2 1198 168 0
7729 9 1056 128 1362 386 1
7730 9 1068 86 1376 410 1
7731 9 1052 80 1380 452 1
7732 9 1074 38 1390 375 1
7733 9 1076 44 1400 353 1
7734 9 1076 50 1394 394 1
7735 9 1074 22 1374 330 1
7736 9 1060 14 1362 339 1
7737 9 1074 20 1368 336 1
7738 9 1032 13 1312 272 1
7739 9 1013 10 1293 269 0
7740 9 994 7 1274 266 0
7741 9 975 4 1255 263 0
7742 9 974 4 1254 263 0
7743 4 1160 4 1296 163 0
7743 9 935 4 1210 254 0
7744 4 1140 4 1282 163 0
7744 9 897 4 1168 246 0
7745 4 1128 4 1282 163 0
7745 9 859 4 1126 237 0
7746 4 1092 4 1235 147 0
7746 9 820 4 1083 228 0
7747 4 1076 4 1235 147 0
7747 9 782 4 1041 220 0
7748 4 1076 4 1226 147 0
7748 9 743 4 998 211 0
7749 4 1044 4 1187 119 0
7749 9 743 4 998 211 0
7750 4 1044 4 1187 119 0
7750 9 743 4 998 211 0
7754 11 1415 64 1453 107 0
7755 11 1415 64 1457 107 0
7756 11 1378 53 1421 93 0
7757 11 1357 49 1396 91 0
7758 11 1359 50 1393 90 0
7759 11 1316 36 1351 79 0
7760 11 1316 36 1350 77 0
7761 11 1274 24 1311 63 0
7762 11 1255 16 1293 53 0
7763 11 1241 9 1280 44 0
7764 11 1226 1 1266 34 0
7765 11 1221 1 1258 31 0
7766 11 1217 1 1258 29 0
7767 11 1217 1 1258 16 0
7768 11 1218 1 1258 16 0
7769 11 1220 1 1258 16 0
7770 11 1249 1 1283 34 0
7771 11 1249 1 1283 32 0
7778 9 882 0 1340 276 0
7779 9 882 0 1340 276 0
7780 9 989 0 1453 253 0
7781 9 1083 0 1528 247 0
7782 9 1083 0 1528 247 0
7783 9 1228 0 1715 240 0
7784 9 1309 0 1790 247 0
7785 9 1365 0 1852 252 0
7786 9 1422 0 1916 257 0
7787 9 1461 0 1915 252 0
7788 9 1501 0 1915 248 0
7789 9 1541 0 1915 244 0
7790 9 1541 0 1915 244 0
7791 9 1541 0 1915 244 0
7792 9 1541 0 1915 244 0
7793 9 1541 0 1915 244 0
8021 2 1426 19 1492 83 0
8022 2 1426 19 1478 75 0
8023 2 1438 48 1488 97 0
8024 2 1451 54 1501 111 0
8025 2 1463 61 1513 126 0
8026 2 1467 59 1516 123 0
8027 2 1470 57 1517 119 0
8028 2 1474 55 1520 116 0
8029 2 1474 55 1520 116 0
8030 2 1454 66 1506 119 0
8031 2 1454 66 1506 119 0
8032 2 1412 66 1458 123 0
8033 2 1387 49 1442 109 0
8034 2 1386 49 1436 110 0
8035 2 1334 18 1388 87 0
8036 2 1312 1 1358 74 0
8037 2 1312 9 1360 75 0
8038 2 1258 0 1314 62 0
8039 2 1230 1 1286 40 0
8040 2 1230 1 1286 40 0
8291 13 1775 505 1875 608 0
8292 13 1784 493 1882 614 0
8293 13 1627 418 1708 544 0
8294 13 1625 421 1704 540 0
8295 13 1501 342 1580 455 0
8296 13 1442 317 1535 420 0
8297 13 1438 304 1528 412 0
8298 13 1344 245 1428 345 0
8299 13 1294 228 1372 322 0
8300 13 1292 223 1363 319 0
8301 13 1190 207 1243 281 0
8309 13 94 250 170 367 0
8310 13 25 254 126 381 0
8311 13 20 261 126 381 0
8312 13 0 298 81 399 0
8313 13 0 309 87 412 0
8314 13 0 321 94 427 0
8315 13 21 321 131 420 0
8316 13 18 316 143 419 0
8317 13 109 310 214 405 0
8318 13 186 301 264 398 0
8319 13 182 310 269 408 0
8320 13 277 296 372 383 0
8321 13 275 288 369 394 0
8322 13 339 296 415 395 0
8323 13 358 286 447 384 0
8324 13 359 288 447 386 0
8325 13 373 285 461 393 0
8326 13 366 285 454 391 0
8327 13 362 277 433 376 0
8328 13 352 272 439 381 0
8329 13 352 280 428 382 0
8330 13 348 278 423 377 0
8331 13 346 278 434 380 0
8332 13 346 282 427 380 0
8333 13 346 308 425 408 0
8334 13 338 296 433 392 0
8335 13 346 312 429 412 0
8336 13 352 306 439 406 0
8337 13 341 298 427 398 0
8338 13 344 298 427 398 0
8339 13 293 270 379 372 0
8340 13 291 270 379 374 0
8341 13 222 238 323 339 0
8342 13 217 222 311 330 0
8343 13 190 207 291 323 0
8344 11 549 334 579 359 0
8344 13 122 204 214 293 0
8345 11 538 329 569 355 0
8345 13 124 204 214 308 0
8346 11 527 323 560 349 0
8346 13 101 177 184 288 0
8347 11 491 305 527 332 0
8347 13 48 147 154 257 0
8348 11 480 294 509 326 0
8348 13 27 143 126 267 0
8349 11 467 289 501 320 0
8349 13 29 143 126 267 0
8350 11 454 284 493 314 0
8350 13 1 125 107 241 0
8351 11 452 277 493 314 0
8351 13 0 116 101 237 0
8352 11 452 271 499 313 0
8352 13 0 116 102 244 0
8353 11 468 257 504 297 0
8353 13 2 96 119 231 0
8354 11 467 259 509 299 0
8354 13 6 102 104 225 0
8355 11 493 237 532 281 0
8355 13 21 81 142 218 0
8356 11 502 226 543 271 0
8356 13 26 70 165 195 0
8357 11 502 226 543 267 0
8357 13 27 69 153 209 0
8358 11 525 204 567 249 0
8358 13 42 49 159 188 0
8359 11 538 197 579 242 0
8359 13 55 46 185 189 0
8360 11 555 195 596 239 0
8360 13 55 48 185 186 0
8361 11 572 193 613 235 0
8361 13 77 38 216 178 0
8362 11 572 193 610 235 0
8362 13 81 50 225 170 0
8363 11 599 193 638 235 0
8363 13 101 50 214 172 0
8364 2 277 215 333 287 0
8364 11 608 192 648 233 0
8364 13 102 44 219 168 0
8365 2 277 203 338 280 0
8365 11 610 188 650 235 0
8365 13 105 44 214 168 0
8366 2 277 191 342 272 0
8366 11 615 177 654 218 0
8366 13 109 14 214 151 0
8367 2 277 194 342 273 0
8367 11 612 173 654 216 0
8367 13 109 14 214 140 0
8368 2 264 181 342 273 0
8368 11 609 164 655 207 0
8368 13 102 14 215 129 0
8369 2 264 181 335 262 0
8369 11 605 168 650 211 0
8369 13 96 2 192 129 0
8370 2 254 187 323 260 0
8370 11 602 171 646 214 0
8370 13 88 2 181 129 0
8371 2 245 194 313 258 0
8371 11 598 175 640 218 0
8371 13 81 2 172 129 0
8372 2 245 194 313 278 0
8372 11 595 175 640 218 0
8372 13 81 2 172 129 0
8373 2 214 218 284 278 0
8373 11 576 208 616 251 0
8374 2 205 240 264 316 0
8374 11 564 224 604 266 0
8375 2 196 250 257 329 0
8375 11 557 234 598 277 0
8376 2 187 259 250 342 0
8376 11 550 244 591 288 0
8377 2 178 269 243 355 0
8377 11 543 254 584 298 0
8378 2 154 302 230 386 0
8378 11 525 288 567 328 0
8379 2 143 320 221 383 0
8379 11 519 302 562 349 0
8380 2 136 338 204 415 0
8380 11 512 315 549 359 0
8381 2 115 356 175 416 0
8381 11 512 315 549 359 0
8382 2 94 374 146 418 0
8383 2 51 401 106 441 0
8384 2 51 401 106 441 0
8748 11 1429 130 1704 285 0
8749 11 1430 144 1698 297 0
8750 11 1424 146 1708 305 0
8751 11 1430 146 1704 303 0
8752 11 1429 151 1694 306 0
8753 11 1421 156 1690 309 0
8754 11 1417 157 1688 308 0
8755 11 1377 162 1623 311 0
8756 11 1385 165 1620 318 0
8757 11 1274 165 1498 314 0
8758 11 1216 174 1429 320 0
8759 11 1188 173 1399 316 0
8760 11 1160 172 1369 311 0
8761 11 1086 159 1300 298 0
8762 11 1070 154 1279 289 0
8763 11 1062 152 1280 289 0
8764 11 1033 137 1249 259 0
8765 11 1027 132 1249 247 0
8766 11 1035 132 1250 260 0
8767 11 1027 123 1244 253 0
8768 11 1031 110 1236 254 0
8769 11 1027 121 1245 252 0
8770 11 1018 110 1238 252 0
8771 11 1018 106 1229 259 0
8772 11 1018 102 1218 259 0
8773 11 991 110 1199 254 0
8774 11 996 102 1199 263 0
8775 11 967 107 1167 255 0
8776 11 961 102 1162 255 0
8777 11 964 102 1162 250 0
8778 11 930 112 1128 268 0
8779 11 935 112 1111 266 0
8780 11 930 136 1115 294 0
8781 11 946 154 1127 302 0
8782 11 944 150 1125 309 0
8783 11 979 170 1163 316 0
8784 11 1008 168 1190 320 0
8785 11 1002 168 1188 334 0
8786 11 1052 168 1236 322 0
8787 11 1044 170 1230 322 0
8788 11 1086 194 1287 320 0
8789 11 1128 196 1308 340 0
8790 11 1116 192 1298 336 0
8791 11 1180 209 1352 342 0
8792 11 1217 200 1394 340 0
8793 11 1222 202 1398 342 0
8794 11 1341 163 1515 329 0
8795 11 1337 188 1514 330 0
8796 11 1471 164 1663 334 0
8797 11 1545 156 1752 396 0
8798 11 1543 156 1744 385 0
8799 11 1692 125 1912 400 0
8800 11 1690 134 1919 418 0
