730 1 1 230 64 477 0
731 1 1 230 77 485 0
732 1 1 230 90 492 0
733 1 1 222 90 484 0
734 1 1 214 91 475 0
735 1 1 206 91 466 0
736 1 1 206 72 460 0
1592 2 0 376 98 521 0
1593 2 85 342 221 515 0
1594 2 194 324 322 508 0
1595 2 250 314 400 495 0
1596 2 306 308 461 492 0
1597 2 362 302 522 490 0
1598 2 418 295 583 486 0
1599 2 473 289 643 483 0
1600 2 529 282 704 479 0
1600 1 0 394 108 635 1
1601 2 575 276 746 476 0
1601 1 0 385 139 632 1
1602 2 621 269 788 473 0
1602 1 0 376 169 629 1
1603 2 667 263 830 470 0
1603 1 0 367 200 627 1
1604 2 693 240 861 457 0
1604 1 6 358 229 624 1
1605 2 727 250 893 457 0
1605 1 15 349 260 622 1
1606 2 743 238 931 431 0
1606 1 24 340 291 620 1
1607 2 771 230 946 425 0
1607 1 37 321 289 607 1
1608 2 790 220 966 417 0
1608 1 50 323 306 588 1
1609 2 811 217 982 415 0
1609 1 56 286 339 590 1
1610 2 828 217 999 417 0
1610 1 74 280 342 544 1
1611 2 831 211 999 415 0
1611 1 69 280 353 564 1
1612 2 844 198 1017 407 0
1612 1 84 282 349 557 0
1613 2 850 201 1025 414 0
1613 1 76 286 367 561 0
1614 2 875 191 1043 401 0
1614 1 110 282 390 538 0
1615 2 883 198 1045 401 0
1615 1 118 276 390 538 0
1616 2 896 193 1048 391 0
1616 1 112 268 392 550 0
1617 2 888 198 1065 405 0
1617 1 110 270 388 552 0
1618 2 888 204 1062 400 0
1618 1 110 278 384 564 0
1619 2 892 220 1066 414 0
1619 1 114 288 386 584 0
1620 2 894 230 1068 432 0
1620 1 114 300 392 604 0
1621 2 896 232 1070 450 0
1621 1 108 298 394 633 0
1622 2 892 263 1064 476 0
1622 1 106 320 390 702 0
1623 2 888 279 1054 509 0
1623 1 118 327 358 655 0
1624 2 892 314 1068 540 0
1624 1 102 360 386 672 0
1625 2 890 328 1068 546 0
1625 1 104 366 384 676 0
1626 2 890 340 1066 550 0
1626 1 104 380 374 674 0
1627 2 882 362 1066 568 0
1627 1 90 374 380 686 0
1628 2 864 354 1056 560 0
1628 1 94 398 362 708 0
1629 2 866 355 1045 573 0
1629 1 96 392 332 685 0
1630 2 850 355 1031 571 0
1630 1 68 398 326 698 0
1631 2 828 355 1017 567 0
1631 1 48 396 312 698 0
1632 2 799 344 992 561 0
1632 1 30 402 298 674 0
1633 2 782 321 952 557 0
1633 1 37 376 309 646 0
1634 2 719 303 918 531 0
1634 1 6 352 257 635 0
1635 2 662 271 872 502 0
1635 1 6 349 231 634 0
1636 2 591 262 809 491 0
1636 1 1 327 187 633 0
1637 2 531 238 746 466 0
1637 1 1 327 135 605 0
1638 2 466 232 686 467 0
1638 1 1 327 90 594 0
1639 2 429 214 654 465 0
1640 2 382 225 589 463 0
1641 2 337 217 546 460 0
1642 2 290 227 478 463 0
1643 2 233 219 433 460 0
1644 2 153 220 369 454 0
1645 2 90 238 308 464 0
1646 2 38 220 224 464 0
1647 2 0 220 150 443 0
2276 2 0 258 38 355 0
2277 2 7 256 52 360 0
2278 2 14 255 66 366 0
2279 2 21 253 79 372 0
2280 2 29 251 90 368 0
2281 2 36 250 99 366 0
2282 2 43 248 109 362 0
2283 2 51 246 119 359 0
2284 2 58 245 129 356 0
2285 2 72 237 138 348 0
2286 2 85 229 146 339 0
2287 2 88 220 149 329 0
2288 2 90 212 151 320 0
2289 2 92 204 153 312 0
2290 2 95 196 156 303 0
2291 2 97 188 158 294 0
2292 2 99 180 160 286 0
2293 2 102 172 163 277 0
2294 2 101 161 164 267 0
2295 2 101 150 166 257 0
2296 2 100 139 167 246 0
2297 2 93 133 160 241 0
2298 2 87 126 155 234 0
2299 2 80 120 149 229 0
2300 2 73 113 143 222 0
2301 2 66 107 137 217 0
2302 2 60 104 131 214 0
2303 2 55 101 126 211 0
2304 2 49 97 120 207 0
2305 2 43 94 114 204 0
2306 2 39 85 110 197 0
2307 2 35 76 106 190 0
2308 2 31 67 102 183 0
2309 2 27 58 98 176 0
2310 2 23 49 94 169 0
2311 2 19 40 90 162 0
2312 2 15 31 86 155 0
2313 2 12 22 83 148 0
2314 2 8 13 79 141 0
2315 2 5 7 71 133 0
2316 2 2 1 63 125 0
2317 2 2 1 60 115 0
2318 2 2 1 56 104 0
2319 2 2 1 53 93 0
2320 2 2 1 53 93 0
2376 2 240 381 388 481 0
2376 1 2 456 106 694 0
2377 2 361 374 487 485 0
2377 1 28 446 204 686 0
2378 2 449 366 579 487 0
2378 1 108 437 286 667 0
2379 2 534 358 644 489 0
2379 1 167 426 346 657 0
2380 2 620 350 711 491 0
2380 1 227 415 407 647 0
2381 2 676 351 772 491 0
2381 1 266 410 480 626 0
2382 2 713 352 820 494 0
2382 1 305 405 516 628 0
2383 2 750 353 869 497 0
2383 1 343 401 550 630 0
2384 2 777 355 899 501 0
2384 1 382 396 586 631 0
2385 2 804 356 929 504 0
2385 1 421 391 621 632 0
2386 2 830 357 958 507 0
2386 1 460 387 657 634 0
2387 2 859 358 970 506 0
2387 1 472 384 674 628 0
2388 2 888 359 983 505 0
2388 1 485 381 691 621 0
2389 2 896 360 995 503 0
2389 1 497 378 708 614 0
2390 2 904 361 1008 502 0
2390 1 510 375 726 608 0
2391 2 911 362 1019 501 0
2391 1 522 372 743 601 0
2392 2 919 363 1031 499 0
2392 1 535 369 761 595 0
2393 2 927 364 1044 498 0
2393 1 547 366 777 588 0
2394 2 922 361 1037 498 0
2394 1 545 358 771 582 0
2395 2 918 357 1031 496 0
2395 1 542 349 764 575 0
2396 2 913 349 1026 491 0
2396 1 551 345 761 569 0
2397 2 908 341 1021 486 0
2397 1 560 341 757 563 0
2398 2 903 333 1016 481 0
2398 1 570 337 754 556 0
2399 2 900 328 1013 477 0
2399 1 566 331 752 550 0
2400 2 898 323 1011 473 0
2400 1 563 326 750 544 0
2401 2 895 319 1008 470 0
2401 1 560 320 749 537 0
2402 2 893 314 1007 466 0
2402 1 557 315 748 532 0
2403 2 890 309 1004 462 0
2403 1 553 309 746 525 0
2404 2 888 312 1002 470 0
2404 1 550 304 744 520 0
2405 2 885 313 999 468 0
2405 1 547 298 743 513 0
2406 2 883 314 997 466 0
2406 1 544 293 742 508 0
2407 2 880 307 994 457 0
2407 1 540 287 740 501 0
2408 2 878 299 992 446 0
2408 1 537 282 738 495 0
2409 2 876 292 990 436 0
2409 1 534 276 737 489 0
2410 2 873 284 988 426 0
2410 1 531 271 736 483 0
2411 2 871 277 986 416 0
2411 1 528 265 734 477 0
2412 2 868 270 983 406 0
2412 1 524 260 732 471 0
2413 2 866 262 981 396 0
2413 1 521 254 731 464 0
2414 2 858 258 971 401 0
2414 1 518 249 721 459 0
2415 2 851 254 962 397 0
2415 1 515 243 711 452 0
2416 2 843 250 952 393 0
2416 1 511 238 700 447 0
2417 2 836 245 943 388 0
2417 1 508 232 690 440 0
2418 2 828 244 935 388 0
2418 1 499 230 679 441 0
2419 2 820 243 927 389 0
2419 1 491 227 670 442 0
2420 2 812 243 919 391 0
2420 1 482 224 659 442 0
2421 2 804 242 911 391 0
2421 1 473 221 649 443 0
2422 2 795 241 902 392 0
2422 1 465 218 639 443 0
2423 2 787 240 894 392 0
2423 1 456 216 629 445 0
2424 2 791 230 899 382 0
2424 1 458 209 631 436 0
2425 2 795 221 904 372 0
2425 1 460 202 633 427 0
2426 2 799 211 908 362 0
2426 1 462 195 635 418 0
2427 2 802 202 912 353 0
2427 1 464 188 637 409 0
2428 2 806 192 917 342 0
2428 1 466 181 640 400 0
2429 2 810 183 921 333 0
2429 1 468 175 642 392 0
2430 2 813 173 925 322 0
2430 1 470 168 644 383 0
2431 2 817 164 929 313 0
2431 1 473 161 647 375 0
2432 2 821 154 934 302 0
2432 1 475 154 650 366 0
2433 2 820 152 931 300 0
2433 1 473 152 647 362 0
2434 2 820 149 929 298 0
2434 1 472 149 646 356 0
2435 2 819 146 925 295 0
2435 1 470 147 644 352 0
2436 2 819 144 923 293 0
2436 1 468 144 642 347 0
2437 2 818 141 920 290 0
2437 1 467 142 641 343 0
2438 2 818 139 918 288 0
2438 1 465 139 639 338 0
2439 2 817 136 914 285 0
2439 1 464 137 637 334 0
2440 2 816 134 911 283 0
2440 1 462 134 635 328 0
2441 2 816 131 909 280 0
2441 1 461 132 634 324 0
2442 2 815 129 906 278 0
2442 1 459 129 632 319 0
2443 2 803 123 900 272 0
2443 1 458 127 631 315 0
2444 2 791 117 895 265 0
2444 1 456 124 629 310 0
2445 2 763 120 880 260 0
2445 1 430 129 595 310 0
2446 2 734 122 840 254 0
2446 1 404 134 561 310 0
2447 2 705 125 799 248 0
2447 1 378 139 526 310 0
2448 2 627 128 733 243 0
2448 1 318 144 474 310 0
2449 2 534 131 656 262 0
2449 1 236 149 384 329 0
2450 2 441 134 567 262 0
2450 1 160 169 299 355 0
2451 2 331 134 465 247 0
2451 1 89 188 204 363 0
2452 1 18 206 109 369 0
2758 1 305 329 451 438 0
2759 2 176 428 267 507 0
2759 1 405 342 526 457 0
2760 2 243 442 315 505 0
2760 1 504 356 600 477 0
2761 2 311 456 363 504 0
2761 1 536 377 629 480 0
2762 2 337 457 389 512 0
2762 1 569 398 658 482 0
2763 2 364 458 416 521 0
2763 1 594 398 684 494 0
2764 2 391 459 443 529 0
2764 1 619 398 710 507 0
2765 2 413 457 467 530 0
2765 1 638 399 725 507 0
2766 2 436 454 493 529 0
2766 1 657 400 740 507 0
2767 2 443 451 502 529 0
2767 1 676 401 755 507 0
2768 2 450 448 511 528 0
2768 1 686 401 765 505 0
2769 2 460 445 523 528 0
2769 1 696 401 775 502 0
2770 2 470 443 536 529 0
2770 1 706 401 785 500 0
2771 2 480 440 548 528 0
2771 1 715 401 794 497 0
2772 2 490 437 560 528 0
2772 1 704 398 788 494 0
2773 2 493 436 556 525 0
2773 1 693 396 782 492 0
2774 2 497 435 552 523 0
2774 1 682 393 776 489 0
2775 2 487 433 543 520 0
2775 1 671 391 770 487 0
2776 2 477 432 533 518 0
2776 1 660 388 764 484 0
2777 2 468 431 525 516 0
2777 1 648 386 757 482 0
2778 2 458 430 515 513 0
2778 1 638 386 740 483 0
2779 2 442 428 503 510 0
2779 1 628 386 724 484 0
2780 2 427 427 492 508 0
2780 1 619 386 708 485 0
2781 2 411 425 479 505 0
2781 1 591 386 685 484 0
2782 2 391 424 458 507 0
2782 1 564 386 663 483 0
2783 2 363 418 430 492 0
2783 1 536 386 640 482 0
4154 1 0 191 113 440 0
4155 1 0 191 123 442 1
4156 1 0 191 133 445 1
4157 1 0 191 143 447 1
4158 1 0 199 149 464 1
4158 3 1134 375 1159 411 0
4159 1 0 206 154 480 1
4159 3 1135 404 1165 443 0
4160 1 0 214 160 497 1
4160 3 1137 433 1172 475 0
4161 1 0 221 166 513 1
4161 3 1138 462 1178 507 0
4162 1 0 230 154 520 1
4162 3 1144 481 1181 526 0
4163 1 0 239 143 527 1
4163 3 1150 500 1184 545 0
4164 1 0 248 132 534 1
4164 3 1157 519 1189 563 0
4165 1 0 257 121 541 1
4165 3 1163 538 1192 582 0
4166 1 0 266 110 549 1
4166 3 1163 557 1193 602 0
4167 1 0 275 99 556 1
4167 3 1163 576 1195 623 0
4168 1 0 268 95 549 0
4168 3 1163 594 1196 642 0
4169 1 0 261 92 542 0
4169 3 1164 613 1198 662 0
4170 1 0 254 88 535 0
4170 3 1164 632 1200 683 0
4171 1 0 247 85 528 0
4171 3 1164 640 1206 687 0
4172 1 0 239 81 520 0
4172 3 1170 648 1212 695 0
4173 1 0 232 78 513 0
4173 3 1175 655 1217 702 0
4174 1 0 232 72 508 0
4174 3 1182 655 1224 703 0
4175 3 1188 655 1230 705 0
4176 3 1194 655 1236 706 0
4177 3 1200 655 1242 708 0
4178 3 1204 665 1240 712 0
4179 3 1209 675 1240 715 0
4180 3 1207 677 1237 718 0
4181 3 1206 680 1236 721 0
4182 3 1205 683 1234 724 0
4183 3 1203 686 1232 728 0
4184 3 1202 688 1230 730 0
4185 3 1209 697 1231 735 0
4186 3 1211 709 1231 743 0
4193 3 1149 714 1180 756 0
4194 3 1147 710 1171 758 0
4195 3 1135 703 1162 749 0
4196 3 1123 697 1154 742 0
4197 3 1110 690 1144 734 0
4198 3 1098 683 1135 725 0
4199 3 1084 668 1122 713 0
4200 3 1069 652 1107 701 0
4201 3 1055 637 1094 689 0
4202 3 1040 631 1078 680 0
4203 3 1025 626 1061 671 0
4204 3 1011 620 1046 662 0
4205 3 996 607 1038 652 0
4206 3 984 602 1026 649 0
4207 3 973 599 1013 644 0
4208 3 962 591 1000 640 0
4209 3 953 586 988 629 0
4210 3 932 572 973 611 0
4211 3 910 560 947 596 0
4212 3 888 547 922 581 0
4213 3 854 525 890 564 0
4214 3 826 521 862 564 0
4215 3 813 514 850 560 0
4216 3 799 507 836 555 0
4217 3 786 500 824 551 0
4218 3 774 500 813 551 0
4219 3 762 499 802 550 0
4220 3 748 491 791 541 0
4221 3 745 474 786 526 0
4222 3 742 458 781 513 0
4223 3 751 457 787 510 0
4224 3 761 456 795 507 0
4225 3 795 479 835 537 0
4226 3 842 501 876 559 0
4227 3 890 523 926 577 0
4228 3 909 529 940 585 0
4229 3 913 539 944 598 0
4230 3 909 541 938 598 0
4231 3 905 543 933 598 0
4232 3 901 545 928 598 0
4233 3 897 547 922 598 0
4234 3 893 544 914 594 0
4248 3 844 485 865 527 0
4249 3 852 487 874 532 0
4250 3 859 489 883 537 0
4251 3 867 492 893 544 0
4252 3 866 492 894 543 0
4253 3 865 492 895 542 0
4254 3 863 490 894 540 0
4255 3 861 488 893 538 0
4256 3 860 486 893 536 0
4257 3 863 487 899 536 0
4258 3 867 488 907 536 0
4259 3 871 490 914 537 0
4260 3 874 492 917 541 0
4261 3 876 495 918 546 0
4262 3 879 498 920 547 0
4263 3 882 500 922 546 0
4264 3 884 495 924 546 0
4265 3 887 494 920 542 0
4266 3 885 478 917 535 0
4267 3 864 455 898 506 0
4268 3 826 427 862 472 0
4832 1 0 194 56 488 0
4833 1 0 181 71 510 0
4834 1 0 172 74 508 0
4835 1 0 163 78 506 0
4836 1 0 154 82 504 0
4837 1 0 145 85 502 0
4838 1 1 156 109 500 0
4839 1 2 122 124 480 0
4840 1 0 126 135 477 0
4841 1 0 126 139 477 0
4842 1 0 108 147 476 0
4843 1 2 108 166 456 0
4844 1 4 66 182 454 0
4845 1 2 63 186 424 0
4846 1 0 52 182 410 0
4847 1 0 46 184 406 0
4848 1 0 54 179 415 0
4849 1 0 62 175 424 0
4850 1 0 70 171 433 0
4851 1 0 78 166 442 0
4852 1 0 86 162 450 0
4853 1 0 100 149 468 0
4854 1 0 114 136 486 0
4855 1 0 128 123 504 0
4856 1 0 159 85 517 0
4857 1 0 171 74 487 0
5169 1 0 210 102 476 0
5170 1 3 193 152 463 0
5171 2 579 78 659 156 0
5171 1 7 175 201 450 0
5172 2 627 72 706 153 0
5172 1 40 157 251 433 0
5173 2 674 65 752 150 0
5173 1 74 140 302 417 0
5174 2 722 58 799 147 0
5174 1 107 122 352 400 0
5175 2 770 51 847 144 0
5175 1 140 104 402 383 0
5176 2 817 45 893 141 0
5176 1 176 93 438 377 0
5177 2 856 38 932 134 0
5177 1 213 82 476 372 0
5178 2 895 32 971 127 0
5178 1 249 71 513 367 0
5179 2 933 25 1009 120 0
5179 1 272 48 549 360 0
5180 2 972 19 1048 113 0
5180 1 318 44 608 335 0
5181 2 1003 19 1078 112 0
5181 1 326 30 646 335 0
5182 2 1034 19 1109 110 0
5182 1 357 22 684 338 0
5183 2 1065 19 1139 108 0
5183 1 410 4 700 324 0
5184 2 1076 21 1154 108 0
5184 1 426 4 725 320 0
5185 2 1087 22 1168 107 0
5185 1 443 4 752 316 0
5186 2 1093 26 1187 126 0
5186 1 465 4 774 320 0
5187 2 1093 26 1189 133 0
5187 1 474 0 778 313 0
5188 2 1076 47 1171 154 0
5188 1 470 2 773 335 0
5189 2 1059 68 1153 175 0
5189 1 450 26 766 344 0
5190 2 1043 89 1136 196 0
5190 1 417 18 757 367 0
5191 2 1019 104 1113 217 0
5191 1 438 26 754 387 0
5192 2 996 119 1092 238 0
5192 1 440 46 746 430 0
5193 2 966 145 1072 269 0
5193 1 413 47 755 432 0
5194 2 960 152 1070 274 0
5194 1 438 67 762 443 0
5195 2 953 159 1067 279 0
5195 1 444 82 766 482 0
5196 2 946 166 1064 284 0
5196 1 434 63 776 461 0
5197 2 940 166 1062 290 0
5197 1 424 76 790 470 0
5198 2 932 160 1050 282 0
5198 1 430 88 804 466 0
5199 2 944 153 1042 268 0
5199 1 462 66 838 452 0
5200 2 964 145 1064 262 0
5200 1 518 38 896 428 0
5201 2 990 128 1107 252 0
5201 1 600 4 949 426 0
5202 2 1041 114 1135 249 0
5202 1 631 11 1027 388 0
5203 2 1098 112 1179 240 0
5203 1 696 4 1083 380 0
5204 1 696 4 1189 380 0
5205 1 819 4 1269 389 0
5206 1 886 4 1347 368 0
5207 1 942 4 1388 380 0
5208 1 996 4 1426 337 0
5209 1 1041 4 1445 301 0
5210 1 1030 4 1437 311 0
5211 1 1020 4 1430 321 0
5212 1 1010 4 1424 330 0
5213 1 1000 4 1417 340 0
5214 1 990 4 1411 349 0
5215 1 979 4 1403 359 0
5216 1 922 4 1355 375 0
5217 1 864 4 1307 391 0
5218 1 750 4 1226 372 0
5219 1 624 4 1113 387 0
5220 1 534 4 982 391 0
5221 1 469 4 893 406 0
5222 1 356 4 815 411 0
5223 1 287 4 759 419 0
5224 1 214 4 662 443 0
5225 1 193 4 612 439 0
5226 1 171 4 561 435 0
5227 1 141 37 513 426 0
5228 1 86 37 465 450 0
5229 1 86 37 398 450 0
5230 1 28 75 394 516 0
5231 2 287 99 370 220 0
5231 1 28 93 348 515 0
5232 2 273 109 362 225 0
5232 1 6 93 316 515 0
5233 2 259 119 353 230 0
5233 1 6 117 283 538 0
5234 2 244 119 353 284 0
5234 1 6 142 249 562 0
5235 2 231 128 340 308 0
5235 1 0 130 221 617 0
5236 2 220 128 341 330 0
5236 1 0 153 212 642 0
5237 2 207 149 335 364 0
5237 1 0 182 154 692 0
5238 2 186 206 324 428 0
5239 2 162 216 304 424 0
5240 2 132 200 286 422 0
5241 2 114 216 262 420 0
5242 2 106 150 240 392 0
5243 2 93 115 238 364 0
5244 2 104 91 245 342 0
5245 2 132 84 260 320 0
5246 2 134 61 273 312 0
5247 2 138 56 272 299 0
5248 2 140 32 288 298 0
5249 2 145 30 288 290 0
5250 2 154 22 297 284 0
5251 2 162 18 323 262 0
5252 2 162 20 335 268 0
5253 2 192 16 365 274 0
5254 2 216 17 409 269 0
5255 2 264 18 472 272 0
5256 2 346 10 526 270 0
5257 2 398 26 595 267 0
5257 1 0 166 167 672 0
5258 2 454 11 643 265 0
5258 1 0 152 205 645 0
5259 2 503 11 713 247 0
5259 1 0 138 244 618 0
5260 2 559 11 760 247 0
5260 1 0 123 282 589 0
5261 2 599 11 801 234 0
5261 1 28 109 320 585 0
5262 2 633 2 809 234 0
5262 1 56 95 359 580 0
5263 2 633 2 834 234 0
5263 1 86 81 397 558 0
5264 2 655 2 844 231 0
5264 1 115 67 435 536 0
5265 2 670 2 845 216 0
5265 1 150 60 478 519 0
5266 2 685 2 845 201 0
5266 1 185 53 521 503 0
5267 2 698 2 882 193 0
5267 1 220 46 565 486 0
5268 2 718 2 907 179 0
5268 1 255 39 608 470 0
5269 2 738 2 933 165 0
5269 1 290 32 651 453 0
5270 2 758 2 959 150 0
5270 1 325 25 694 437 0
5271 2 788 2 959 150 0
5271 1 360 18 738 420 0
5272 2 793 2 958 158 0
5272 1 395 11 781 404 0
5273 2 816 2 976 140 0
5273 1 430 4 824 387 0
5274 2 840 2 994 123 0
5274 1 421 4 835 372 0
5275 2 860 2 997 115 0
5275 1 433 4 845 357 0
5276 2 879 2 998 100 0
5276 1 445 4 856 342 0
5277 2 884 2 973 83 0
5277 1 457 5 867 328 0
5278 1 469 5 877 313 0
5279 1 481 5 888 298 0
5280 1 493 5 898 282 0
5281 1 505 5 909 267 0
5282 1 414 6 836 330 0
5283 1 402 0 815 277 0
5284 1 380 0 767 262 0
5285 1 281 2 698 279 0
5286 1 236 7 599 297 0
5287 1 162 2 556 286 0
5288 1 82 0 445 301 0
5289 1 15 4 335 344 0
5290 1 0 22 221 342 0
5455 1 0 389 63 569 0
5456 1 0 373 95 560 0
5457 1 0 357 117 542 0
5457 3 1171 382 1201 417 0
5458 1 4 341 139 524 0
5458 3 1191 383 1230 419 0
5459 1 17 325 148 506 0
5459 3 1211 383 1249 421 0
5460 1 31 310 157 490 0
5460 3 1231 384 1269 423 0
5461 1 44 294 165 472 0
5461 3 1251 384 1289 424 0
5462 1 58 278 174 454 0
5462 3 1271 385 1309 426 0
5463 1 66 262 197 456 0
5463 3 1290 385 1328 427 0
5464 1 74 246 206 435 0
5464 3 1309 389 1344 436 0
5465 1 64 249 206 456 0
5465 3 1315 406 1353 444 0
5466 1 54 251 204 450 0
5466 3 1300 423 1342 468 0
5467 1 44 254 187 471 0
5467 3 1274 444 1317 492 0
5468 1 33 257 168 493 0
5468 3 1247 465 1290 516 0
5469 1 7 266 142 483 0
5469 3 1220 486 1264 540 0
5470 1 0 276 117 506 0
5470 3 1196 500 1243 555 0
5471 1 0 279 93 506 0
5471 3 1185 508 1225 555 0
5472 1 0 282 78 506 0
5472 3 1175 510 1216 556 0
5473 1 0 285 63 506 0
5473 3 1154 502 1201 546 0
5474 1 0 298 40 506 0
5474 3 1133 486 1187 536 0
5475 3 1107 454 1152 503 0
5484 3 636 223 683 269 0
5485 3 605 206 645 251 0
5486 3 577 191 616 240 0
5487 3 567 185 607 234 0
5488 3 558 179 599 228 0
5489 3 548 173 590 222 0
5490 3 539 168 583 217 0
5491 3 536 168 580 217 0
5492 3 534 168 579 217 0
5493 3 531 168 576 217 0
5494 3 531 172 576 219 0
5495 3 530 177 576 223 0
5496 3 529 182 575 227 0
5497 3 529 188 570 237 0
5498 3 518 199 562 249 0
5499 3 507 209 553 259 0
5500 3 483 231 528 273 0
5501 3 460 230 511 280 0
5502 3 450 226 499 276 0
5503 3 440 221 488 271 0
5504 3 431 217 477 267 0
5505 3 426 210 472 260 0
5506 3 422 204 468 254 0
5507 3 418 197 464 247 0
5508 3 413 191 459 241 0
5509 3 406 187 453 235 0
5510 3 399 183 446 229 0
5511 3 391 179 438 223 0
5512 3 386 183 423 228 0
5513 3 370 185 415 229 0
5514 3 354 187 408 230 0
5515 3 337 188 399 230 0
5516 3 318 189 375 231 0
5517 3 298 190 350 232 0
5518 3 278 191 324 232 0
5519 3 249 198 299 237 0
5520 3 219 206 273 242 0
5521 3 197 203 249 241 0
5522 3 174 201 224 240 0
5523 3 152 199 200 239 0
5524 3 129 196 175 237 0
5525 3 107 194 151 236 0
5526 3 85 197 129 237 0
5527 3 64 199 108 237 0
5528 3 42 202 86 237 0
5529 3 21 204 65 237 0
5530 3 10 196 47 229 0
5531 3 0 187 28 219 0
5532 3 0 187 24 213 0
5545 3 0 170 24 210 0
5546 3 6 169 34 210 0
5547 3 13 167 44 209 0
5548 3 20 166 55 208 0
5549 3 27 165 65 208 0
5550 3 34 164 76 208 0
5551 3 41 163 86 207 0
5552 3 49 163 95 201 0
5553 3 58 163 100 201 0
5554 3 67 163 106 201 0
5555 3 75 163 110 201 0
5556 3 84 163 115 201 0
5557 3 88 163 118 206 0
5558 3 92 163 120 211 0
5559 3 92 166 120 210 0
5560 3 92 166 120 210 0
5665 3 107 190 134 230 0
5666 3 107 189 133 235 0
5667 3 105 190 131 237 0
5668 3 104 191 131 238 0
5669 3 102 193 130 241 0
5670 3 101 194 129 243 0
5671 3 99 195 128 244 0
5672 3 98 197 128 247 0
5673 3 97 198 127 249 0
5674 3 95 199 126 250 0
5675 3 94 201 126 253 0
5676 3 92 202 124 255 0
5677 3 91 203 124 256 0
5678 3 87 207 120 260 0
5679 3 83 211 117 263 0
5680 3 79 215 113 266 0
5681 3 75 218 110 268 0
5682 3 71 222 106 271 0
5683 3 69 222 106 271 0
5684 3 67 222 106 270 0
5685 3 65 222 104 270 0
5686 3 62 222 101 270 0
5687 3 60 222 99 269 0
5688 3 57 222 95 269 0
5689 3 53 222 91 269 0
5690 3 50 222 87 269 0
5691 3 47 222 84 268 0
5692 3 43 222 80 268 0
5693 3 40 221 76 269 0
5694 3 36 221 72 271 0
5695 3 33 220 69 272 0
5696 3 30 221 68 273 0
5697 3 26 221 67 274 0
5698 3 23 222 66 275 0
5699 3 27 222 64 264 0
5700 3 27 220 63 264 0
5701 3 27 219 63 264 0
5702 3 28 217 63 264 0
5703 3 28 216 63 264 0
5704 3 29 214 63 264 0
5705 3 29 212 63 263 0
5706 3 30 211 63 264 0
5707 3 30 209 63 263 0
5708 3 26 210 60 262 0
5709 3 21 212 55 261 0
5710 3 17 213 52 259 0
5711 3 12 210 47 257 0
5712 3 8 207 44 256 0
5713 3 3 204 39 254 0
5714 3 0 201 36 253 0
5715 3 0 196 38 248 0
5716 3 2 191 40 243 0
5717 3 3 186 42 238 0
5718 3 5 181 45 233 0
5719 3 6 177 47 229 0
5720 3 8 172 49 224 0
5721 3 15 167 56 218 0
5722 3 21 163 62 214 0
5723 3 28 159 69 210 0
5724 3 35 154 76 204 0
5725 3 41 150 82 200 0
5726 3 48 146 89 196 0
5727 3 55 144 95 195 0
5728 3 62 142 101 194 0
5729 3 68 140 106 193 0
5730 3 75 138 112 191 0
5731 3 81 137 117 190 0
5732 3 87 136 122 189 0
5733 3 92 134 127 187 0
5734 3 98 133 132 186 0
5735 3 97 135 132 189 0
5736 3 97 137 132 192 0
5737 3 96 139 132 194 0
5738 3 95 142 131 198 0
5739 3 94 144 131 200 0
5740 3 93 140 131 195 0
5741 3 93 135 131 188 0
5742 3 92 131 131 183 0
5743 3 91 127 128 176 0
5744 3 91 123 126 170 0
5745 3 91 120 124 164 0
5746 3 85 121 115 166 0
5747 3 80 122 107 169 0
5748 3 75 122 99 170 0
5749 3 64 124 94 173 0
5750 3 53 126 90 177 0
5751 3 39 131 80 183 0
5752 3 21 137 57 184 0
5753 3 2 141 33 181 0
6853 1 1758 1 1919 231 0
6854 1 1756 2 1919 234 0
6855 1 1755 2 1919 236 0
6856 1 1754 3 1920 239 0
6857 1 1752 4 1919 242 0
6858 1 1734 4 1919 258 0
6859 1 1715 4 1918 274 0
6860 1 1697 4 1918 290 0
6861 1 1679 4 1917 306 0
6862 1 1660 4 1916 322 0
6863 1 1642 4 1916 338 0
6864 1 1624 4 1916 354 0
6865 1 1580 12 1896 391 0
6866 1 1536 19 1876 428 0
6867 1 1529 42 1866 418 0
6868 1 1521 64 1856 406 0
6869 1 1515 70 1866 430 0
6870 1 1509 76 1876 454 0
6871 1 1502 82 1885 477 0
6872 1 1496 88 1895 501 0
6873 1 1490 94 1905 525 0
6874 1 1478 100 1890 514 0
6875 1 1467 106 1877 503 0
6876 1 1456 112 1863 492 0
6877 1 1423 81 1840 466 0
6878 1 1413 82 1817 468 0
6879 1 1404 84 1794 470 0
6880 1 1395 85 1772 472 0
6881 1 1385 87 1749 475 0
6882 1 1376 88 1727 477 0
6883 1 1315 90 1671 484 0
6884 1 1253 91 1614 490 0
6885 2 1572 328 1737 514 0
6885 1 1192 93 1517 498 0
6886 2 1495 329 1672 540 0
6886 1 1097 94 1407 495 0
6887 2 1418 330 1606 566 0
6887 1 896 96 1283 477 0
6888 2 1341 331 1540 557 0
6888 1 790 103 1177 499 0
6889 2 1289 331 1475 562 0
6889 1 693 110 1082 507 0
6890 2 1236 332 1409 551 0
6890 1 597 117 989 514 0
6891 2 1186 325 1372 559 0
6891 1 500 124 894 522 0
6892 2 1141 319 1330 548 0
6892 1 404 131 801 529 0
6893 2 1100 295 1295 540 0
6893 1 307 138 706 536 0
6894 2 1041 282 1236 535 0
6894 1 211 145 613 544 0
6895 2 1020 284 1222 533 0
6895 1 180 152 572 545 0
6896 2 1007 276 1200 519 0
6896 1 149 159 532 547 0
6897 2 978 267 1186 522 0
6897 1 118 166 491 549 0
6898 2 976 269 1186 507 0
6898 1 88 173 452 551 0
6899 2 974 261 1177 497 0
6899 1 74 180 412 564 0
6900 2 964 258 1178 496 0
6900 1 60 188 410 548 0
6901 2 978 245 1182 498 0
6901 1 37 178 370 541 0
6902 2 980 239 1192 490 0
6902 1 34 182 371 535 0
6903 2 984 245 1197 488 0
6903 1 6 192 374 552 0
6904 2 990 245 1205 498 0
6904 1 22 166 330 552 0
6905 2 1008 246 1212 495 0
6905 1 20 186 320 482 0
6906 2 1012 252 1208 503 0
6906 1 18 188 316 535 0
6907 2 1016 252 1227 507 0
6907 1 14 182 318 518 0
6908 2 1026 250 1238 512 0
6908 1 6 182 316 550 0
6909 2 1038 245 1257 511 0
6909 1 0 182 316 513 0
6910 2 1042 250 1253 503 0
6910 1 0 182 316 528 0
6911 2 1046 243 1268 514 0
6911 1 0 150 316 527 0
6912 2 1052 243 1276 518 0
6912 1 0 143 300 525 0
6913 2 1078 245 1289 520 0
6913 1 0 136 284 523 0
6914 2 1084 245 1302 522 0
6914 1 0 129 269 520 0
6915 2 1098 246 1316 527 0
6915 1 0 122 253 518 0
6916 2 1104 252 1331 525 0
6916 1 0 109 253 496 0
6917 2 1118 252 1354 531 0
6917 1 0 96 253 473 0
6918 2 1138 254 1372 543 0
6918 1 0 77 238 470 0
6919 2 1146 267 1387 559 0
6919 1 0 58 224 467 0
6920 2 1160 274 1406 581 0
6920 1 0 41 224 454 0
6921 2 1170 284 1415 591 0
6921 1 0 23 224 440 0
6922 2 1186 282 1439 607 0
6922 1 0 15 217 436 0
6923 2 1208 287 1460 617 0
6923 1 0 6 211 432 0
6924 2 1224 291 1477 621 0
6924 1 0 6 181 423 0
6925 2 1242 304 1499 629 0
6925 1 0 6 151 415 0
6926 2 1252 302 1532 638 0
6926 1 0 6 142 393 0
6927 2 1259 312 1547 645 0
6927 1 0 6 127 395 0
6928 2 1298 302 1566 652 0
6929 2 1318 302 1573 644 0
6930 2 1312 276 1596 633 0
6931 2 1306 261 1596 640 0
6932 2 1316 269 1591 637 0
6933 2 1287 272 1571 659 0
6934 2 1235 274 1536 670 0
6935 2 1229 287 1517 685 0
6936 2 1190 276 1510 691 0
6937 2 1190 265 1504 682 0
6938 2 1168 245 1510 656 0
6939 2 1190 217 1541 648 0
6940 2 1207 185 1557 641 0
6941 2 1238 162 1571 611 0
6942 2 1259 132 1599 593 0
6943 2 1261 112 1641 587 0
6944 2 1276 96 1646 562 0
6945 2 1276 86 1651 595 0
6946 2 1283 40 1681 580 0
6947 2 1272 38 1681 574 0
6948 2 1298 16 1740 516 0
6949 2 1310 1 1743 529 0
6950 2 1336 1 1750 524 0
6951 2 1363 1 1757 518 0
6952 2 1380 1 1797 518 0
6953 2 1380 1 1810 505 0
6954 2 1387 1 1824 514 0
6955 2 1395 1 1839 524 0
6956 2 1402 1 1854 533 0
6957 2 1409 1 1863 548 0
6958 2 1415 1 1871 563 0
6959 2 1436 1 1912 581 0
6960 2 1449 1 1912 602 0
6961 2 1462 1 1912 622 0
6962 2 1503 1 1912 671 0
6963 2 1579 4 1912 722 0
6964 2 1663 49 1912 778 0
6965 2 1719 94 1912 795 0
6966 2 1728 103 1919 816 0
6967 2 1703 103 1919 804 0
6968 2 1678 103 1920 793 0
6969 2 1626 81 1920 794 0
6970 2 1610 58 1919 777 0
6971 2 1595 35 1920 761 0
6972 2 1579 12 1919 745 0
6973 2 1579 8 1919 736 0
6974 2 1579 4 1919 727 0
6975 2 1579 1 1919 719 0
6976 2 1599 1 1919 720 0
6977 2 1619 1 1920 720 0
6978 2 1639 1 1920 721 0
6979 2 1682 1 1919 650 0
6980 2 1726 1 1919 580 0
6981 2 1780 1 1919 581 0
7086 1 0 265 73 534 0
7087 1 0 249 91 535 0
7088 1 0 233 109 535 0
7089 1 0 217 126 535 0
7090 1 1 187 162 520 0
7091 1 2 157 197 505 0
7092 1 9 133 233 490 0
7093 1 15 148 268 475 0
7094 1 32 115 281 457 0
7095 1 50 82 296 438 0
7096 1 64 74 313 436 0
7097 1 76 60 362 460 0
7098 1 78 51 344 407 0
7099 1 82 30 346 397 0
7100 1 82 30 346 393 0
7101 1 69 30 337 391 0
7102 1 57 30 329 389 0
7103 1 45 30 322 387 0
7104 1 34 24 300 381 0
7105 1 23 18 279 376 0
7106 1 13 12 258 370 0
7107 1 2 6 236 365 0
7108 1 0 32 195 375 0
7109 1 0 58 155 385 0
7137 2 1827 351 1921 741 0
7138 2 1803 335 1920 733 0
7139 2 1780 320 1920 726 0
7140 2 1766 304 1919 718 0
7141 2 1751 289 1918 711 0
7142 2 1737 273 1918 703 0
7143 2 1722 258 1917 696 0
7144 2 1722 238 1921 676 0
7145 2 1717 238 1921 674 0
7146 2 1711 238 1921 671 0
7147 2 1698 213 1919 684 0
7148 2 1722 232 1911 689 0
7149 2 1696 228 1913 699 0
7150 2 1681 228 1923 704 0
7151 2 1696 230 1919 704 0
7152 2 1696 230 1919 714 0
7153 2 1707 230 1919 742 0
7154 2 1707 230 1919 758 0
7155 2 1728 230 1919 764 0
7156 2 1743 230 1919 786 0
7157 2 1750 230 1919 805 0
7158 2 1760 245 1919 797 0
7159 2 1760 250 1919 817 0
7160 2 1760 265 1919 840 0
7161 2 1760 287 1919 839 0
7162 2 1778 287 1919 846 0
7163 2 1797 287 1919 852 0
7164 2 1797 306 1919 860 0
7165 2 1827 306 1919 864 0
7305 1 0 30 45 286 0
7306 1 0 14 58 289 0
7307 1 0 12 70 286 0
7308 1 0 10 82 283 0
7309 1 0 9 94 281 0
7310 1 0 7 106 278 0
7311 1 0 6 118 276 0
7312 1 0 4 130 273 0
7313 1 0 2 143 271 0
7314 1 0 1 155 269 0
7315 1 4 1 169 261 0
7316 1 9 1 183 253 0
7317 1 14 1 197 245 0
7318 1 19 1 211 237 0
7319 1 24 1 225 230 0
7320 1 22 1 219 229 0
7321 1 20 1 214 228 0
7322 1 17 1 207 228 0
7323 1 15 1 201 227 0
7324 1 12 1 195 227 0
7325 1 10 1 189 226 0
7326 1 7 1 183 226 0
7327 1 5 1 177 225 0
7328 1 3 1 172 224 0
7329 1 0 1 165 224 0
7330 1 0 1 164 221 0
7331 1 0 1 162 217 0
7332 1 0 1 161 214 0
7333 1 0 1 159 211 0
7334 1 0 1 158 207 0
7335 1 0 1 148 201 0
7336 1 0 1 139 195 0
7337 1 0 1 130 189 0
7338 1 0 1 121 184 0
7339 1 0 1 111 178 0
7340 1 0 1 102 172 0
7341 1 0 1 94 170 0
7342 1 0 1 87 168 0
7343 1 0 1 74 127 0
7913 2 1834 447 1919 720 0
7914 2 1796 419 1919 694 0
7915 2 1758 390 1919 667 0
7916 2 1727 361 1905 650 0
7917 2 1697 333 1892 633 0
7918 2 1666 304 1878 616 0
7919 2 1661 276 1865 600 0
7920 2 1653 270 1869 602 0
7921 2 1640 260 1875 593 0
7922 2 1646 252 1881 582 0
7923 2 1655 222 1895 586 0
7924 2 1648 210 1909 589 0
7925 2 1644 186 1908 589 0
7926 2 1670 170 1908 600 0
7927 2 1670 157 1921 600 0
7928 2 1693 124 1922 593 0
7929 2 1707 124 1921 602 0
7930 2 1737 101 1921 606 0
7931 2 1767 79 1921 611 0
7932 2 1763 79 1921 618 0
7933 2 1802 79 1921 542 0
8099 2 1804 310 1919 632 1
8100 2 1742 304 1921 645 1
8101 2 1680 315 1915 659 1
8102 2 1639 306 1897 678 1
8103 2 1569 321 1832 690 1
8104 2 1500 336 1768 703 1
8105 2 1430 351 1703 715 1
8106 2 1397 357 1671 734 1
8107 2 1365 364 1640 753 1
8108 2 1335 380 1618 736 1
8109 2 1324 370 1592 734 0
8110 2 1298 356 1573 724 0
8111 2 1289 354 1581 718 0
8112 2 1302 300 1575 706 0
8113 2 1281 292 1569 698 0
8114 2 1272 290 1565 704 0
8115 2 1264 274 1557 701 0
8116 2 1257 262 1537 693 0
8117 2 1246 228 1547 684 0
8118 2 1253 214 1547 675 0
8119 2 1238 188 1567 671 0
8120 2 1248 172 1612 663 0
8121 2 1272 103 1655 637 0
8122 2 1318 81 1675 607 0
8123 2 1341 38 1756 581 0
8124 2 1424 23 1773 557 0
8125 2 1460 8 1815 549 0
8126 2 1497 8 1878 536 0
8127 2 1544 1 1905 529 0
8128 2 1592 1 1919 542 0
8129 2 1626 1 1920 563 0
8130 2 1659 1 1919 566 0
8131 2 1704 1 1919 548 0
8132 2 1763 1 1919 451 0
8872 2 0 164 52 320 0
8873 2 0 163 106 321 0
8874 2 26 151 134 314 0
8875 2 54 140 163 309 0
8876 2 78 127 188 296 0
8877 2 101 113 212 283 0
8878 2 125 100 237 270 0
8878 1 0 187 58 343 0
8879 2 148 87 260 257 0
8879 1 6 174 79 337 0
8880 2 171 73 284 244 0
8880 1 14 161 100 332 0
8881 2 187 69 302 237 0
8881 1 21 149 121 327 0
8882 2 202 65 320 230 0
8882 1 29 136 142 322 0
8883 2 218 61 338 223 0
8883 1 36 124 163 317 0
8884 2 233 56 355 216 0
8884 1 44 119 174 311 0
8885 2 236 58 361 218 0
8885 1 52 115 185 306 0
8886 2 239 60 366 220 0
8886 1 59 111 196 301 0
8887 2 243 62 372 222 0
8887 1 67 107 207 296 0
8888 2 246 64 378 224 0
8888 1 75 103 218 291 0
8889 2 252 55 382 214 0
8889 1 76 91 224 280 0
8890 2 258 45 385 203 0
8890 1 77 80 231 270 0
8891 2 264 36 389 194 0
8891 1 78 68 238 260 0
8892 2 270 27 393 184 0
8892 1 80 57 245 250 0
8893 2 275 17 396 174 0
8893 1 81 45 252 239 0
8894 2 281 8 400 164 0
8894 1 82 34 258 230 0
8895 2 297 7 422 152 0
8895 1 108 22 289 217 0
8896 2 314 6 446 140 0
8896 1 134 10 320 205 0
8897 2 330 4 469 126 0
8897 1 171 0 342 153 0
8898 2 363 4 489 110 0
8898 1 190 0 369 161 0
8899 2 395 4 512 108 0
8899 1 209 0 397 168 0
8900 2 427 4 542 108 0
8900 1 241 0 436 166 0
8901 2 460 4 573 108 0
8901 1 273 0 476 164 0
8902 2 499 4 604 105 0
8902 1 306 0 507 160 0
8903 2 537 4 634 103 0
8903 1 336 0 539 158 0
8904 2 575 4 664 100 0
8904 1 367 1 573 157 0
8905 2 602 4 693 98 0
8905 1 423 1 603 162 0
8906 2 628 4 721 97 0
8906 1 408 1 633 149 0
8907 2 654 2 741 85 0
8907 1 453 1 658 145 0
8908 2 680 1 761 75 0
8908 1 497 1 683 140 0
8909 2 676 0 769 83 0
8909 1 505 1 698 157 0
8910 2 667 0 758 87 0
8910 1 512 1 700 135 0
8911 2 657 0 747 91 0
8911 1 483 1 678 140 0
8912 2 648 0 737 96 0
8912 1 454 1 656 146 0
8913 2 603 0 684 96 0
8913 1 378 1 605 192 0
8914 2 546 0 639 101 0
8914 1 289 1 557 194 0
8915 2 453 0 553 101 0
8915 1 224 1 475 207 0
8916 2 374 0 481 124 0
8916 1 166 1 395 215 0
8917 2 289 0 402 140 0
8917 1 93 1 342 230 0
8918 2 218 0 352 161 0
8918 1 21 1 268 246 0
8919 2 179 0 313 170 0
8919 1 0 1 202 261 0
8920 2 155 0 283 161 0
8920 1 0 1 187 260 0
8921 2 142 0 276 165 0
8921 1 0 1 171 259 0
8922 2 129 0 270 170 0
8922 1 0 1 178 268 0
8923 2 135 7 280 185 0
8923 1 0 1 185 277 0
8924 2 141 15 289 201 0
8924 1 0 1 192 285 0
8925 2 147 23 299 216 0
8925 1 0 1 200 294 0
8926 2 162 34 315 233 0
8926 1 0 1 207 302 0
8927 2 177 45 332 249 0
8927 1 0 1 214 311 0
8928 2 192 56 348 266 0
8928 1 0 1 221 320 0
8929 2 218 60 383 266 0
8929 1 0 1 229 328 0
8930 2 244 63 417 265 0
8930 1 19 1 262 328 0
8931 2 270 66 452 265 0
8931 1 39 1 296 328 0
8932 2 299 66 491 265 0
8932 1 58 1 329 328 0
8933 2 328 66 530 265 0
8933 1 80 1 365 328 0
8934 2 360 68 563 267 0
8934 1 103 1 401 328 0
8935 2 392 70 596 269 0
8935 1 125 1 437 328 0
8936 2 424 73 629 272 0
8936 1 147 1 472 328 0
8937 2 456 75 662 274 0
8937 1 170 1 508 328 0
8938 2 483 80 692 281 0
8938 1 189 1 541 328 0
8939 2 510 84 722 288 0
8939 1 207 1 573 327 0
8940 2 537 89 752 295 0
8940 1 226 1 606 326 0
8941 2 564 94 781 303 0
8941 1 245 1 639 326 0
8942 2 591 98 811 309 0
8942 1 264 1 672 325 0
8943 2 618 103 841 317 0
8943 1 283 1 705 324 0
8944 2 655 118 871 332 0
8944 1 322 2 730 346 0
8945 2 691 133 901 347 0
8945 1 361 2 771 366 0
8946 2 727 148 930 362 0
8946 1 400 3 813 387 0
8947 2 764 163 961 377 0
8947 1 438 4 854 408 0
8948 2 800 178 990 392 0
8948 1 477 5 896 429 0
8949 2 836 192 1020 406 0
8949 1 516 6 938 450 0
8950 2 872 218 1053 422 0
8950 1 507 4 974 497 0
8951 2 909 243 1087 438 0
8951 1 587 16 1041 526 0
8952 2 937 254 1117 462 0
8952 1 597 22 1071 544 0
8953 2 1000 310 1145 473 0
8953 1 562 30 1096 590 0
8954 1 683 60 1101 585 0
8955 1 676 106 1156 606 0
8956 1 682 102 1198 614 0
8957 1 678 104 1214 646 0
8958 1 714 112 1228 654 0
8959 1 740 110 1264 654 0
8960 1 814 134 1306 644 0
8961 1 824 122 1328 660 0
8962 1 838 114 1360 680 0
8963 1 916 105 1431 723 0
8964 1 968 101 1485 737 0
8965 1 1037 112 1523 758 0
8966 1 1110 140 1633 800 0
8967 1 1138 116 1741 804 0
8968 1 1249 140 1800 841 0
8969 1 1320 138 1889 897 0
8970 1 1309 150 1921 917 0
8971 1 1437 164 1919 906 0
8972 1 1462 168 1920 909 0
8973 1 1607 215 1919 902 0
