102 1 1871 367 1915 608 0
103 1 1861 373 1913 663 0
104 1 1851 378 1915 678 0
105 1 1840 383 1916 692 0
106 1 1830 388 1918 707 0
107 1 1819 368 1915 713 0
108 1 1809 348 1913 719 0
109 1 1776 377 1920 751 0
110 1 1766 363 1912 769 0
111 1 1740 379 1918 760 0
112 1 1724 386 1915 783 0
113 1 1705 415 1913 798 0
114 1 1681 438 1915 819 0
115 1 1655 445 1897 871 0
116 1 1641 453 1908 843 0
117 1 1646 467 1906 855 0
118 1 1639 472 1894 848 0
119 1 1641 464 1885 852 0
120 1 1642 479 1894 862 0
121 1 1658 450 1912 831 0
122 1 1696 464 1923 828 0
123 1 1764 436 1922 805 0
239 1 1854 303 1920 655 0
240 1 1818 263 1917 648 0
241 1 1796 251 1914 643 0
242 1 1774 240 1911 640 0
243 1 1752 228 1907 635 0
244 1 1724 233 1905 630 0
245 1 1695 238 1901 626 0
246 1 1691 238 1903 616 0
247 1 1679 209 1918 607 0
248 1 1624 224 1904 578 0
249 1 1596 214 1894 586 0
250 1 1598 208 1890 582 0
251 1 1596 184 1898 556 0
252 1 1602 180 1900 558 0
253 1 1608 182 1900 560 0
254 1 1610 178 1902 560 0
255 1 1618 176 1908 554 0
256 1 1622 170 1908 544 0
257 1 1646 158 1910 532 0
258 1 1648 138 1916 520 0
259 1 1650 140 1912 518 0
260 1 1646 138 1912 522 0
261 1 1632 148 1906 524 0
262 1 1618 150 1894 532 0
263 1 1608 144 1892 530 0
264 1 1598 136 1898 530 0
265 1 1602 132 1896 524 0
266 1 1602 136 1896 530 0
267 1 1600 136 1898 542 0
268 1 1604 152 1896 554 0
269 1 1604 162 1896 562 0
270 1 1600 158 1900 566 0
271 1 1610 172 1900 564 0
272 1 1626 178 1906 558 0
273 1 1630 184 1910 556 0
274 1 1648 180 1914 568 0
275 1 1644 176 1916 562 0
276 1 1638 176 1912 556 0
277 1 1638 172 1916 554 0
278 1 1642 170 1914 548 0
279 1 1652 176 1914 552 0
280 1 1656 180 1916 564 0
281 1 1654 184 1916 572 0
282 1 1648 178 1912 558 0
283 1 1638 170 1904 542 0
284 1 1614 158 1898 536 0
285 1 1614 162 1900 534 0
286 1 1614 156 1902 530 0
287 1 1614 156 1900 532 0
288 1 1612 152 1898 522 0
289 1 1606 144 1892 514 0
290 1 1608 136 1884 500 0
291 1 1598 102 1878 476 0
292 1 1582 86 1872 472 0
293 1 1582 72 1872 456 0
294 1 1584 84 1864 454 0
295 1 1576 88 1860 448 0
296 1 1584 122 1860 420 0
297 1 1598 58 1904 440 0
298 1 1632 43 1906 437 0
299 1 1674 43 1905 437 0
300 1 1733 43 1905 437 0
301 1 1797 74 1912 376 0
595 1 1833 102 1915 435 0
596 1 1791 114 1912 492 0
597 1 1750 121 1909 506 0
598 1 1724 118 1918 489 0
599 1 1668 116 1904 474 0
600 1 1698 106 1911 456 0
601 1 1680 124 1920 430 0
602 1 1717 60 1913 467 0
603 1 1736 60 1913 467 0
604 1 1769 79 1913 467 0
605 1 1823 88 1912 466 0
633 1 1811 171 1912 523 0
634 1 1762 184 1917 515 0
635 1 1714 198 1898 508 0
636 1 1704 196 1902 500 0
637 1 1698 196 1906 496 0
638 1 1676 192 1908 478 0
639 1 1678 182 1914 470 0
640 1 1678 184 1914 474 0
641 1 1678 176 1916 470 0
642 1 1678 178 1916 468 0
643 1 1678 176 1916 466 0
644 1 1682 174 1916 464 0
645 1 1672 152 1916 458 0
646 1 1674 150 1914 452 0
647 1 1680 152 1918 448 0
648 1 1680 152 1916 446 0
649 1 1684 148 1916 450 0
650 1 1690 148 1918 446 0
651 1 1724 126 1917 459 0
652 1 1724 126 1917 459 0
653 1 1724 126 1917 459 0
654 1 1724 126 1917 459 0
655 1 1733 126 1917 459 0
656 1 1743 126 1917 459 0
657 1 1752 126 1917 459 0
658 1 1790 126 1917 459 0
659 1 1818 126 1917 436 0
3101 1 1845 282 1918 728 0
3102 1 1817 269 1916 766 0
3103 1 1789 245 1916 749 0
3104 1 1761 220 1917 732 0
3105 1 1733 195 1917 714 0
3106 1 1705 171 1917 698 0
3107 1 1677 182 1911 680 0
3108 1 1650 194 1906 664 0
3109 1 1628 214 1908 662 0
3110 1 1624 230 1906 664 0
3111 1 1634 230 1918 664 0
3112 1 1594 220 1898 686 0
3113 1 1574 254 1882 724 0
3114 1 1546 256 1864 668 0
3115 1 1526 278 1834 696 0
3116 1 1502 306 1802 730 0
3117 1 1482 336 1774 764 0
3118 1 1466 362 1754 786 0
3119 1 1456 378 1740 802 0
3120 1 1400 390 1740 792 0
3121 1 1396 380 1746 794 0
3122 1 1386 372 1744 798 0
3123 1 1382 366 1738 792 0
3124 1 1364 354 1710 804 0
3125 1 1364 352 1708 798 0
3126 1 1360 342 1706 810 0
3127 1 1360 340 1702 814 0
3128 1 1358 330 1704 814 0
3129 1 1360 330 1700 798 0
3130 1 1360 318 1696 776 0
3131 1 1354 270 1706 742 0
3132 1 1360 238 1714 728 0
3133 1 1368 232 1714 716 0
3134 1 1368 232 1710 714 0
3135 1 1370 250 1712 712 0
3136 1 1362 254 1714 720 0
3137 1 1352 258 1710 728 0
3138 1 1330 254 1752 758 0
3139 1 1320 258 1750 764 0
3140 1 1308 246 1744 756 0
3141 1 1296 244 1736 758 0
3142 1 1268 180 1738 714 0
3143 1 1268 188 1724 706 0
3144 1 1266 186 1718 706 0
3145 1 1264 186 1708 712 0
3146 1 1258 186 1696 722 0
3147 1 1224 282 1648 768 0
3148 1 1214 288 1658 778 0
3149 1 1218 288 1662 780 0
3150 1 1222 268 1670 780 0
3151 1 1220 270 1662 776 0
3152 1 1230 262 1656 756 0
3153 1 1234 262 1656 756 0
3154 1 1236 264 1656 758 0
3155 1 1236 268 1656 762 0
3156 1 1240 270 1660 764 0
3157 1 1246 272 1666 764 0
3158 1 1254 274 1670 762 0
3159 1 1260 274 1672 760 0
3160 1 1262 274 1672 760 0
3161 1 1260 270 1664 758 0
3162 1 1260 266 1664 756 0
3163 1 1260 260 1664 750 0
3164 1 1272 246 1678 734 0
3165 1 1286 228 1688 718 0
3166 1 1294 152 1780 710 0
3167 1 1290 140 1788 738 0
3168 1 1304 136 1788 752 0
3169 1 1304 140 1786 750 0
3170 1 1314 148 1790 746 0
3171 1 1328 150 1800 742 0
3172 1 1330 150 1802 742 0
3173 1 1336 152 1804 742 0
3174 1 1344 158 1802 736 0
3175 1 1344 162 1798 734 0
3176 1 1344 156 1804 736 0
3177 1 1346 164 1792 712 0
3178 1 1344 150 1792 720 0
3179 1 1350 152 1798 720 0
3180 1 1356 148 1802 718 0
3181 1 1358 148 1804 714 0
3182 1 1364 150 1810 708 0
3183 1 1380 158 1816 700 0
3184 1 1384 156 1818 686 0
3185 1 1384 158 1826 684 0
3186 1 1388 148 1828 674 0
3187 1 1396 152 1822 670 0
3188 1 1422 162 1854 660 0
3189 1 1426 166 1850 654 0
3190 1 1432 170 1850 650 0
3191 1 1432 182 1850 646 0
3192 1 1442 162 1828 656 0
3193 1 1446 176 1828 658 0
3194 1 1446 180 1826 658 0
3195 1 1450 190 1828 656 0
3196 1 1452 194 1824 652 0
3197 1 1448 194 1826 656 0
3198 1 1450 198 1824 658 0
3199 1 1456 210 1824 660 0
3200 1 1456 216 1830 672 0
3201 1 1468 230 1826 668 0
3202 1 1470 232 1828 672 0
3203 1 1474 226 1830 692 0
3204 1 1478 288 1816 710 0
3205 1 1468 280 1816 720 0
3206 1 1464 292 1816 730 0
3207 1 1474 312 1816 722 0
3208 1 1484 320 1818 720 0
3209 1 1488 322 1820 726 0
3210 1 1494 328 1822 724 0
3211 1 1500 372 1818 734 0
3212 1 1502 374 1822 736 0
3213 1 1516 416 1820 706 0
3214 1 1506 378 1824 748 0
3215 1 1508 376 1828 752 0
3216 1 1512 374 1826 752 0
3217 1 1512 376 1832 760 0
3218 1 1512 376 1828 756 0
3219 1 1508 378 1828 756 0
3220 1 1472 384 1810 760 0
3221 1 1452 386 1794 766 0
3222 1 1424 392 1770 776 0
3223 1 1394 398 1744 784 0
3224 1 1370 406 1726 794 0
3225 1 1350 410 1710 798 0
3226 1 1338 366 1692 808 0
3227 1 1322 370 1686 812 0
3228 1 1310 370 1670 806 0
3229 1 1290 366 1652 796 1
3230 1 1260 358 1628 786 1
3231 1 1246 342 1610 778 1
3232 1 1222 344 1588 784 1
3233 1 1180 318 1588 786 1
3234 1 1166 316 1576 792 1
3235 1 1154 310 1562 800 1
3236 1 1140 308 1556 804 1
3237 1 1126 314 1544 804 1
3238 1 1122 316 1538 786 1
3239 1 1114 308 1532 796 1
3240 1 1112 304 1544 816 1
3241 1 1110 300 1556 844 1
3242 1 1104 294 1576 856 1
3243 1 1104 292 1586 868 1
3244 1 1108 290 1596 870 1
3245 1 1114 266 1606 866 1
3246 1 1140 254 1624 862 1
3247 1 1162 244 1646 848 1
3248 1 1192 210 1660 792 1
3249 1 1238 136 1710 799 1
3250 1 1278 106 1758 788 1
3251 1 1350 60 1832 709 1
3252 1 1476 2 1917 644 1
3253 1 1607 0 1906 605 1
3254 1 1701 0 1906 555 1
3255 1 1742 0 1918 494 1
3256 1 1778 0 1918 422 1
3257 1 1840 0 1918 421 1
3258 1 1855 0 1918 386 1
3481 1 1887 325 1915 547 0
3482 1 1884 325 1916 547 0
3483 1 1881 325 1916 547 0
3484 1 1877 325 1916 547 0
3485 1 1877 325 1916 547 0
3486 1 1863 267 1916 547 0
3487 1 1863 234 1916 670 0
3488 1 1865 214 1916 648 0
3489 1 1877 176 1916 542 0
4940 1 344 10 568 337 0
4941 1 286 10 508 354 0
4942 1 216 10 442 354 0
4943 1 161 10 383 378 0
4944 1 128 10 336 366 0
4945 1 93 10 315 352 0
4946 1 66 10 284 335 0
4947 1 29 1 243 293 0
4948 1 17 1 214 287 0
4949 1 4 1 168 279 0
4950 1 4 1 133 285 0
4951 1 4 1 113 272 0
4952 1 4 1 78 272 0
4953 1 4 1 61 202 0
5301 1 1533 504 1724 701 0
5302 1 1515 497 1720 698 0
5303 1 1496 490 1715 694 0
5304 1 1478 484 1712 692 0
5305 1 1482 468 1716 688 0
5306 1 1488 456 1722 680 0
5307 1 1488 446 1730 682 0
5308 1 1492 442 1732 686 0
5309 1 1502 436 1748 698 0
5310 1 1532 428 1782 680 0
5311 1 1529 374 1768 670 0
5312 1 1562 370 1796 701 0
5313 1 1607 356 1852 673 0
5314 1 1702 364 1901 665 0
5787 1 1852 259 1915 578 0
5788 1 1833 247 1915 595 0
5789 1 1814 234 1915 580 0
5790 1 1795 222 1914 567 0
5791 1 1776 210 1914 554 0
5792 1 1757 198 1914 541 0
5793 1 1738 186 1914 528 0
5794 1 1742 182 1916 526 0
5795 1 1740 188 1916 514 0
5796 1 1742 180 1916 514 0
5797 1 1744 176 1916 516 0
5798 1 1744 170 1916 508 0
5799 1 1736 170 1916 506 0
5800 1 1732 168 1916 504 0
5801 1 1734 170 1918 508 0
5802 1 1764 170 1917 531 0
5803 1 1793 144 1917 531 0
5804 1 1842 144 1917 516 0
5989 1 1782 1 1917 419 0
5990 1 1752 1 1922 424 0
5991 1 1721 1 1915 470 0
5992 1 1679 1 1918 538 0
5993 1 1674 1 1917 530 0
5994 1 1670 1 1917 522 0
5995 1 1665 1 1916 514 0
5996 1 1620 1 1917 502 0
5997 1 1570 1 1918 491 0
5998 1 1529 1 1897 485 0
5999 1 1487 1 1875 479 0
6000 1 1446 2 1854 474 0
6001 1 1402 2 1842 470 0
6002 1 1310 2 1810 464 0
6003 1 1302 2 1794 476 0
6004 1 1290 2 1792 490 0
6005 1 1268 0 1770 486 0
6006 1 1257 4 1759 448 0
6007 1 1212 0 1724 448 0
6008 1 1156 0 1724 428 0
6009 1 1100 0 1627 413 0
6010 1 1028 0 1609 374 0
6011 1 960 0 1534 366 0
6012 1 886 0 1448 339 0
6013 1 758 0 1374 310 0
6014 1 639 0 1248 302 0
6015 1 501 0 1193 306 0
6016 1 363 0 1137 309 0
6017 1 159 0 814 313 0
6018 1 33 0 719 317 0
6019 1 6 0 449 325 0
6020 1 6 0 304 325 0
6021 1 6 0 189 354 0
6022 1 6 0 141 341 0
6023 1 6 0 63 337 0
6644 1 0 1 123 204 1
6645 1 1 1 137 285 1
6646 1 1 1 150 366 1
6647 1 2 0 164 400 1
6648 1 3 0 178 400 1
6649 1 3 0 191 399 1
6650 1 4 0 205 399 1
6651 1 4 0 218 397 1
6652 1 5 0 232 396 1
6653 1 6 0 246 394 1
6654 1 6 0 259 392 1
6655 1 7 0 273 391 1
6656 1 8 0 288 376 1
6657 1 8 0 288 382 1
6658 1 8 0 288 389 1
6659 1 8 0 297 389 1
6660 1 8 0 307 389 1
6661 1 8 0 307 371 1
6662 1 8 0 307 354 1
6663 1 8 0 307 349 1
6664 1 8 0 307 343 1
6665 1 8 0 332 343 1
6666 1 8 0 332 336 1
6667 1 8 0 332 329 1
6668 1 0 0 350 329 1
6669 1 0 0 355 332 1
6670 1 0 0 360 335 1
6671 1 6 0 373 335 1
6672 1 12 0 387 335 1
6673 1 12 0 387 328 1
6674 1 12 0 387 322 1
6675 1 12 0 387 315 1
6676 1 12 0 387 308 1
6677 1 9 0 387 303 1
6678 1 5 0 387 298 1
6679 1 2 0 387 293 1
6680 1 0 0 387 288 1
6681 1 0 0 391 301 1
6682 1 0 0 395 314 1
6683 1 0 0 399 327 1
6684 1 0 0 402 340 1
6685 1 0 0 406 354 1
6686 1 0 0 406 357 1
6687 1 0 0 406 361 1
6688 1 0 0 406 364 1
6689 1 0 0 406 364 1
6690 1 0 0 406 364 1
6691 1 0 0 406 364 0
6692 1 0 0 406 364 0
6693 1 0 0 401 360 0
6694 1 0 0 396 356 0
6695 1 0 0 390 352 0
6696 1 0 0 385 347 0
6697 1 0 0 385 339 0
6698 1 0 0 385 331 0
6699 1 0 0 385 323 0
6700 1 0 0 363 323 0
6701 1 0 0 363 323 0
6702 1 0 0 363 323 0
6703 1 0 0 369 316 0
6704 1 0 0 375 308 0
6705 1 0 0 375 299 0
6706 1 0 0 375 290 0
6707 1 0 0 375 269 0
6708 1 0 0 369 263 0
6709 1 0 0 363 257 0
6710 1 0 0 363 254 0
6711 1 0 0 363 251 0
6712 1 0 0 363 249 0
6713 1 0 0 363 245 0
6714 1 0 0 363 242 0
6715 1 0 0 363 238 0
6716 1 0 0 363 237 0
6717 1 0 0 363 236 0
6718 1 0 0 363 235 0
6719 1 0 0 363 234 0
6720 1 0 0 363 233 1
6721 1 0 0 363 232 1
6722 1 0 0 363 230 1
6723 1 0 0 363 229 1
6724 1 0 0 363 228 1
6725 1 0 0 363 227 1
6726 1 0 0 363 226 1
6727 1 0 0 360 226 1
6728 1 0 0 358 226 1
6729 1 0 0 355 226 1
6730 1 0 0 352 226 1
6731 1 0 0 350 226 1
6732 1 0 0 347 226 1
6733 1 0 0 345 226 1
6734 1 0 0 342 226 1
6735 1 0 0 339 226 1
6736 1 0 0 337 226 1
6737 1 0 0 334 226 1
6738 1 0 0 332 226 1
6739 1 0 0 321 226 1
6740 1 0 0 310 226 1
6741 1 0 0 299 226 1
6742 1 0 0 287 226 1
6743 1 0 0 275 226 1
6744 1 0 0 264 226 1
6745 1 0 0 258 226 1
6746 1 0 0 252 226 1
6747 1 0 0 247 226 1
6748 1 0 0 241 226 1
6749 1 0 0 231 226 1
6750 1 0 0 222 226 1
6751 1 0 0 212 226 1
6752 1 0 0 202 226 1
6753 1 0 0 191 226 1
6754 1 0 0 179 226 1
6755 1 0 0 161 148 1
6756 1 0 0 143 148 1
6757 1 0 0 126 148 1
6758 1 0 0 126 115 1
6759 1 0 0 117 115 1
6760 1 0 0 109 115 1
7294 1 0 1 241 431 0
7295 1 0 0 344 545 0
7296 1 29 0 482 560 0
7297 1 117 2 585 551 0
7298 1 204 5 688 542 0
7299 1 292 3 775 530 0
7300 1 346 0 844 520 0
7301 1 400 0 892 521 0
7302 1 439 0 910 490 0
7303 1 457 0 980 492 0
7304 1 457 0 980 467 0
7305 1 379 0 945 455 0
7306 1 297 0 847 424 0
7307 1 188 0 723 378 0
7308 1 89 0 567 358 0
7309 1 0 0 348 261 0
7310 1 0 0 251 172 0
7646 1 2 0 74 131 0
7647 1 0 0 90 203 0
7648 1 0 0 101 210 0
7649 1 0 0 112 217 0
7650 1 0 0 123 224 0
7651 1 0 0 141 250 0
7652 1 0 0 159 276 0
7653 1 0 0 178 302 0
7654 1 1 0 196 306 0
7655 1 1 0 213 310 0
7656 1 2 0 232 315 0
7657 1 7 0 250 318 0
7658 1 12 0 268 321 0
7659 1 17 0 286 324 0
7660 1 22 0 304 327 0
7661 1 27 0 322 330 0
7662 1 32 0 340 333 0
7663 1 38 0 360 336 0
7664 1 46 0 360 334 0
7665 1 48 0 356 332 0
7666 1 95 0 353 332 0
7667 1 46 0 356 332 0
7668 1 50 0 354 332 0
7669 1 48 0 350 336 0
7670 1 50 0 350 334 0
7671 1 46 0 346 336 0
7672 1 48 0 348 336 0
7673 1 70 0 347 336 0
7674 1 76 0 353 336 0
7675 1 82 0 359 336 0
7676 1 89 0 367 336 0
7677 1 89 0 379 353 0
7678 1 89 0 391 370 0
7679 1 103 0 405 372 0
7680 1 103 0 418 376 0
7681 1 103 0 426 369 0
7682 1 103 0 434 362 0
7683 1 109 0 452 362 0
7684 1 115 0 469 362 0
7685 1 116 0 469 362 0
7686 1 117 0 469 362 0
7687 1 117 0 485 374 0
7688 1 117 0 502 387 0
7689 1 128 0 503 387 0
7690 1 138 0 502 387 0
7691 1 148 0 502 387 0
7692 1 159 0 503 387 0
7693 1 159 0 503 375 0
7694 1 159 0 503 364 0
7695 1 159 0 503 353 0
7696 1 159 0 503 341 0
7697 1 159 0 513 339 0
7698 1 159 0 523 336 0
7699 1 159 0 534 333 0
7700 1 159 0 534 334 0
7701 1 159 0 534 335 0
7702 1 165 0 524 340 0
7703 1 171 0 514 345 0
7704 1 177 0 504 350 0
7705 1 177 0 504 352 0
7706 1 177 0 504 355 0
7707 1 177 0 504 357 0
7708 1 177 0 504 360 0
7709 1 187 0 505 364 0
7710 1 196 0 505 368 0
7711 1 214 0 504 369 0
7712 1 233 0 504 370 0
7713 1 238 8 509 373 0
7714 1 242 16 512 377 0
7715 1 247 24 516 380 0
7716 1 255 31 517 380 0
7717 1 262 38 517 380 0
7718 1 262 45 517 376 0
7719 1 262 51 517 372 0
7720 1 262 56 517 371 0
7721 1 262 62 517 372 0
7722 1 262 67 517 371 0
7723 1 262 77 517 384 0
7724 1 262 86 517 395 0
7725 1 262 90 510 394 0
7726 1 262 94 504 394 0
7727 1 262 98 497 394 0
7728 1 262 102 490 394 0
7729 1 262 115 490 397 0
7730 1 262 127 490 398 0
7731 1 249 133 485 387 0
7732 1 237 139 482 375 0
7733 1 241 140 473 368 0
7734 1 245 141 465 361 0
7735 1 245 158 465 349 0
7736 1 245 158 457 333 0
7737 1 244 162 457 315 0
7738 1 243 166 457 297 0
7739 1 243 172 438 297 0
7740 1 235 183 432 279 0
7741 1 225 183 422 288 0
7742 1 225 195 414 287 0
7743 1 227 199 407 287 0
7744 1 229 203 400 287 0
7745 1 229 203 396 287 0
7746 1 229 203 392 287 0
7747 1 229 203 389 287 0
7748 1 229 203 385 287 0
7749 1 229 203 382 287 0
7750 1 229 203 378 287 0
7751 1 229 203 375 287 0
7752 1 230 205 377 289 0
7753 1 231 206 380 290 0
7754 1 233 208 383 292 0
7755 1 234 209 386 293 0
7756 1 235 211 389 295 0
7757 1 236 213 391 297 0
7758 1 238 214 395 298 0
7759 1 239 216 397 300 0
7760 1 239 216 394 294 0
7761 1 239 216 391 288 0
7762 1 239 216 388 281 0
7763 1 239 216 385 275 0
7764 1 266 205 391 272 0
7765 1 266 195 404 254 0
7766 1 266 184 397 246 0
7767 1 266 172 391 237 0
7768 1 278 165 397 229 0
7769 1 291 158 404 221 0
7770 1 291 158 404 213 0
7771 1 291 158 385 207 0
7858 1 313 164 430 188 0
7859 1 311 154 449 205 0
7860 1 301 137 486 215 0
7861 1 303 139 498 229 0
7862 1 300 130 518 238 0
7863 1 300 120 516 238 0
7864 1 300 120 522 240 0
7865 1 291 116 529 234 0
7866 1 291 96 531 250 0
7867 1 306 108 532 308 0
7868 1 289 78 530 259 0
7869 1 291 88 527 265 0
7870 1 297 84 529 282 0
7871 1 276 65 533 293 0
7872 1 304 84 544 314 0
7873 1 308 78 546 312 0
7874 1 308 72 550 312 0
7875 1 312 68 546 308 0
7876 1 308 64 552 318 0
7877 1 330 66 572 322 0
7878 1 328 64 576 336 0
7879 1 326 58 578 330 0
7880 1 326 54 582 328 0
7881 1 328 48 592 328 0
7882 1 328 46 598 326 0
7883 1 336 52 604 332 0
7884 1 330 16 628 364 0
7885 1 348 44 626 328 0
7886 1 356 46 634 336 0
7887 1 364 50 642 332 0
7888 1 394 52 660 330 0
7889 1 396 52 660 334 0
7890 1 392 50 666 332 0
7891 1 390 50 672 338 0
7892 1 388 50 680 336 0
7893 1 388 12 690 382 0
7894 1 384 8 692 382 0
7895 1 380 12 690 380 0
7896 1 378 12 692 378 0
7897 1 380 12 692 378 0
7898 1 382 10 690 376 0
7899 1 359 0 691 358 0
7900 1 346 0 685 351 0
7901 1 334 0 680 343 0
7902 1 333 0 680 339 0
7903 1 332 0 680 335 0
7904 1 327 0 670 333 0
7905 1 323 0 660 331 0
7906 1 318 0 650 329 0
7907 1 313 0 640 327 0
7908 1 311 0 640 325 0
7909 1 309 0 640 323 0
7910 1 305 0 637 319 0
7911 1 302 0 636 315 0
7912 1 298 0 633 310 0
7913 1 294 0 630 306 0
7914 1 291 0 628 302 0
7915 1 289 0 628 298 0
7916 1 286 0 628 294 0
7917 1 276 0 608 283 0
7918 1 266 0 589 271 0
7919 1 261 0 583 278 0
7920 1 256 0 577 286 0
7921 1 249 0 578 283 0
7922 1 243 0 580 279 0
7923 1 240 0 575 270 0
7924 1 237 0 570 261 0
7925 1 245 0 568 255 0
7926 1 252 0 565 249 0
7927 1 260 0 562 242 0
7928 1 235 0 557 238 0
7929 1 210 0 552 234 0
7930 1 193 0 547 227 0
7931 1 176 0 542 220 0
7932 1 159 0 507 222 0
7933 1 150 0 498 225 0
7934 1 142 0 490 228 0
7935 1 126 0 474 228 0
7936 1 109 0 457 228 0
7937 1 109 0 447 227 0
7938 1 109 0 438 226 0
7939 1 109 0 426 230 0
7940 1 109 0 413 234 0
7941 1 94 0 414 227 0
7942 1 78 0 413 220 0
7943 1 67 0 386 233 0
7944 1 56 0 358 247 0
7945 1 47 0 344 235 0
7946 1 39 0 331 224 0
7947 1 39 0 313 235 0
7948 1 39 0 294 247 0
7949 1 39 0 289 249 0
7950 1 39 0 284 252 0
7951 1 39 0 280 255 0
7952 1 40 0 280 253 0
7953 1 41 0 280 251 0
7954 1 42 0 279 249 0
7955 1 43 0 279 247 0
7956 1 44 0 279 244 0
7957 1 45 0 279 242 0
7958 1 45 0 299 241 0
7959 1 45 0 319 240 0
7960 1 45 0 330 243 0
7961 1 45 0 341 247 0
7962 1 90 0 379 253 0
7963 1 134 0 416 259 0
7964 1 150 0 444 261 0
7965 1 167 0 474 263 0
7966 1 214 0 518 259 0
7967 1 260 0 590 260 0
7968 1 305 0 661 261 0
7969 1 375 0 750 257 0
7970 1 464 0 839 269 0
7971 1 534 0 939 279 0
7972 1 643 0 1018 259 0
7973 1 740 0 1121 255 0
7974 1 824 3 1180 279 0
7975 1 878 3 1261 285 0
7976 1 964 3 1336 291 0
7977 1 1028 3 1396 303 0
7978 1 1086 3 1467 310 0
7979 1 1129 3 1514 320 0
7980 1 1183 3 1584 328 0
7981 1 1263 3 1613 355 0
7982 1 1317 3 1663 388 0
7983 1 1360 14 1697 407 0
7984 1 1401 34 1726 406 0
7985 1 1430 40 1737 431 0
7986 1 1430 57 1767 448 0
7987 1 1467 63 1784 460 0
7988 1 1467 82 1800 479 0
7989 1 1508 100 1818 495 0
7990 1 1549 119 1835 512 0
7991 1 1580 137 1876 538 0
7992 1 1624 154 1912 555 0
7993 1 1655 154 1912 557 0
7994 1 1694 172 1912 557 0
7995 1 1725 172 1912 528 0
7996 1 1774 172 1920 501 0
7997 1 1826 172 1920 501 0
7998 1 1869 207 1920 501 0
8210 1 1811 1 1916 334 0
8211 1 1742 18 1916 417 0
8212 1 1672 34 1909 437 0
8213 1 1609 51 1831 479 0
8214 1 1504 67 1732 496 0
8215 1 1440 84 1706 514 0
8216 1 1377 100 1681 531 0
8217 1 1313 117 1655 549 0
8218 1 1249 133 1629 566 0
8219 1 1186 150 1604 584 0
8220 1 1174 164 1586 582 0
8221 1 1172 156 1578 568 0
8222 1 1166 144 1570 562 0
8223 1 1164 136 1564 558 0
8224 1 1164 128 1560 552 0
8225 1 1162 126 1556 550 0
8226 1 1158 126 1552 546 0
8227 1 1156 122 1550 536 0
8228 1 1166 132 1520 516 0
8229 1 1172 96 1538 500 0
8230 1 1160 100 1526 476 0
8231 1 1170 82 1528 460 0
8232 1 1170 62 1520 446 0
8233 1 1172 52 1518 440 0
8234 1 1178 26 1516 416 0
8235 1 1180 24 1524 404 0
8236 1 1196 4 1528 382 0
8237 1 1198 0 1524 364 0
8238 1 1196 0 1523 364 0
8239 1 1195 0 1523 365 0
8240 1 1193 0 1523 366 0
8241 1 1180 0 1523 353 1
8242 1 1166 0 1523 339 1
8243 1 1161 0 1517 329 1
8244 1 1155 0 1510 319 1
8245 1 1149 0 1504 308 1
8246 1 1144 0 1498 298 1
8247 1 1137 0 1492 296 1
8248 1 1130 0 1486 295 1
8249 1 1123 0 1480 293 1
8250 1 1116 0 1474 291 1
8251 1 1109 0 1468 289 1
8252 1 1102 0 1462 288 1
8253 1 1086 0 1434 308 1
8254 1 1069 0 1462 329 1
8255 1 1049 0 1434 346 1
8256 1 1028 0 1405 363 1
8257 1 989 0 1355 380 1
8258 1 965 0 1334 392 1
8259 1 942 0 1314 403 1
8260 1 915 0 1314 403 1
8261 1 888 0 1314 403 1
8262 1 893 0 1311 399 1
8263 1 897 0 1307 395 1
8264 1 901 0 1303 392 1
8265 1 906 0 1300 388 1
8266 1 910 0 1296 384 1
8267 1 915 0 1293 380 1
8268 1 919 0 1289 376 1
8269 1 928 0 1303 363 1
8270 1 938 0 1317 350 1
8271 1 958 0 1320 350 1
8272 1 969 0 1338 352 1
8273 1 981 0 1358 354 1
8274 1 1014 0 1386 354 1
8275 1 1049 0 1424 351 1
8276 1 1084 0 1461 347 1
8277 1 1132 0 1498 332 1
8278 1 1181 0 1537 317 1
8279 1 1232 0 1596 304 1
8280 1 1300 0 1631 277 1
8281 1 1372 0 1668 251 1
8282 1 1446 0 1703 222 1
8283 1 1508 0 1775 207 1
8284 1 1552 0 1826 189 1
8285 1 1603 1 1874 182 1
8286 1 1657 1 1908 167 1
8287 1 1685 1 1907 167 1
8288 1 1705 1 1914 186 1
8289 1 1725 1 1920 204 1
8290 1 1764 1 1920 185 1
8291 1 1803 1 1920 165 1
8292 1 1821 1 1919 145 1
8392 1 1840 32 1914 452 0
8393 1 1783 27 1922 452 0
8394 1 1726 22 1907 461 0
8395 1 1669 16 1893 434 0
8396 1 1612 11 1879 408 0
8397 1 1556 6 1866 382 0
8398 1 1542 3 1858 383 0
8399 1 1537 3 1857 385 0
8400 1 1533 3 1857 388 0
8401 1 1498 3 1811 380 0
8402 1 1463 3 1805 363 0
8403 1 1409 3 1761 365 0
8404 1 1360 3 1689 365 0
8405 1 1325 3 1664 365 0
8406 1 1287 3 1643 351 0
8407 1 1249 3 1621 336 0
8408 1 1224 3 1533 390 0
8409 1 1172 3 1532 390 0
8410 1 1139 3 1532 388 0
8411 1 1082 3 1446 378 0
8412 1 1014 3 1364 359 0
8413 1 907 3 1240 349 0
8414 1 785 3 1147 353 0
8415 1 651 3 1028 357 0
8416 1 523 3 867 359 0
8417 1 427 3 746 349 0
8418 1 359 3 721 332 0
8419 1 295 3 657 316 0
8420 1 260 3 608 287 0
8421 1 200 3 577 277 0
8422 1 169 3 496 252 0
8423 1 107 3 449 248 0
8424 1 58 3 404 254 0
8425 1 34 3 361 261 0
8426 1 10 3 319 268 0
8427 1 10 3 261 262 0
8428 1 10 3 222 250 0
8429 1 10 3 176 250 0
8430 1 0 3 177 250 0
8431 1 0 3 142 237 0
8432 1 0 3 125 217 0
8433 1 0 3 105 217 0
8434 1 0 3 83 217 0
8435 1 0 3 61 217 0
8436 1 0 3 72 223 0
8437 1 0 3 55 122 0
8438 1 0 3 47 111 0
8439 1 0 3 39 99 0
8440 1 0 3 39 99 0
8441 1 0 3 43 100 0
8442 1 0 3 47 101 0
8443 1 0 3 51 101 0
8444 1 0 3 55 102 0
8445 1 0 3 59 103 0
8446 1 0 3 63 103 0
8447 1 0 3 63 112 0
8448 1 0 3 63 120 0
8449 1 0 3 63 128 0
8450 1 0 3 62 136 0
8451 1 0 3 62 145 0
8452 1 0 3 62 153 0
8453 1 0 3 62 161 0
8454 1 0 3 62 169 0
8455 1 0 3 61 178 0
8456 1 0 3 69 192 0
8457 1 0 3 76 206 0
8458 1 0 3 84 221 0
8459 1 0 3 86 244 0
8460 1 0 3 127 266 0
8461 1 0 3 160 326 0
8462 1 0 3 206 338 0
8463 1 0 3 222 373 0
8464 1 0 3 257 338 0
8465 1 0 3 300 369 0
8466 1 31 3 334 367 0
8467 1 62 3 369 365 0
8468 1 109 3 368 353 0
8469 1 109 3 401 351 0
8470 1 109 3 413 349 0
8471 1 123 3 418 337 0
8472 1 136 3 422 326 0
8473 1 135 3 422 315 0
8474 1 134 3 422 303 0
8475 1 126 3 414 301 0
8476 1 119 3 407 299 0
8477 1 111 3 399 297 0
8478 1 111 3 374 270 0
8479 1 78 3 374 270 0
8480 1 78 3 374 270 0
8481 1 93 3 374 254 0
8482 1 108 3 374 237 0
8483 1 123 3 374 221 0
8484 1 138 3 374 204 0
8485 1 140 3 374 198 0
8486 1 142 3 374 191 0
8487 1 144 3 374 185 0
8488 1 146 3 374 178 0
8489 1 148 3 374 171 0
8490 1 148 3 384 169 0
8491 1 161 3 405 185 0
8492 1 173 3 424 200 0
8493 1 173 3 429 201 0
8494 1 173 3 433 202 0
8495 1 173 3 438 202 0
8496 1 190 3 442 204 0
8497 1 206 3 445 206 0
8498 1 206 3 451 210 0
8499 1 206 3 457 213 0
8500 1 231 3 476 215 0
8501 1 240 3 483 219 0
8502 1 250 3 491 223 0
8503 1 259 3 499 227 0
8504 1 259 3 511 227 0
8505 1 259 3 524 227 0
8506 1 259 3 551 231 0
8507 1 317 0 609 240 0
8508 1 355 3 626 275 0
8509 1 363 4 678 296 0
8510 1 424 4 716 276 0
8511 1 426 8 716 278 0
8512 1 428 6 718 274 0
8513 1 426 0 714 278 0
8514 1 424 1 740 295 0
8515 1 410 12 724 350 0
8516 1 412 10 716 350 0
8517 1 406 0 712 346 0
8518 1 400 0 712 352 0
8519 1 402 1 718 356 0
8520 1 404 2 724 360 0
8521 1 402 4 728 370 0
8522 1 415 2 717 361 0
8523 1 372 5 740 354 0
8524 1 384 1 739 345 0
8525 1 380 1 736 345 0
8526 1 376 1 733 346 0
8527 1 371 1 728 346 0
8528 1 367 1 725 347 0
8529 1 363 1 722 347 0
8530 1 358 1 717 348 0
8531 1 354 1 714 348 0
8532 1 350 1 711 348 0
8533 1 265 0 678 340 0
8534 1 259 4 651 357 0
8535 1 246 6 634 353 0
8536 1 134 4 594 382 0
8537 1 136 4 590 376 0
8538 1 146 4 604 376 0
8539 1 168 2 620 366 0
8540 1 176 2 638 370 0
8541 1 234 0 702 356 0
8542 1 226 0 702 350 0
8543 1 180 0 701 370 0
8544 1 134 0 701 390 0
8545 1 125 0 687 388 0
8546 1 116 0 672 386 0
8547 1 107 0 658 384 0
8548 1 83 0 658 380 0
8549 1 59 0 658 376 0
8550 1 59 0 629 380 0
8551 1 45 0 612 386 0
8552 1 31 0 594 393 0
8553 1 18 0 577 399 0
8554 1 4 0 559 405 0
8555 1 4 0 550 397 0
8556 1 4 0 542 390 0
8557 1 4 0 480 401 0
8558 1 4 0 465 382 0
8559 1 4 0 438 390 0
8560 1 4 0 409 409 0
8561 1 4 0 401 401 0
8562 1 4 0 378 398 0
8563 1 4 0 354 395 0
8564 1 4 0 330 392 0
8565 1 4 0 315 392 0
8566 1 4 0 278 340 0
8567 1 4 0 200 328 0
8568 1 4 0 148 317 0
8569 1 4 0 109 221 0
8775 1 0 3 71 193 0
8776 1 0 4 122 242 0
8777 1 2 4 173 270 0
8778 1 7 4 224 280 0
8779 1 9 4 275 272 0
8780 1 48 4 326 266 0
8781 1 88 5 378 261 0
8782 1 127 5 430 255 0
8783 1 182 5 480 259 0
8784 1 238 5 532 263 0
8785 1 294 6 584 268 0
8786 1 294 3 613 266 0
8787 1 340 0 637 290 0
8788 1 361 0 699 301 0
8789 1 428 0 745 340 0
8790 1 457 5 779 351 0
8791 1 477 1 811 379 0
8792 1 506 58 820 410 0
8793 1 526 54 854 434 0
8794 1 532 58 860 432 0
8795 1 548 76 858 452 0
8796 1 552 70 860 448 0
8797 1 552 72 864 438 0
8798 1 570 80 866 360 0
8799 1 578 80 880 358 0
8800 1 594 74 904 358 0
8801 1 604 78 910 372 0
8802 1 608 82 912 378 0
8803 1 600 72 912 438 0
8804 1 604 80 906 378 0
8805 1 608 80 904 374 0
8806 1 594 42 910 420 0
8807 1 598 36 916 422 0
8808 1 602 38 920 424 0
8809 1 612 82 906 378 0
8810 1 596 72 906 454 0
8811 1 588 72 902 458 0
8812 1 578 76 904 460 0
8813 1 564 92 886 450 0
8814 1 560 88 882 452 0
8815 1 558 84 872 448 0
8816 1 554 70 860 440 0
8817 1 544 70 852 436 0
8818 1 552 82 846 372 0
8819 1 536 44 854 418 0
8820 1 546 78 844 372 0
8821 1 536 40 854 416 0
8822 1 536 34 854 412 0
8823 1 534 30 850 412 0
8824 1 526 24 840 408 0
8825 1 524 22 834 406 0
8826 1 524 64 822 354 0
8827 1 516 62 820 352 0
8828 1 514 58 820 346 0
8829 1 484 30 810 392 0
8830 1 486 22 806 390 0
8831 1 490 22 810 388 0
8832 1 490 18 808 384 0
8833 1 492 18 812 386 0
8834 1 490 18 814 386 0
8835 1 490 20 814 388 0
8836 1 490 20 812 388 0
8837 1 490 20 818 386 0
8838 1 522 8 826 400 0
8839 1 526 56 826 348 0
8840 1 524 14 832 408 0
8841 1 526 18 834 412 0
8842 1 528 18 832 410 0
8843 1 526 24 832 414 0
8844 1 524 22 834 418 0
8845 1 534 70 838 366 0
8846 1 530 32 840 428 0
8847 1 532 72 842 460 0
8848 1 530 82 848 488 0
8849 1 542 110 864 506 0
8850 1 554 138 880 508 0
8851 1 560 162 882 548 0
8852 1 572 188 900 552 0
8853 1 592 184 908 570 0
8854 1 600 188 914 572 0
8855 1 606 186 922 576 0
8856 1 608 192 926 574 0
8857 1 612 196 934 572 0
8858 1 624 212 940 596 0
8859 1 628 222 950 614 0
8860 1 648 248 978 624 0
8861 1 676 254 1006 650 0
8862 1 688 249 986 620 0
8863 1 700 264 1034 646 0
8864 1 704 268 1038 636 0
8865 1 704 266 1040 630 0
8866 1 706 266 1046 634 0
8867 1 708 270 1048 640 0
8868 1 742 282 1062 670 0
8869 1 744 288 1064 674 0
8870 1 748 286 1068 672 0
8871 1 778 300 1070 586 0
8872 1 759 294 1069 655 0
8873 1 756 252 1076 632 0
8874 1 778 280 1068 638 0
8875 1 780 276 1080 634 0
8876 1 780 274 1084 617 0
8877 1 778 278 1078 628 0
8878 1 776 238 1078 612 0
8879 1 780 249 1086 620 0
8880 1 788 249 1092 621 0
8881 1 786 263 1093 624 0
8882 1 784 265 1092 636 0
8883 1 780 278 1084 635 0
8884 1 767 267 1053 643 0
8885 1 770 272 1071 627 0
8886 1 760 263 1067 634 0
8887 1 746 251 1030 604 0
8888 1 710 251 1023 610 0
8889 1 702 234 1017 597 0
8890 1 694 236 1028 591 0
8891 1 686 228 1024 591 0
8892 1 696 223 999 578 0
8893 1 709 230 991 581 0
8894 1 698 238 964 574 0
8895 1 702 240 962 574 0
8896 1 702 240 958 570 0
8897 1 686 242 947 570 0
8898 1 686 217 943 555 0
8899 1 695 238 940 558 0
8900 1 694 260 937 559 0
8901 1 660 236 940 547 0
8902 1 660 238 922 559 0
8903 1 655 244 927 557 0
8904 1 661 246 924 574 0
8905 1 636 246 905 563 0
8906 1 636 268 905 574 0
8907 1 636 270 881 570 0
8908 1 621 246 899 557 0
8909 1 617 266 875 569 0
8910 1 601 262 875 574 0
8911 1 628 254 883 547 0
8912 1 638 252 887 540 0
8913 1 626 248 891 561 0
8914 1 634 244 891 544 0
8915 1 622 240 890 532 0
8916 1 622 240 890 545 0
8917 1 618 232 892 488 0
8918 1 618 224 894 484 0
8919 1 612 216 894 474 0
8920 1 612 200 886 460 0
8921 1 572 200 898 513 0
8922 1 562 192 856 458 0
8923 1 558 160 862 432 0
8924 1 550 144 846 426 0
8925 1 534 130 836 406 0
8926 1 522 118 851 467 0
8927 1 548 126 832 454 0
8928 1 502 98 824 451 0
8929 1 527 80 794 426 0
8930 1 448 76 784 415 0
8931 1 500 70 759 399 0
8932 1 448 56 740 396 0
8933 1 378 50 680 328 0
8934 1 376 52 670 320 0
8935 1 374 56 694 374 0
8936 1 328 62 638 340 0
8937 1 363 26 651 362 0
8938 1 312 50 620 336 0
8939 1 314 48 612 334 0
8940 1 375 48 603 378 0
8941 1 346 50 591 380 0
8942 1 302 58 578 322 0
8943 1 240 58 550 334 0
8944 1 214 48 514 316 0
8945 1 263 52 535 376 0
8946 1 232 21 506 384 0
8947 1 205 19 443 366 0
8948 1 146 15 403 387 0
8949 1 104 24 355 398 0
8950 1 34 24 276 385 0
8951 1 6 36 232 395 0
8952 1 6 36 167 349 0
8980 1 0 105 86 339 0
8981 1 5 91 130 385 0
8982 1 0 77 146 391 0
8983 1 0 63 180 393 0
8984 1 0 50 216 403 0
8985 1 4 46 211 421 0
8986 1 0 42 250 442 0
8987 1 26 28 286 408 0
8988 1 48 16 328 408 0
8989 1 50 22 344 408 0
8990 1 66 16 368 396 0
8991 1 66 18 384 396 0
8992 1 102 12 412 400 0
8993 1 110 18 432 414 0
8994 1 128 26 446 402 0
8995 1 132 34 458 398 0
8996 1 180 56 484 348 0
8997 1 176 34 486 408 0
8998 1 180 32 490 410 0
8999 1 192 32 494 408 0
