1531 1 2 451 35 600 0
1532 1 2 451 35 600 0
1533 1 2 451 35 600 0
1534 1 12 446 64 572 0
1535 1 12 440 70 574 0
1536 1 6 396 86 556 0
1537 1 6 386 92 536 0
1538 1 12 394 104 542 0
1539 1 4 368 122 514 0
1540 1 12 370 140 504 0
1541 1 12 372 146 504 0
1542 1 12 352 168 488 0
1543 1 30 338 174 466 0
1544 1 32 340 176 470 0
1545 1 34 322 178 448 0
1546 1 44 302 192 434 0
1547 1 38 308 192 438 0
1548 1 38 294 190 414 0
1549 1 36 280 188 406 0
1550 1 28 278 178 404 0
1551 1 8 258 152 384 0
1552 1 11 244 147 376 0
1553 1 11 244 147 376 0
1554 1 11 244 147 376 0
1555 1 11 244 114 386 0
1556 1 0 235 103 377 0
1557 1 0 235 87 371 0
1558 1 0 235 82 374 0
1559 1 0 235 75 379 0
1560 1 0 235 57 384 0
1561 1 0 235 27 380 0
1562 1 0 235 27 380 0
2309 1 1 277 24 396 0
2310 1 1 277 35 396 0
2311 1 2 255 36 374 0
2312 1 2 255 50 374 0
2313 1 4 220 58 344 0
2314 1 0 214 58 336 0
2315 1 4 206 70 334 0
2316 1 0 192 64 324 0
2317 1 0 192 61 324 0
2318 1 0 192 59 324 0
2319 1 0 192 57 324 0
2320 1 0 192 37 324 0
2321 1 0 192 30 324 0
2374 1 0 194 19 303 0
2375 1 0 194 19 303 0
2376 1 0 194 30 303 0
2377 1 0 194 40 303 0
2378 1 2 210 42 302 0
2379 1 6 198 56 308 0
2380 1 2 196 54 310 0
2381 1 0 196 52 310 0
2382 1 0 192 56 314 0
2383 1 0 196 56 314 0
2384 1 0 194 56 316 0
2385 1 0 192 58 316 0
2386 1 0 192 58 318 0
2387 1 0 194 58 320 0
2388 1 0 196 60 320 0
2389 1 0 196 60 320 0
2390 1 0 196 60 320 0
2391 1 0 196 60 320 0
2392 1 0 196 60 320 0
2393 1 0 196 60 320 0
2394 1 0 196 60 320 0
2395 1 0 196 60 320 0
2396 1 0 196 60 320 0
2397 1 0 196 60 320 0
2398 1 0 196 60 320 0
2399 1 0 196 60 320 0
2400 1 0 207 59 319 0
2401 1 0 208 59 320 0
2402 1 0 208 59 320 0
2403 1 0 208 59 320 0
2404 1 0 208 58 321 0
2405 1 0 209 58 322 0
2406 1 0 209 58 322 0
2407 1 0 209 58 322 0
2408 1 0 210 58 323 0
2409 1 0 210 58 323 0
2410 1 0 210 57 324 0
2411 1 0 211 57 325 0
2412 1 0 211 57 325 0
2413 1 0 211 57 325 0
2414 1 0 212 57 326 0
2415 1 0 212 56 327 0
2416 1 0 212 56 327 0
2417 1 0 213 56 328 0
2418 1 0 213 56 328 0
2419 1 0 213 56 328 0
2420 1 0 214 56 330 0
2421 1 0 216 62 332 0
2422 1 0 216 62 332 0
2423 1 0 216 62 332 0
2424 1 0 216 62 332 0
2425 1 0 216 62 332 0
2426 1 0 216 62 332 0
2427 1 0 216 62 332 0
2428 1 0 216 62 332 0
2429 1 0 216 62 332 0
2430 1 0 216 62 332 0
2431 1 0 216 62 332 0
2432 1 0 216 62 332 0
2433 1 0 216 62 332 0
2434 1 0 216 62 332 0
2435 1 0 216 62 332 0
2436 1 0 216 62 332 0
2437 1 0 216 62 332 0
2438 1 0 216 62 332 0
2439 1 0 216 62 332 0
2440 1 0 216 62 332 0
2441 1 0 216 62 332 0
2442 1 0 216 62 332 0
2443 1 0 216 62 332 0
2444 1 0 216 62 332 0
2445 1 0 216 62 332 0
2446 1 0 216 62 332 0
2447 1 0 216 62 332 0
2448 1 0 216 62 332 0
2449 1 0 216 62 332 0
2450 1 0 216 62 332 0
2451 1 0 216 62 332 0
2452 1 0 216 62 332 0
2453 1 0 216 62 332 0
2454 1 0 216 62 332 0
2455 1 0 216 62 332 0
2456 1 3 226 65 342 0
2457 1 3 227 65 343 0
2458 1 2 228 64 344 0
2459 1 2 228 64 344 0
2460 1 2 229 64 345 0
2461 1 2 229 64 345 0
2462 1 2 230 64 346 0
2463 1 2 230 64 346 0
2464 1 1 231 63 347 0
2465 1 1 232 63 348 0
2466 1 1 232 63 348 0
2467 1 1 233 63 349 0
2468 1 1 233 63 349 0
2469 1 1 234 63 350 0
2470 1 1 234 63 350 0
2471 1 1 234 63 350 0
2472 1 1 234 63 350 0
2473 1 1 234 63 350 0
2474 1 1 234 63 350 0
2475 1 1 234 63 350 0
2476 1 1 234 63 350 0
2477 1 1 238 63 354 0
2478 1 1 238 63 354 0
2479 1 1 238 63 354 0
2480 1 1 238 63 354 0
2481 1 1 238 63 354 0
2482 1 1 238 63 354 0
2483 1 1 238 63 354 0
2484 1 1 238 63 354 0
2485 1 1 238 63 354 0
2486 1 1 238 63 354 0
2487 1 1 238 63 354 0
2488 1 1 238 63 354 0
2489 1 1 238 63 354 0
2490 1 1 238 63 354 0
2491 1 1 238 63 354 0
2492 1 1 238 63 354 0
2493 1 1 238 63 354 0
2494 1 1 238 63 354 0
2495 1 1 238 63 354 0
2496 1 1 238 63 354 0
2497 1 1 238 63 354 0
2498 1 1 238 63 354 0
2499 1 1 238 63 354 0
2500 1 1 238 41 359 0
2501 1 1 238 41 359 0
2502 1 1 239 41 361 0
2503 1 1 239 41 361 0
2504 1 1 239 41 361 0
2505 1 1 239 41 361 0
2506 1 1 240 41 362 0
2507 1 1 240 41 362 0
2508 1 1 240 41 363 0
2509 1 1 240 41 363 0
2510 1 1 240 41 363 0
2511 1 1 241 42 364 0
2512 1 1 241 42 364 0
2513 1 1 241 42 364 0
2514 1 1 241 42 365 0
2515 1 1 242 42 366 0
2516 1 1 242 42 366 0
2517 1 1 242 42 366 0
2518 1 1 242 42 366 0
2519 1 1 242 42 366 0
2520 1 1 243 42 368 0
2521 1 1 243 42 368 0
2522 1 1 243 42 368 0
2523 1 1 242 43 368 0
2524 1 1 241 43 369 0
2525 1 1 239 43 369 0
2526 1 1 238 43 369 0
2527 1 1 238 43 369 0
2528 1 1 242 43 370 0
2529 1 1 245 43 369 0
2530 1 1 248 43 369 0
2531 1 1 250 42 369 0
2532 1 1 252 42 370 0
2533 1 1 254 41 370 0
2534 1 1 255 41 369 0
2535 1 1 257 41 369 0
2536 1 1 259 40 370 0
2537 1 1 260 40 369 0
2538 1 1 260 40 370 0
2539 1 1 260 40 370 0
2540 1 1 260 40 371 0
2541 1 1 260 40 371 0
2542 1 1 260 40 372 0
2543 1 1 260 40 372 0
2544 1 1 260 40 373 0
2545 1 1 260 40 373 0
2546 1 1 260 40 374 0
2547 1 1 260 40 374 0
2548 1 1 260 41 375 0
2549 1 1 260 41 376 0
2550 1 1 260 39 376 0
2551 1 1 260 37 376 0
2552 1 1 260 36 376 0
2553 1 1 260 34 376 0
2554 1 1 260 32 376 0
2555 1 1 260 30 376 0
2556 1 1 260 29 376 0
2557 1 1 260 29 376 0
2558 1 1 260 29 376 0
2671 1 2 167 34 254 0
2672 1 2 167 34 254 0
2673 1 2 167 34 254 0
2674 1 0 131 43 235 0
2675 1 0 131 44 235 0
2676 1 0 131 46 235 0
2677 1 0 131 47 235 0
2678 1 0 131 48 235 0
2679 1 0 131 50 235 0
2680 1 0 131 51 235 0
2681 1 0 131 52 235 0
2682 1 0 131 53 235 0
2683 1 0 131 55 235 0
2684 1 0 142 57 235 0
2685 1 0 147 57 240 0
2686 1 1 151 58 244 0
2687 1 2 155 59 248 0
2688 1 2 155 57 248 0
2689 1 2 161 57 254 0
2690 1 2 169 55 257 0
2691 1 2 177 52 261 0
2692 1 2 184 50 264 0
2693 1 2 186 48 265 0
2694 1 3 196 49 275 0
2695 1 3 196 46 281 0
2696 1 3 206 46 291 0
3488 1 1 516 31 596 0
3489 1 1 512 32 587 0
3490 1 2 508 35 578 0
3491 1 2 503 36 576 0
3492 1 2 499 37 575 0
3493 1 2 495 37 574 0
3494 1 2 495 35 574 0
3495 1 2 495 33 574 0
3496 1 2 495 31 574 0
3497 1 2 495 29 574 0
3498 1 2 495 26 574 0
3499 1 2 495 24 574 0
3500 1 2 500 24 573 0
3501 1 2 505 24 573 0
3502 1 2 511 23 573 0
3503 1 2 516 23 573 0
3504 1 2 519 20 580 0
3505 1 2 522 17 588 0
3506 1 2 522 17 588 0
4474 1 0 238 57 368 0
4475 1 0 238 68 368 0
4476 1 15 233 145 351 0
4477 1 44 236 200 346 0
4478 1 66 234 226 340 0
4479 1 124 232 273 336 0
4480 1 164 220 301 320 0
4481 1 178 234 324 338 0
4482 1 220 236 352 334 0
4483 1 222 228 372 334 0
4484 1 222 223 358 323 0
4485 1 250 236 380 334 0
4486 1 254 236 386 336 0
4487 1 248 236 382 338 0
4488 1 244 238 382 338 0
4489 1 238 246 374 346 0
4490 1 240 246 372 342 0
4491 1 236 260 366 350 0
4492 1 234 262 362 352 0
4493 1 202 254 344 350 0
4494 1 198 260 340 356 0
4495 1 196 272 338 372 0
4496 1 200 276 336 370 0
4497 1 190 290 310 376 0
4498 1 158 274 298 374 0
4499 1 162 280 298 374 0
4500 1 126 272 270 374 0
4501 1 126 268 276 370 0
4502 1 126 266 280 370 0
4503 1 122 262 274 366 0
4504 1 120 254 266 348 0
4505 1 128 260 264 350 0
4506 1 122 252 256 338 0
4507 1 120 244 260 336 0
4508 1 120 248 260 338 0
4509 1 124 240 260 332 0
4510 1 122 238 258 328 0
4511 1 116 238 256 330 0
4512 1 90 222 238 316 0
4513 1 78 222 228 316 0
4514 1 82 224 230 318 0
4515 1 76 228 216 314 0
4516 1 70 228 212 314 0
4517 1 54 222 206 324 0
4518 1 42 236 194 334 0
4519 1 36 238 184 332 0
4520 1 44 242 182 332 0
4521 1 12 230 170 332 0
4522 1 12 232 168 334 0
4523 1 12 234 164 334 0
4524 1 10 234 162 334 0
4525 1 8 234 160 334 0
4526 1 8 234 160 336 0
4527 1 6 232 158 336 0
4528 1 10 234 162 336 0
4529 1 8 234 158 334 0
4530 1 6 236 158 334 0
4531 1 4 234 156 336 0
4532 1 4 234 158 336 0
4533 1 6 236 148 334 0
4534 1 4 234 148 332 0
4535 1 4 232 148 330 0
4536 1 0 208 126 312 0
4537 1 0 205 127 307 0
4538 1 0 202 128 302 0
4539 1 0 192 130 294 0
4540 1 14 198 152 292 0
4541 1 8 198 154 296 0
4542 1 22 188 178 280 0
4543 1 28 182 182 280 0
4544 1 28 180 176 278 0
4545 1 54 180 196 268 0
4546 1 66 166 208 264 0
4547 1 56 162 216 262 0
4548 1 92 164 240 258 0
4549 1 98 158 254 256 0
4550 1 92 158 252 258 0
4551 1 112 142 254 234 0
4552 1 138 140 280 232 0
4553 1 134 140 280 238 0
4554 1 150 132 298 232 0
4555 1 174 134 316 226 0
4556 1 172 136 314 226 0
4557 1 192 130 332 218 0
4558 1 206 134 342 224 0
4559 1 198 134 332 222 0
4560 1 198 130 332 222 0
4561 1 194 128 332 218 0
4562 1 190 126 334 220 0
4563 1 186 128 328 218 0
4564 1 160 122 316 222 0
4565 1 158 122 310 222 0
4566 1 146 132 296 226 0
4567 1 144 140 284 228 0
4568 1 132 136 284 234 0
4569 1 132 150 280 246 0
4570 1 132 156 280 252 0
4571 1 128 158 292 264 0
4572 1 130 166 286 266 0
4573 1 134 168 286 264 0
4574 1 132 168 284 262 0
4575 1 134 172 282 266 0
4576 1 134 176 286 270 0
4577 1 130 178 286 276 0
4578 1 132 182 284 280 0
4579 1 134 188 284 284 0
4580 1 134 184 284 282 0
4581 1 156 208 300 298 0
4582 1 158 208 298 298 0
4583 1 158 206 300 300 0
4584 1 166 216 306 306 0
4585 1 170 220 308 308 0
4586 1 168 218 310 310 0
4587 1 176 228 312 314 0
4588 1 172 228 312 314 0
4589 1 170 228 312 316 0
4590 1 168 230 312 316 0
4591 1 168 230 314 316 0
4592 1 170 228 310 316 0
4593 1 168 230 310 318 0
4594 1 164 236 312 330 0
4595 1 164 238 314 330 0
4596 1 162 242 308 334 0
4597 1 158 242 308 336 0
4598 1 156 246 304 338 0
4599 1 152 250 294 338 0
4600 1 154 260 286 346 0
4601 1 158 260 286 344 0
4602 1 124 248 272 348 0
4603 1 122 256 270 348 0
4604 1 124 260 268 352 0
4605 1 114 264 254 350 0
4606 1 116 268 252 352 0
4607 1 118 270 252 350 0
4608 1 86 260 242 356 0
4609 1 90 270 246 370 0
4610 1 92 272 244 370 0
4611 1 84 272 234 370 0
4612 1 80 278 232 372 0
4613 1 78 280 230 374 0
4614 1 80 284 230 378 0
4615 1 78 296 220 384 0
4616 1 80 292 222 380 0
4617 1 80 300 220 390 0
4618 1 78 302 218 392 0
4619 1 78 304 218 394 0
4620 1 80 316 226 410 0
4621 1 84 320 220 408 0
4622 1 54 306 216 410 0
4623 1 50 308 212 412 0
4624 1 50 312 206 414 0
4625 1 50 310 202 410 0
4626 1 48 314 200 412 0
4627 1 44 320 196 416 0
4628 1 44 322 198 414 0
4629 1 42 326 188 418 0
4630 1 40 326 186 418 0
4631 1 48 330 182 416 0
4632 1 46 330 180 416 0
4633 1 44 332 178 418 0
4634 1 18 320 174 424 0
4635 1 18 320 172 424 0
4636 1 20 320 174 422 0
4637 1 20 320 174 424 0
4638 1 22 320 174 422 0
4639 1 48 334 188 422 0
4640 1 44 330 192 424 0
4641 1 46 334 194 424 0
4642 1 50 334 202 432 0
4643 1 54 334 202 432 0
4644 1 52 338 200 436 0
4645 1 52 348 200 450 0
4646 1 50 346 202 448 0
4647 1 42 352 192 448 0
4648 1 38 352 180 448 0
4649 1 50 356 182 446 0
4650 1 50 356 184 446 0
4651 1 52 358 186 448 0
4652 1 50 354 190 450 0
4653 1 54 350 202 450 0
4654 1 56 346 208 450 0
4655 1 56 346 208 448 0
4656 1 58 342 218 448 0
4657 1 88 350 228 446 0
4658 1 82 344 230 450 0
4659 1 90 342 244 446 0
4660 1 100 330 250 438 0
4661 1 122 344 256 444 0
4662 1 120 342 264 450 0
4663 1 120 330 266 432 0
4664 1 122 328 268 436 0
4665 1 122 326 270 434 0
4666 1 120 326 274 436 0
4667 1 120 326 272 436 0
4668 1 118 326 270 438 0
4669 1 120 326 270 436 0
4670 1 120 326 272 436 0
4671 1 120 326 268 436 0
4672 1 116 328 266 434 0
4673 1 116 328 266 434 0
4674 1 118 330 264 436 0
4675 1 118 328 266 436 0
4676 1 120 328 266 436 0
4677 1 118 328 264 436 0
4678 1 116 326 264 436 0
4679 1 116 326 264 436 0
4680 1 114 326 262 432 0
4681 1 112 326 260 436 0
4682 1 112 326 260 436 0
4683 1 110 326 258 436 0
4684 1 98 320 252 436 0
4685 1 98 320 252 434 0
4686 1 96 318 250 434 0
4687 1 96 318 248 434 0
4688 1 96 318 248 432 0
4689 1 96 318 246 432 0
4690 1 96 320 246 432 0
4691 1 96 318 250 432 0
4692 1 94 322 246 434 0
4693 1 94 320 246 434 0
4694 1 94 322 244 432 0
4695 1 94 322 242 436 0
4696 1 92 322 242 436 0
4697 1 90 322 242 436 0
4698 1 90 324 238 438 0
4699 1 84 322 238 436 0
4700 1 84 324 234 438 0
4701 1 84 324 236 436 0
4702 1 82 324 234 438 0
4703 1 80 324 234 438 0
4704 1 78 324 232 436 0
4705 1 78 322 232 436 0
4706 1 78 322 232 436 0
4707 1 78 322 230 434 0
4708 1 80 322 228 434 0
4709 1 80 324 228 434 0
4710 1 80 324 228 434 0
4711 1 78 324 228 434 0
4712 1 80 326 228 436 0
4713 1 80 326 230 436 0
4714 1 78 328 230 438 0
4715 1 82 328 230 436 0
4716 1 80 328 228 436 0
4717 1 82 328 230 438 0
4718 1 82 328 230 438 0
4719 1 82 330 232 440 0
4720 1 80 330 230 440 0
4721 1 82 332 232 440 0
4722 1 88 338 236 450 0
4723 1 90 338 236 452 0
4724 1 88 338 236 450 0
4725 1 88 340 236 448 0
4726 1 88 340 236 450 0
4727 1 88 338 236 450 0
4728 1 90 342 236 452 0
4729 1 88 342 236 452 0
4730 1 90 342 234 448 0
4731 1 88 342 234 452 0
4732 1 86 342 234 452 0
4733 1 86 342 234 452 0
4734 1 86 342 234 450 0
4735 1 88 344 236 454 0
4736 1 88 344 236 454 0
4737 1 86 344 234 458 0
4738 1 88 346 236 458 0
4739 1 86 346 236 460 0
4740 1 90 346 238 462 0
4741 1 88 346 238 460 0
4742 1 88 348 238 460 0
4743 1 88 350 238 460 0
4744 1 92 350 238 464 0
4745 1 92 350 238 462 0
4746 1 92 354 240 460 0
4747 1 92 354 240 466 0
4748 1 92 356 240 468 0
4749 1 92 356 240 464 0
4750 1 94 356 242 466 0
4751 1 94 358 240 468 0
4752 1 94 358 240 470 0
4753 1 94 356 242 468 0
4754 1 94 358 240 470 0
4755 1 94 360 238 470 0
4756 1 92 358 238 468 0
4757 1 92 358 238 468 0
4758 1 92 360 238 472 0
4759 1 92 358 236 470 0
4760 1 92 358 236 468 0
4761 1 90 360 236 468 0
4762 1 92 362 236 468 0
4763 1 90 360 236 468 0
4764 1 90 360 236 468 0
4765 1 88 362 234 472 0
4766 1 88 362 234 470 0
4767 1 86 362 234 472 0
4768 1 86 362 234 474 0
4769 1 84 360 232 474 0
4770 1 84 364 230 476 0
4771 1 84 364 230 478 0
4772 1 82 364 232 478 0
4773 1 82 364 232 478 0
4774 1 80 366 232 476 0
4775 1 80 366 232 478 0
4776 1 82 366 230 478 0
4777 1 82 366 230 480 0
4778 1 86 374 236 490 0
4779 1 86 374 236 488 0
4780 1 92 376 238 486 0
4781 1 90 378 238 486 0
4782 1 92 376 238 486 0
4783 1 90 374 238 486 0
4784 1 90 376 238 486 0
4785 1 90 376 240 488 0
4786 1 94 378 240 488 0
4787 1 94 376 240 486 0
4788 1 96 378 240 488 0
4789 1 96 376 242 486 0
4790 1 96 380 242 488 0
4791 1 96 380 242 486 0
4792 1 96 378 242 486 0
4793 1 98 380 240 486 0
4794 1 96 380 240 486 0
4795 1 96 378 240 488 0
4796 1 98 380 240 486 0
4797 1 96 378 240 486 0
4798 1 96 378 240 488 0
4799 1 94 378 240 486 0
4800 1 94 378 238 486 0
4801 1 94 378 242 486 0
4802 1 94 378 242 484 0
4803 1 94 380 240 486 0
4804 1 94 378 240 486 0
4805 1 94 380 240 486 0
4806 1 96 380 240 486 0
4807 1 94 380 240 486 0
4808 1 94 380 238 486 0
4809 1 92 380 238 486 0
4810 1 92 382 238 486 0
4811 1 90 380 238 490 0
4812 1 90 382 238 490 0
4813 1 88 382 236 490 0
4814 1 88 382 236 492 0
4815 1 86 382 236 488 0
4816 1 86 384 236 490 0
4817 1 86 384 232 488 0
4818 1 86 384 234 490 0
4819 1 86 386 234 490 0
4820 1 86 386 234 490 0
4821 1 84 386 234 490 0
4822 1 84 388 232 492 0
4823 1 84 388 230 496 0
4824 1 84 388 230 494 0
4825 1 82 388 228 496 0
4826 1 82 390 228 498 0
4827 1 82 390 226 496 0
4828 1 82 392 224 498 0
4829 1 82 392 224 498 0
4830 1 82 394 224 498 0
4831 1 80 394 220 498 0
4832 1 82 394 220 500 0
4833 1 80 396 220 500 0
4834 1 80 396 222 500 0
4835 1 80 398 220 502 0
4836 1 82 400 220 500 0
4837 1 84 398 220 498 0
4838 1 82 398 218 498 0
4839 1 80 398 218 500 0
4840 1 80 398 218 498 0
4841 1 80 398 218 502 0
4842 1 80 402 220 502 0
4843 1 80 402 220 502 0
4844 1 80 402 220 502 0
4845 1 80 404 220 502 0
4846 1 80 404 220 502 0
4847 1 82 404 220 502 0
4848 1 80 402 218 500 0
4849 1 82 402 222 500 0
4850 1 80 402 222 500 0
4851 1 80 402 222 500 0
4852 1 78 402 220 502 0
4853 1 80 402 218 502 0
4854 1 78 404 218 502 0
4855 1 78 400 220 504 0
4856 1 78 404 220 504 0
4857 1 78 400 220 502 0
4858 1 60 390 216 504 0
4859 1 60 390 214 506 0
4860 1 60 392 214 506 0
4861 1 60 392 214 508 0
4862 1 62 392 214 506 0
4863 1 62 392 212 506 0
4864 1 62 392 212 506 0
4865 1 64 392 212 506 0
4866 1 60 392 212 508 0
4867 1 60 392 214 510 0
4868 1 60 392 214 510 0
4869 1 60 394 214 510 0
4870 1 60 394 212 508 0
4871 1 60 394 212 508 0
4872 1 60 394 212 508 0
4873 1 60 394 212 508 0
4874 1 60 396 212 508 0
4875 1 60 396 212 508 0
4876 1 60 396 212 510 0
4877 1 60 396 212 512 0
4878 1 60 396 214 512 0
4879 1 62 398 214 516 0
4880 1 62 398 212 514 0
4881 1 60 398 212 514 0
4882 1 64 398 214 514 0
4883 1 62 400 210 512 0
4884 1 64 400 210 514 0
4885 1 64 400 208 512 0
4886 1 80 418 218 522 0
4887 1 64 400 208 512 0
4888 1 64 400 208 512 0
4889 1 64 400 208 514 0
4890 1 66 402 210 512 0
4891 1 62 402 208 514 0
4892 1 64 402 210 514 0
4893 1 64 402 212 514 0
4894 1 62 402 210 514 0
4895 1 64 400 212 514 0
4896 1 62 402 210 514 0
4897 1 64 402 208 514 0
4898 1 64 402 210 516 0
4899 1 66 402 208 514 0
4900 1 64 404 208 514 0
4901 1 66 400 210 514 0
4902 1 64 402 208 516 0
4903 1 64 402 206 514 0
4904 1 66 404 208 514 0
4905 1 66 402 208 514 0
4906 1 64 402 208 514 0
4907 1 60 410 218 524 0
4908 1 60 410 218 524 0
4909 1 60 408 218 524 0
4910 1 60 410 218 526 0
4911 1 58 410 218 528 0
4912 1 58 410 218 528 0
4913 1 60 410 220 526 0
4914 1 58 410 220 526 0
4915 1 58 408 220 526 0
4916 1 58 410 220 526 0
4917 1 60 410 220 528 0
4918 1 58 410 220 526 0
4919 1 58 408 216 526 0
4920 1 58 410 216 526 0
4921 1 58 408 216 526 0
4922 1 58 410 216 526 0
4923 1 60 408 218 524 0
4924 1 60 408 220 526 0
4925 1 60 408 218 524 0
4926 1 58 408 218 524 0
4927 1 60 408 218 526 0
4928 1 60 408 218 524 0
4929 1 60 408 218 524 0
4930 1 60 408 220 526 0
4931 1 60 408 218 526 0
4932 1 62 408 218 524 0
4933 1 62 408 218 526 0
4934 1 62 410 218 526 0
4935 1 60 408 216 526 0
4936 1 62 408 218 526 0
4937 1 60 408 218 524 0
4938 1 60 408 216 524 0
4939 1 60 408 216 526 0
4940 1 60 408 216 526 0
4941 1 60 408 216 526 0
4942 1 60 410 218 524 0
4943 1 60 408 216 526 0
4944 1 62 410 216 526 0
4945 1 60 408 218 522 0
4946 1 60 410 218 526 0
4947 1 62 408 218 526 0
4948 1 62 408 218 524 0
4949 1 62 408 218 524 0
4950 1 62 408 218 524 0
4951 1 62 408 216 522 0
4952 1 62 408 218 522 0
4953 1 62 408 216 522 0
4954 1 64 408 218 522 0
4955 1 64 410 216 522 0
4956 1 68 402 206 512 0
4957 1 68 402 206 512 0
4958 1 68 402 206 510 0
4959 1 68 404 206 512 0
4960 1 66 402 206 510 0
4961 1 68 402 208 512 0
4962 1 66 402 206 512 0
4963 1 66 402 206 512 0
4964 1 68 404 206 512 0
4965 1 66 404 206 512 0
4966 1 66 402 206 510 0
4967 1 68 402 206 510 0
4968 1 68 404 206 512 0
4969 1 68 402 206 512 0
4970 1 66 402 206 510 0
4971 1 66 404 204 512 0
4972 1 68 402 206 512 0
4973 1 68 400 206 510 0
4974 1 68 400 206 510 0
4975 1 66 400 206 510 0
4976 1 66 398 204 512 0
4977 1 64 398 206 512 0
4978 1 64 398 208 512 0
4979 1 62 398 208 514 0
4980 1 64 400 208 512 0
4981 1 64 398 210 514 0
4982 1 64 400 212 514 0
4983 1 64 402 212 514 0
4984 1 64 400 212 514 0
4985 1 64 402 212 514 0
4986 1 64 400 212 514 0
4987 1 66 402 210 514 0
4988 1 66 400 210 512 0
4989 1 66 400 210 514 0
4990 1 64 400 210 512 0
4991 1 66 400 210 512 0
4992 1 66 398 210 514 0
4993 1 66 400 210 514 0
4994 1 66 400 210 514 0
4995 1 66 400 210 512 0
4996 1 66 398 210 512 0
4997 1 66 398 208 512 0
4998 1 66 398 208 510 0
4999 1 66 398 206 512 0
5000 1 66 398 206 512 0
5001 1 64 400 208 512 0
5002 1 66 398 208 512 0
5003 1 66 398 206 512 0
5004 1 66 398 208 512 0
5005 1 64 400 206 514 0
5006 1 64 400 206 512 0
5007 1 78 416 220 524 0
5008 1 64 402 210 514 0
5009 1 64 402 210 514 0
5010 1 76 416 222 524 0
5011 1 76 416 222 524 0
5012 1 78 416 222 524 0
5013 1 78 416 224 522 0
5014 1 78 416 224 522 0
5015 1 76 418 224 522 0
5016 1 78 416 226 522 0
5017 1 76 416 224 526 0
5018 1 76 416 224 524 0
5019 1 76 418 224 524 0
5020 1 78 416 224 524 0
5021 1 78 416 224 524 0
5022 1 76 418 222 524 0
5023 1 76 418 224 524 0
5024 1 76 414 222 522 0
5025 1 76 418 224 524 0
5026 1 76 418 222 524 0
5027 1 76 416 222 524 0
5028 1 80 416 222 524 0
5029 1 80 416 222 524 0
5030 1 82 416 220 522 0
5031 1 86 418 220 520 0
5032 1 84 418 220 520 0
5033 1 86 418 224 520 0
5034 1 82 418 220 522 0
5035 1 84 420 220 522 0
5036 1 84 418 220 522 0
5037 1 86 420 224 522 0
5038 1 84 418 222 524 0
5039 1 86 418 222 522 0
5040 1 86 418 222 522 0
5041 1 86 418 226 522 0
5042 1 86 416 224 522 0
5043 1 86 418 224 524 0
5044 1 86 416 224 522 0
5045 1 88 418 224 524 0
5046 1 88 418 222 522 0
5047 1 92 418 226 522 0
5048 1 90 416 224 522 0
5049 1 94 420 224 524 0
5050 1 90 418 226 524 0
5051 1 92 418 226 524 0
5052 1 92 416 228 522 0
5053 1 92 416 228 522 0
5054 1 92 416 228 522 0
5055 1 94 418 230 522 0
5056 1 92 416 228 522 0
5057 1 94 416 228 522 0
5058 1 92 414 228 522 0
5059 1 94 414 228 522 0
5060 1 94 416 228 522 0
5061 1 94 418 228 522 0
5062 1 94 418 228 522 0
5063 1 94 418 228 522 0
5064 1 96 418 228 524 0
5065 1 94 418 226 522 0
5066 1 96 416 228 522 0
5067 1 96 418 228 524 0
5068 1 96 416 228 522 0
5069 1 98 418 230 526 0
5070 1 94 418 228 526 0
5071 1 98 416 230 522 0
5072 1 94 416 228 524 0
5073 1 96 416 228 522 0
5074 1 94 416 228 522 0
5075 1 96 418 228 522 0
5076 1 94 416 228 522 0
5077 1 94 416 228 522 0
5078 1 96 416 230 522 0
5079 1 96 418 230 522 0
5080 1 94 416 230 522 0
5081 1 96 416 228 522 0
5082 1 98 418 230 522 0
5083 1 96 416 230 522 0
5084 1 96 416 230 522 0
5085 1 96 418 230 522 0
5086 1 96 416 230 522 0
5087 1 98 416 230 522 0
5088 1 94 414 230 522 0
5089 1 96 418 230 522 0
5090 1 96 414 230 522 0
5091 1 96 418 230 522 0
5092 1 94 416 230 522 0
5093 1 98 416 230 520 0
5094 1 98 416 230 522 0
5095 1 98 416 230 520 0
5096 1 98 414 230 520 0
5097 1 98 414 232 520 0
5098 1 98 414 232 520 0
5099 1 98 414 232 518 0
5100 1 98 412 234 520 0
5101 1 98 412 234 518 0
5102 1 104 402 232 514 0
5103 1 104 402 234 512 0
5104 1 104 400 236 514 0
5105 1 104 400 238 510 0
5106 1 106 398 238 510 0
5107 1 106 394 242 512 0
5108 1 106 394 242 510 0
5109 1 106 392 242 508 0
5110 1 108 390 244 508 0
5111 1 108 390 244 504 0
5112 1 108 388 246 504 0
5113 1 108 386 246 500 0
5114 1 106 384 248 500 0
5115 1 120 388 256 496 0
5116 1 118 382 258 490 0
5117 1 118 382 262 490 0
5118 1 124 376 264 482 0
5119 1 128 374 268 482 0
5120 1 128 376 270 484 0
5121 1 138 354 274 468 0
5122 1 148 340 284 456 0
5123 1 144 344 286 454 0
5124 1 168 336 300 436 0
5125 1 182 312 314 418 0
5126 1 182 312 322 418 0
5127 1 213 309 355 411 0
5128 1 222 301 354 409 0
5129 1 228 268 377 384 0
5130 1 256 240 382 370 0
5131 1 264 218 395 349 0
5132 1 260 222 397 335 0
5133 1 284 182 414 310 0
5134 1 286 189 420 293 0
5135 1 284 160 419 289 0
5136 1 292 138 422 272 0
5137 1 286 112 422 239 0
5138 1 292 116 418 228 0
5139 1 291 109 427 207 0
5140 1 288 76 430 196 0
5141 1 288 84 420 178 0
5142 1 284 58 425 175 0
5143 1 284 46 426 160 0
5144 1 280 50 418 148 0
5145 1 286 48 418 140 0
5146 1 280 48 416 146 0
5147 1 280 50 416 146 0
5148 1 278 48 414 146 0
5149 1 270 36 419 145 0
5150 1 270 38 412 134 0
5151 1 272 38 410 134 0
5152 1 270 38 406 130 0
5153 1 270 40 406 134 0
5154 1 272 40 406 134 0
5155 1 270 38 402 134 0
5156 1 268 40 400 134 0
5157 1 266 38 402 134 0
5158 1 266 38 400 136 0
5159 1 268 36 400 134 0
5160 1 268 38 400 134 0
5161 1 270 38 398 132 0
5162 1 268 40 398 134 0
5163 1 246 32 392 132 0
5164 1 246 30 392 132 0
5165 1 248 32 394 134 0
5166 1 246 34 392 134 0
5167 1 248 34 394 134 0
5168 1 248 34 394 134 0
5169 1 248 34 394 136 0
5170 1 248 36 392 134 0
5171 1 248 36 392 134 0
5172 1 248 36 390 134 0
5173 1 250 38 390 134 0
5174 1 250 38 390 134 0
5175 1 248 38 388 134 0
5176 1 250 38 388 134 0
5177 1 250 38 390 134 0
5178 1 250 38 390 134 0
5179 1 246 38 392 134 0
5180 1 248 38 392 136 0
5181 1 246 36 392 134 0
5182 1 246 38 390 136 0
5183 1 246 38 392 136 0
5184 1 246 38 392 136 0
5185 1 244 38 390 136 0
5186 1 246 38 390 138 0
5187 1 246 38 390 136 0
5188 1 246 38 390 136 0
5189 1 246 38 392 136 0
5190 1 244 36 392 138 0
5191 1 244 36 390 138 0
5192 1 244 38 386 136 0
5193 1 244 40 390 138 0
5194 1 244 38 390 136 0
5195 1 244 38 388 138 0
5196 1 242 36 390 138 0
5197 1 242 36 388 136 0
5198 1 242 36 388 136 0
5199 1 240 36 386 134 0
5200 1 240 36 386 134 0
5201 1 240 36 386 134 0
5202 1 240 36 386 132 0
5203 1 238 36 386 134 0
5204 1 240 36 386 134 0
5205 1 240 36 388 134 0
5206 1 242 38 386 136 0
5207 1 242 38 388 134 0
5208 1 244 36 390 132 0
5209 1 244 36 388 132 0
5210 1 242 36 386 132 0
5211 1 244 36 388 132 0
5212 1 242 32 388 132 0
5213 1 244 34 388 130 0
5214 1 242 32 384 128 0
5215 1 244 36 386 130 0
5216 1 242 36 384 130 0
5217 1 244 34 390 130 0
5218 1 244 32 392 126 0
5219 1 244 30 392 126 0
5220 1 246 30 390 126 0
5221 1 248 28 390 124 0
5222 1 248 28 390 124 0
5223 1 248 28 394 124 0
5224 1 250 28 396 126 0
5225 1 270 38 398 130 0
5226 1 272 36 406 130 0
5227 1 278 40 408 132 0
5228 1 276 40 408 132 0
5229 1 282 48 420 142 0
5230 1 292 58 424 148 0
5231 1 292 56 420 148 0
5232 1 298 60 430 150 0
5233 1 300 62 432 154 0
5234 1 314 68 434 156 0
5235 1 316 70 442 162 0
5236 1 318 66 446 158 0
5237 1 314 64 446 160 0
5238 1 324 66 452 162 0
5239 1 328 64 456 158 0
5240 1 330 62 456 154 0
5241 1 332 56 460 150 0
5242 1 332 52 460 144 0
5243 1 328 50 462 144 0
5244 1 324 44 466 144 0
5245 1 326 38 458 130 0
5246 1 326 38 460 132 0
5247 1 318 32 452 124 0
5248 1 310 24 448 118 0
5249 1 312 24 448 120 0
5250 1 304 22 436 114 0
5251 1 300 22 432 112 0
5252 1 302 22 434 114 0
5253 1 280 12 424 108 0
5254 1 276 6 416 106 0
5255 1 280 12 422 110 0
5256 1 268 0 408 100 0
5257 1 268 0 409 99 0
5258 1 268 0 411 98 0
5259 1 268 0 412 97 0
5260 1 268 0 414 97 0
5261 1 268 0 414 97 0
5262 1 268 0 414 97 0
5263 1 268 0 414 97 0
5264 1 268 0 403 76 0
5265 1 268 0 403 76 0
5266 1 268 0 403 76 0
5267 1 268 0 403 76 0
5268 1 268 0 403 76 0
5269 1 268 0 393 55 0
5270 1 268 0 392 49 0
5271 1 268 0 390 43 0
5272 1 268 0 389 36 0
5273 1 268 0 388 30 0
5274 1 268 0 388 28 0
5299 1 210 0 349 50 0
5300 1 210 0 345 53 0
5301 1 210 0 342 57 0
5302 1 198 3 328 75 0
5303 1 196 10 324 84 0
5304 1 170 24 316 108 0
5305 1 168 42 324 136 0
5306 1 168 38 318 134 0
5307 1 174 72 328 166 0
5308 1 174 78 316 172 0
5309 1 168 78 318 180 0
5310 1 170 108 320 204 0
5311 1 172 122 322 224 0
5312 1 174 120 316 218 0
5313 1 174 144 318 242 0
5314 1 174 156 320 258 0
5315 1 196 174 326 268 0
5316 1 196 192 324 288 0
5317 1 174 190 320 292 0
5318 1 176 188 316 286 0
5319 1 170 212 316 310 0
5320 1 168 218 312 324 0
5321 1 170 218 308 324 0
5322 1 168 248 306 350 0
5323 1 156 248 300 348 0
5324 1 156 248 298 348 0
5325 1 134 258 280 364 0
5326 1 132 260 272 370 0
5327 1 138 272 280 374 0
5328 1 126 276 268 382 0
5329 1 114 278 260 382 0
5330 1 120 280 256 382 0
5331 1 118 298 242 396 0
5332 1 94 284 238 396 0
5333 1 92 282 232 394 0
5334 1 84 290 224 400 0
5335 1 74 296 214 404 0
5336 1 82 308 220 412 0
5337 1 60 292 200 402 0
5338 1 54 306 202 414 0
5339 1 54 304 202 412 0
5340 1 40 310 188 414 0
5341 1 38 318 172 414 0
5342 1 16 304 172 412 0
5343 1 2 308 150 418 0
5344 1 0 312 133 420 0
5345 1 0 312 133 420 0
5346 1 0 312 133 420 0
5347 1 0 312 133 420 0
5348 1 0 312 133 420 0
5349 1 0 296 104 419 0
5350 1 0 298 104 417 0
5351 1 0 300 105 414 0
5352 1 0 302 106 412 0
5353 1 4 276 98 412 0
5354 1 0 280 106 402 0
5355 1 2 278 112 398 0
5356 1 2 276 120 398 0
5357 1 0 276 122 398 0
5358 1 4 274 130 396 0
5359 1 4 276 136 400 0
5360 1 0 274 136 400 0
5361 1 0 276 136 402 0
5362 1 0 274 138 404 0
5363 1 0 274 138 404 0
5364 1 0 274 138 404 0
5365 1 0 274 138 404 0
5366 1 0 274 138 404 0
5367 1 0 274 138 404 0
5368 1 0 274 138 404 0
5369 1 0 280 136 413 0
5370 1 0 286 134 422 0
5371 1 0 292 133 431 0
5372 1 0 292 132 430 0
5373 1 0 293 131 431 0
5374 1 0 293 131 430 0
5375 1 0 294 130 430 0
5376 1 0 294 129 430 0
5377 1 0 295 128 430 0
5378 1 0 296 128 431 0
5379 1 0 300 128 430 0
5380 1 0 305 129 431 0
5381 1 0 305 129 431 0
5382 1 0 305 129 431 0
5383 1 0 305 129 431 0
5384 1 0 305 129 431 0
5385 1 0 305 129 431 0
5386 1 0 305 129 431 0
5387 1 0 305 129 431 0
5388 1 0 305 129 431 0
5389 1 0 305 129 431 0
5390 1 0 305 129 431 0
5391 1 0 305 129 431 0
5392 1 0 305 129 431 0
5393 1 0 305 129 431 0
5394 1 0 305 129 431 0
5395 1 0 305 129 431 0
5396 1 0 305 129 431 0
5397 1 0 305 129 431 0
5398 1 0 305 129 431 0
5399 1 0 305 129 431 0
5400 1 0 305 129 431 0
5401 1 0 305 129 431 0
5402 1 0 305 129 431 0
5403 1 0 305 129 431 0
5404 1 0 308 96 440 0
5405 1 0 308 94 438 0
5406 1 0 310 94 438 0
5407 1 0 310 90 436 0
5408 1 0 310 92 436 0
5409 1 0 310 91 435 0
5410 1 0 310 90 435 0
5411 1 0 310 89 435 0
5412 1 0 310 88 435 0
5413 1 0 310 88 435 0
5414 1 0 310 87 434 0
5415 1 0 310 86 434 0
5416 1 0 310 85 434 0
5417 1 0 310 84 434 0
5418 1 0 310 84 434 0
5419 1 2 308 84 430 0
5420 1 0 306 84 432 0
5421 1 0 308 86 430 0
5422 1 0 306 88 430 0
5423 1 0 308 88 428 0
5424 1 2 308 90 428 0
5425 1 2 306 92 424 0
5426 1 0 306 92 428 0
5427 1 0 302 92 424 0
5428 1 2 302 94 426 0
5429 1 2 302 94 422 0
5430 1 2 302 94 426 0
5431 1 2 302 94 424 0
5432 1 2 302 94 426 0
5433 1 0 304 104 414 0
5434 1 0 304 106 416 0
5435 1 0 306 106 414 0
5436 1 0 304 108 416 0
5437 1 0 302 108 416 0
5438 1 0 302 110 418 0
5439 1 0 302 110 414 0
5440 1 0 298 110 414 0
5441 1 0 296 112 418 0
5442 1 0 282 110 404 0
5443 1 0 280 110 406 0
5444 1 0 280 112 406 0
5445 1 0 278 116 400 0
5446 1 0 276 116 402 0
5447 1 0 274 118 400 0
5448 1 0 276 122 398 0
5449 1 0 272 124 398 0
5450 1 0 272 126 396 0
5451 1 0 272 124 392 0
5452 1 0 270 124 392 0
5453 1 0 270 126 394 0
5454 1 0 270 126 390 0
5455 1 0 268 128 388 0
5456 1 0 266 128 386 0
5457 1 0 266 130 388 0
5458 1 0 266 132 388 0
5459 1 0 264 134 384 0
5460 1 0 262 136 382 0
5461 1 0 262 136 384 0
5462 1 0 258 142 382 0
5463 1 4 266 146 376 0
5464 1 8 268 148 376 0
5465 1 6 270 146 376 0
5466 1 2 250 156 366 0
5467 1 6 246 156 364 0
5468 1 8 246 156 360 0
5469 1 16 244 160 356 0
5470 1 20 242 164 354 0
5471 1 18 240 162 352 0
5472 1 22 236 168 352 0
5473 1 24 238 172 346 0
5474 1 24 236 176 344 0
5475 1 48 246 184 340 0
5476 1 44 238 188 338 0
5477 1 44 238 190 338 0
5478 1 50 236 202 340 0
5479 1 60 236 206 340 0
5480 1 60 236 208 338 0
5481 1 66 236 220 336 0
5482 1 88 238 232 340 0
5483 1 88 238 234 338 0
5484 1 110 236 250 336 0
5485 1 130 242 268 338 0
5486 1 124 238 272 338 0
5487 1 152 234 296 334 0
5488 1 174 234 318 334 0
5489 1 178 236 316 336 0
5490 1 208 242 340 334 0
5491 1 226 232 358 330 0
5492 1 220 232 356 332 0
5493 1 248 234 378 330 0
5494 1 256 214 388 316 0
5495 1 252 214 382 318 0
5496 1 264 210 394 316 0
5497 1 274 216 398 314 0
5498 1 270 214 398 310 0
5499 1 272 210 402 306 0
5500 1 276 208 404 302 0
5501 1 274 206 404 300 0
5502 1 272 204 402 298 0
5503 1 276 204 402 296 0
5504 1 272 202 402 298 0
5505 1 274 202 402 294 0
5506 1 272 200 406 298 0
5507 1 276 204 404 296 0
5508 1 272 202 402 296 0
5509 1 272 202 400 296 0
5510 1 272 202 400 296 0
5511 1 272 202 398 296 0
5512 1 272 200 396 294 0
5513 1 270 200 396 296 0
5514 1 272 202 396 292 0
5515 1 270 200 394 292 0
5516 1 252 182 392 284 0
5517 1 250 180 390 278 0
5518 1 252 178 390 276 0
5519 1 250 178 392 280 0
5520 1 250 178 392 278 0
5521 1 250 178 392 278 0
5522 1 263 180 391 285 0
5523 1 250 180 390 282 0
5524 1 250 180 392 280 0
5525 1 250 182 390 282 0
5526 1 250 182 390 282 0
5527 1 252 184 390 284 0
5528 1 252 184 394 284 0
5529 1 272 204 398 296 0
5530 1 276 206 396 294 0
5531 1 274 204 398 296 0
5532 1 272 202 396 296 0
5533 1 272 202 396 296 0
5534 1 272 202 398 298 0
5535 1 272 202 396 296 0
5536 1 272 202 396 296 0
5537 1 272 202 396 296 0
5538 1 272 202 396 296 0
5539 1 274 202 398 296 0
5540 1 272 202 396 296 0
5541 1 274 202 398 296 0
5542 1 274 202 400 296 0
5543 1 274 200 400 296 0
5544 1 274 200 398 296 0
5545 1 274 202 400 296 0
5546 1 274 202 400 296 0
5547 1 274 202 400 294 0
5548 1 274 202 402 294 0
5549 1 272 200 406 296 0
5550 1 272 200 404 296 0
5551 1 274 204 402 294 0
5552 1 272 204 402 294 0
5553 1 272 204 404 294 0
5554 1 270 204 402 294 0
5555 1 272 204 402 294 0
5556 1 272 206 400 298 0
5557 1 274 210 398 298 0
5558 1 276 210 398 296 0
5559 1 276 210 398 298 0
5560 1 274 208 400 296 0
5561 1 274 206 402 296 0
5562 1 274 208 400 294 0
5563 1 276 208 400 296 0
5564 1 274 204 402 296 0
5565 1 272 202 404 294 0
5566 1 274 200 404 294 0
5567 1 276 202 406 294 0
5568 1 280 200 410 296 0
5569 1 280 200 410 296 0
5570 1 280 200 408 296 0
5571 1 284 200 410 296 0
5572 1 288 200 414 294 0
5573 1 286 200 414 296 0
5574 1 288 198 418 298 0
5575 1 290 200 418 298 0
5576 1 290 200 418 298 0
5577 1 288 198 416 296 0
5578 1 290 200 416 296 0
5579 1 292 200 420 294 0
5580 1 290 200 416 294 0
5581 1 292 200 416 294 0
5582 1 292 200 416 294 0
5583 1 290 200 414 296 0
5584 1 288 200 414 296 0
5585 1 286 200 416 296 0
5586 1 288 202 414 296 0
5587 1 288 202 416 296 0
5588 1 288 200 416 296 0
5589 1 286 202 416 298 0
5590 1 288 202 416 296 0
5591 1 286 202 416 298 0
5592 1 284 198 414 298 0
5593 1 282 198 414 298 0
5594 1 282 196 414 298 0
5595 1 280 200 414 300 0
5596 1 278 198 414 298 0
5597 1 280 200 414 302 0
5598 1 280 200 414 300 0
5599 1 280 202 414 302 0
5600 1 278 204 412 302 0
5601 1 278 204 412 304 0
5602 1 280 206 414 306 0
5603 1 278 202 412 304 0
5604 1 280 206 410 306 0
5605 1 282 208 410 306 0
5606 1 282 208 410 306 0
5607 1 280 208 410 310 0
5608 1 276 208 408 308 0
5609 1 276 208 408 308 0
5610 1 278 212 404 314 0
5611 1 272 208 404 312 0
5612 1 272 216 402 314 0
5613 1 270 218 392 320 0
5614 1 250 212 384 316 0
5615 1 250 212 384 314 0
5616 1 234 216 364 320 0
5617 1 208 212 340 318 0
5618 1 210 212 346 322 0
5619 1 194 220 330 322 0
5620 1 186 234 321 336 0
5621 1 192 242 324 336 0
5622 1 166 236 302 338 0
5623 1 154 236 296 340 0
5624 1 160 238 300 338 0
5625 1 150 244 286 344 0
5626 1 155 240 279 340 0
5627 1 152 242 279 342 0
5628 1 132 248 278 350 0
5629 1 126 246 268 350 0
5630 1 128 248 270 354 0
5631 1 124 252 268 356 0
5632 1 120 250 264 358 0
5633 1 120 254 262 358 0
5634 1 118 254 256 356 0
5635 1 118 252 258 354 0
5636 1 118 252 260 352 0
5637 1 122 248 260 350 0
5638 1 122 246 264 348 0
5639 1 120 246 262 348 0
5640 1 122 240 264 338 0
5641 1 124 234 270 336 0
5642 1 122 236 270 336 0
5643 1 126 234 270 334 0
5644 1 136 234 272 330 0
5645 1 136 234 274 330 0
5646 1 136 234 276 330 0
5647 1 134 214 276 316 0
5648 1 134 214 272 314 0
5649 1 136 210 278 314 0
5650 1 142 204 282 306 0
5651 1 151 215 291 317 0
5652 1 160 212 292 310 0
5653 1 158 206 296 304 0
5654 1 158 206 298 302 0
5655 1 162 202 302 300 0
5656 1 164 198 306 298 0
5657 1 166 200 310 298 0
5658 1 172 198 310 294 0
5659 1 172 200 310 294 0
5660 1 172 200 308 294 0
5661 1 170 200 306 292 0
5662 1 170 198 308 292 0
5663 1 170 198 306 294 0
5664 1 162 178 304 276 0
5665 1 164 176 302 272 0
5666 1 160 174 306 274 0
5667 1 162 164 304 260 0
5668 1 164 160 304 258 0
5669 1 166 162 302 256 0
5670 1 170 154 310 248 0
5671 1 166 132 306 242 0
5672 1 162 134 306 251 0
5673 1 170 118 310 225 0
5674 1 162 100 306 229 0
5675 1 158 98 304 207 0
5676 1 160 76 304 203 0
5677 1 161 68 295 192 0
5678 1 160 60 293 175 0
5679 1 136 61 286 155 0
5680 1 125 31 277 121 0
5681 1 114 19 266 109 0
5682 1 106 7 258 97 0
5683 1 96 1 242 69 0
5684 1 96 1 237 49 0
5766 1 1 0 90 43 0
5767 1 1 0 90 59 0
5768 1 1 0 90 76 0
5769 1 1 0 97 95 0
5770 1 3 26 99 122 0
5771 1 4 40 96 151 0
5772 1 6 70 102 168 0
5773 1 10 112 126 201 0
5774 1 10 128 126 205 0
5775 1 12 150 130 232 0
5776 1 12 168 132 262 0
5777 1 0 160 124 256 0
5778 1 10 188 136 288 0
5779 1 8 206 138 306 0
5780 1 4 206 138 314 0
5781 1 6 226 134 322 0
5782 1 2 240 132 334 0
5783 1 4 244 134 338 0
5784 1 0 250 128 352 0
5785 1 2 262 130 360 0
5786 1 0 256 134 354 0
5787 1 0 272 134 384 0
5788 1 0 280 128 382 0
5789 1 0 276 126 380 0
5790 1 0 296 122 392 0
5791 1 0 302 118 392 0
5792 1 0 300 122 394 0
5793 1 0 300 122 414 0
5794 1 9 315 131 429 0
5795 1 8 322 127 436 0
5796 1 8 329 124 443 0
5797 1 7 335 120 449 0
5798 1 7 342 118 456 0
5799 1 6 349 114 463 0
5800 1 5 354 109 468 0
5801 1 5 358 104 472 0
5802 1 3 366 102 480 0
5803 1 2 374 101 488 0
5804 1 2 378 94 496 0
5805 1 2 381 88 503 0
5806 1 1 387 79 510 0
5807 1 0 392 70 516 0
5808 1 0 396 70 520 0
5809 1 0 401 70 525 0
5810 1 0 405 70 529 0
5811 1 0 415 67 530 0
5812 1 0 424 64 529 0
5813 1 0 429 64 534 0
5814 1 0 434 64 539 0
5815 1 0 438 64 543 0
5816 1 0 443 64 548 0
5817 1 0 446 65 547 0
5818 1 0 450 66 548 0
5819 1 0 453 68 547 0
5820 1 0 459 68 553 0
5821 1 0 464 68 558 0
5822 1 1 470 69 564 0
5823 1 1 472 62 574 0
5824 1 1 474 54 584 0
5825 1 0 469 53 585 0
5826 1 0 465 52 587 0
5827 1 0 460 52 588 0
5828 1 0 456 52 590 0
5829 1 0 458 54 588 0
5830 1 0 460 54 592 0
5831 1 0 462 56 590 0
5832 1 0 460 58 592 0
5833 1 0 464 60 590 0
5834 1 0 466 60 592 0
5835 1 0 466 64 594 0
5836 1 0 466 66 594 0
5837 1 0 468 66 592 0
5838 1 0 468 68 594 0
5839 1 0 468 68 594 0
5840 1 0 468 68 594 0
5841 1 0 476 70 610 0
5842 1 0 476 70 610 0
5843 1 0 476 70 608 0
5844 1 0 480 80 608 0
5845 1 0 482 82 608 0
5846 1 0 480 82 610 0
5847 1 0 478 82 606 0
5848 1 0 480 82 608 0
5849 1 0 480 86 606 0
5850 1 0 482 84 608 0
5851 1 0 482 86 606 0
5852 1 0 482 88 604 0
5853 1 0 482 90 604 0
5854 1 0 482 94 608 0
5855 1 0 480 94 606 0
5856 1 0 482 96 608 0
5857 1 0 484 104 602 0
5858 1 0 486 104 604 0
5859 1 0 486 106 604 0
5860 1 0 482 110 604 0
5861 1 0 484 108 604 0
5862 1 0 486 112 606 0
5863 1 0 482 112 606 0
5864 1 0 484 112 606 0
5865 1 0 484 112 604 0
5866 1 0 486 110 608 0
5867 1 0 486 107 609 0
5868 1 0 486 105 610 0
5869 1 0 486 103 612 0
5870 1 0 486 100 613 0
5871 1 0 486 98 614 0
5872 1 0 486 96 616 0
5873 1 2 490 94 616 0
5874 1 0 488 94 620 0
5875 1 0 486 96 620 0
5876 1 0 486 95 619 0
5877 1 0 486 95 618 0
5878 1 0 487 94 619 0
5879 1 0 487 94 618 0
5880 1 1 488 94 618 0
5881 1 1 488 94 618 0
5882 1 1 489 93 618 0
5883 1 1 489 93 617 0
5884 1 2 490 94 618 0
5885 1 2 492 94 622 0
5886 1 0 488 94 622 0
5887 1 2 488 94 620 0
5888 1 2 486 94 620 0
5889 1 0 490 106 612 0
5890 1 0 488 108 614 0
5891 1 0 486 108 612 0
5892 1 0 486 110 608 0
5893 1 0 482 112 606 0
5894 1 0 482 112 604 0
5895 1 0 484 116 606 0
5896 1 0 488 116 600 0
5897 1 0 490 118 598 0
5898 1 0 488 120 602 0
5899 1 0 487 120 601 0
5900 1 0 486 120 600 0
5901 1 0 485 120 599 0
5902 1 0 484 120 598 0
5903 1 0 483 120 597 0
5904 1 0 483 120 597 0
5905 1 1 482 121 596 0
5906 1 1 481 121 595 0
5907 1 0 466 120 578 0
5908 1 0 466 122 576 0
5909 1 0 464 122 576 0
5910 1 0 460 126 576 0
5911 1 0 457 126 574 0
5912 1 0 454 126 572 0
5913 1 0 452 126 566 0
5914 1 0 448 126 566 0
5915 1 0 444 128 564 0
5916 1 0 440 128 568 0
5917 1 0 438 132 570 0
5918 1 0 438 132 572 0
5919 1 14 456 142 566 0
5920 1 10 450 144 566 0
5921 1 8 450 146 564 0
5922 1 10 452 146 568 0
5923 1 8 450 150 566 0
5924 1 10 452 148 568 0
5925 1 14 450 150 566 0
5926 1 10 448 154 564 0
5927 1 12 450 152 566 0
5928 1 14 448 154 564 0
5929 1 14 450 156 560 0
5930 1 14 450 158 566 0
5931 1 14 448 160 564 0
5932 1 18 452 162 564 0
5933 1 20 454 162 562 0
5934 1 18 454 164 566 0
5935 1 14 454 164 566 0
5936 1 16 456 164 566 0
5937 1 14 456 168 572 0
5938 1 10 458 170 574 0
5939 1 10 458 168 574 0
5940 1 12 462 166 576 0
5941 1 12 464 166 580 0
5942 1 10 462 166 580 0
5943 1 10 464 164 578 0
5944 1 12 464 162 578 0
5945 1 12 466 162 580 0
5946 1 12 464 162 578 0
5947 1 14 468 160 580 0
5948 1 10 468 160 580 0
5949 1 12 468 154 580 0
5950 1 14 470 150 576 0
5951 1 10 468 150 580 0
5952 1 12 468 148 580 0
5953 1 10 472 144 580 0
5954 1 12 474 144 578 0
5955 1 10 476 142 578 0
5956 1 10 474 142 578 0
5957 1 8 472 142 576 0
5958 1 10 474 144 580 0
5959 1 10 474 144 580 0
5960 1 10 474 142 602 0
5961 1 10 474 138 580 0
5962 1 0 462 134 584 0
5963 1 0 462 134 584 0
5964 1 0 464 138 590 0
5965 1 0 464 136 590 0
5966 1 0 464 135 590 0
5967 1 0 464 134 591 0
5968 1 0 464 133 591 0
5969 1 0 464 132 592 0
5970 1 0 464 131 592 0
5971 1 0 464 130 592 0
5972 1 0 464 129 593 0
5973 1 0 464 127 593 0
5974 1 0 464 126 594 0
5975 1 0 464 123 594 0
5976 1 0 464 120 594 0
5977 1 0 464 117 594 0
5978 1 0 464 113 594 0
5979 1 0 464 110 594 0
5980 1 0 464 107 594 0
5981 1 0 464 104 594 0
5982 1 0 464 100 594 0
5983 1 0 464 98 594 0
5984 1 0 464 96 594 0
5985 1 0 464 94 594 0
5986 1 0 464 92 594 0
5987 1 0 464 90 594 0
5988 1 0 464 88 594 0
5989 1 0 464 85 594 0
5990 1 0 464 83 594 0
5991 1 0 461 82 593 0
5992 1 0 458 81 592 0
5993 1 0 456 80 592 0
5994 1 0 456 80 592 0
5995 1 0 456 80 592 0
5996 1 0 456 80 592 0
5997 1 0 456 80 592 0
5998 1 0 456 80 592 0
5999 1 0 456 80 592 0
6000 1 0 456 80 592 0
6001 1 0 456 80 592 0
6002 1 0 456 80 592 0
6003 1 0 456 80 592 0
6004 1 0 456 80 592 0
6005 1 0 456 80 592 0
6006 1 0 456 80 592 0
6007 1 0 456 80 592 0
6008 1 0 456 80 592 0
6009 1 0 456 80 592 0
6010 1 0 456 80 592 0
6011 1 0 456 80 592 0
6012 1 0 456 80 592 0
6013 1 0 456 80 592 0
6014 1 0 456 80 592 0
6015 1 0 456 80 592 0
6016 1 0 456 80 592 0
6017 1 0 456 80 592 0
6018 1 0 456 80 592 0
6019 1 0 456 80 592 0
6020 1 0 456 80 592 0
6021 1 0 456 80 592 0
6022 1 0 456 80 592 0
6023 1 0 456 80 592 0
6024 1 0 456 80 592 0
6025 1 0 456 80 592 0
6026 1 0 456 80 592 0
6027 1 0 456 80 592 0
6028 1 0 456 80 592 0
6029 1 0 456 80 592 0
6030 1 0 456 80 592 0
6031 1 0 456 80 592 0
6032 1 0 456 80 592 0
6033 1 0 456 80 592 0
6034 1 0 456 80 592 0
6035 1 0 456 80 592 0
6036 1 0 456 80 592 0
6037 1 0 456 80 592 0
6038 1 0 457 80 593 0
6039 1 0 457 80 593 0
6040 1 0 457 80 593 0
6041 1 0 457 80 593 0
6042 1 0 457 80 593 0
6043 1 0 458 81 595 0
6044 1 0 458 81 595 0
6045 1 0 458 81 595 0
6046 1 0 458 81 595 0
6047 1 0 458 81 595 0
6048 1 0 459 81 596 0
6049 1 0 459 81 596 0
6050 1 0 459 81 596 0
6051 1 0 459 81 596 0
6052 1 0 459 81 596 0
6053 1 0 460 82 598 0
6054 1 0 460 80 598 0
6055 1 0 460 80 598 0
6056 1 0 460 80 598 0
6057 1 0 460 80 598 0
6058 1 0 460 80 598 0
6059 1 0 460 80 598 0
6060 1 0 460 80 598 0
6061 1 0 460 80 598 0
6062 1 0 460 80 598 0
6063 1 0 460 80 598 0
6064 1 0 460 80 598 0
6065 1 0 460 80 598 0
6066 1 0 460 80 598 0
6067 1 0 460 80 598 0
6068 1 0 460 80 598 0
6069 1 0 460 80 598 0
6070 1 0 460 80 598 0
6071 1 0 460 80 598 0
6072 1 0 460 80 598 0
6073 1 0 460 80 598 0
6074 1 0 460 80 598 0
6075 1 0 460 80 598 0
6076 1 0 460 80 598 0
6077 1 0 460 80 598 0
6078 1 0 460 80 598 0
6079 1 0 460 80 598 0
6080 1 0 460 80 598 0
6081 1 0 460 80 598 0
6082 1 0 460 80 598 0
6083 1 0 460 80 598 0
6084 1 0 460 80 598 0
6085 1 0 460 80 598 0
6086 1 0 460 80 598 0
6087 1 0 460 80 598 0
6088 1 0 460 80 598 0
6089 1 0 460 80 598 0
6090 1 0 460 80 598 0
6091 1 0 460 80 598 0
6092 1 0 460 80 598 0
6093 1 0 460 80 598 0
6094 1 0 460 80 598 0
6095 1 0 460 80 598 0
6096 1 0 460 80 598 0
6097 1 0 460 80 598 0
6098 1 0 460 80 598 0
6099 1 0 460 80 598 0
6100 1 0 460 80 598 0
6101 1 0 460 80 598 0
6102 1 0 460 80 598 0
6103 1 0 460 80 598 0
6104 1 0 460 80 598 0
6105 1 0 460 80 598 0
6106 1 0 460 80 598 0
6107 1 0 460 80 598 0
6108 1 0 461 63 597 0
6109 1 0 461 63 597 0
6110 1 0 461 63 597 0
6111 1 0 461 63 597 0
6112 1 0 461 63 597 0
6113 1 0 461 63 597 0
6114 1 0 461 63 597 0
6115 1 0 461 63 597 0
6116 1 0 461 63 597 0
6117 1 0 461 63 597 0
6118 1 0 461 63 597 0
6119 1 0 461 63 597 0
6120 1 0 461 63 597 0
6121 1 0 461 63 597 0
6122 1 0 461 63 597 0
6123 1 0 461 63 597 0
6124 1 0 476 46 597 0
6125 1 0 476 46 597 0
6126 1 0 476 46 597 0
6127 1 0 476 46 597 0
6128 1 0 476 46 597 0
6129 1 0 476 46 597 0
6130 1 0 476 46 597 0
6131 1 0 476 46 597 0
6132 1 0 476 46 597 0
6133 1 0 476 46 597 0
6134 1 0 476 46 597 0
6135 1 0 476 46 597 0
6136 1 0 476 46 597 0
6137 1 0 476 46 597 0
6138 1 0 476 46 597 0
6139 1 0 476 46 597 0
6140 1 0 476 46 597 0
6141 1 0 476 46 597 0
6142 1 0 476 46 597 0
6143 1 0 476 46 597 0
6144 1 0 476 46 597 0
6145 1 0 476 46 597 0
6146 1 0 476 46 597 0
6147 1 0 476 46 597 0
6148 1 0 476 46 597 0
6149 1 0 476 46 597 0
6150 1 0 476 46 597 0
6151 1 0 476 46 597 0
6152 1 0 476 46 597 0
6153 1 0 476 46 597 0
6154 1 0 476 46 597 0
6155 1 0 476 46 597 0
6156 1 0 476 46 597 0
6157 1 0 476 46 597 0
6158 1 0 476 46 597 0
6159 1 0 476 46 597 0
6160 1 0 476 46 597 0
6161 1 0 476 46 597 0
6162 1 0 476 46 597 0
6163 1 0 476 46 597 0
6164 1 0 476 46 597 0
6165 1 0 476 46 597 0
6166 1 0 476 46 597 0
6167 1 0 476 46 597 0
6168 1 0 476 46 597 0
6169 1 0 476 46 597 0
6170 1 0 476 46 597 0
6171 1 0 476 46 597 0
6172 1 0 476 46 597 0
6173 1 0 476 46 597 0
6174 1 0 476 46 597 0
6175 1 0 476 46 597 0
6176 1 0 476 46 597 0
6177 1 0 476 46 597 0
6178 1 0 476 46 597 0
6179 1 0 476 46 597 0
6180 1 0 476 46 597 0
6181 1 0 476 46 597 0
6182 1 0 476 46 597 0
6183 1 0 476 46 597 0
6184 1 0 476 46 597 0
6185 1 0 476 46 597 0
6186 1 0 476 46 597 0
6187 1 0 476 46 597 0
6188 1 0 476 46 597 0
6189 1 0 476 46 597 0
6190 1 0 476 46 597 0
6191 1 0 476 46 597 0
6192 1 0 476 46 597 0
6193 1 0 476 46 597 0
6194 1 0 476 46 597 0
6195 1 0 476 46 597 0
6196 1 0 476 46 597 0
6197 1 0 476 46 597 0
6198 1 0 476 46 597 0
6199 1 0 476 46 597 0
6200 1 0 476 46 597 0
6201 1 0 476 46 597 0
6202 1 0 476 46 597 0
6203 1 0 476 46 597 0
6204 1 0 476 46 597 0
6205 1 0 476 46 597 0
6206 1 0 476 46 597 0
6207 1 0 476 46 597 0
6208 1 0 476 46 597 0
6209 1 0 476 46 597 0
6210 1 0 476 46 597 0
6211 1 0 476 46 597 0
6212 1 0 476 46 597 0
6213 1 0 476 46 597 0
6214 1 0 476 46 597 0
6215 1 0 476 46 597 0
6216 1 0 476 46 597 0
6217 1 0 476 46 597 0
6218 1 0 476 46 597 0
6219 1 0 476 46 597 0
6220 1 0 476 46 597 0
6221 1 0 476 46 597 0
6222 1 0 476 46 597 0
6223 1 0 476 46 597 0
6224 1 0 476 46 597 0
6225 1 0 476 46 597 0
6226 1 0 476 46 597 0
6227 1 0 476 46 597 0
6228 1 0 476 46 597 0
6229 1 0 476 46 597 0
6230 1 0 476 46 597 0
6231 1 0 476 46 597 0
6232 1 0 476 46 597 0
6233 1 0 476 46 597 0
6234 1 0 476 46 597 0
6235 1 0 476 46 597 0
6236 1 0 476 46 597 0
6237 1 0 476 46 597 0
6238 1 0 476 46 597 0
6239 1 0 476 46 597 0
6240 1 0 476 46 597 0
6241 1 0 476 46 597 0
6242 1 0 476 46 597 0
6243 1 0 476 46 597 0
6244 1 0 476 46 597 0
6245 1 0 476 46 597 0
6246 1 0 476 46 597 0
6247 1 0 476 46 597 0
6248 1 0 476 46 597 0
6249 1 0 476 46 597 0
6250 1 0 476 46 597 0
6251 1 0 476 46 597 0
6252 1 0 476 46 597 0
6253 1 0 476 46 597 0
6254 1 0 476 46 597 0
6255 1 0 476 46 597 0
6256 1 0 476 46 597 0
6257 1 0 476 46 597 0
6258 1 0 476 46 597 0
6259 1 0 476 46 597 0
6260 1 0 476 46 597 0
6261 1 0 476 46 597 0
6262 1 0 476 46 597 0
6263 1 0 476 46 597 0
6264 1 0 476 46 597 0
6265 1 0 476 46 597 0
6266 1 0 476 46 597 0
6267 1 0 476 46 597 0
6268 1 0 476 46 597 0
6269 1 0 476 46 597 0
6270 1 0 476 46 597 0
6271 1 0 476 46 597 0
6272 1 0 476 46 597 0
6273 1 0 476 46 597 0
6274 1 0 476 46 597 0
6275 1 0 476 46 597 0
6276 1 0 476 46 597 0
6277 1 0 476 46 597 0
6278 1 0 476 46 597 0
6279 1 0 476 46 597 0
6280 1 0 476 46 597 0
6281 1 0 476 46 597 0
6282 1 0 476 46 597 0
6283 1 0 476 46 597 0
6284 1 0 476 46 597 0
6285 1 0 476 57 597 0
6286 1 0 476 57 597 0
6287 1 0 476 57 597 0
6288 1 0 476 57 597 0
6289 1 0 476 57 597 0
6290 1 0 476 57 597 0
6291 1 0 476 57 597 0
6292 1 0 476 57 597 0
6293 1 0 476 57 597 0
6294 1 0 476 57 597 0
6295 1 0 476 57 597 0
6296 1 0 476 57 597 0
6297 1 0 476 57 597 0
6298 1 0 476 57 597 0
6299 1 0 476 57 597 0
6300 1 0 476 57 597 0
6301 1 0 476 57 597 0
6302 1 0 476 57 597 0
6303 1 0 476 57 597 0
6304 1 0 476 57 597 0
6305 1 0 476 57 597 0
6306 1 0 476 57 597 0
6307 1 0 476 57 597 0
6308 1 0 476 57 597 0
6309 1 0 476 57 597 0
6310 1 0 476 57 597 0
6311 1 0 476 57 597 0
6312 1 0 476 57 597 0
6313 1 0 476 57 597 0
6314 1 0 476 57 597 0
6315 1 0 476 57 597 0
6316 1 0 476 57 597 0
6317 1 0 476 57 597 0
6318 1 0 476 57 597 0
6319 1 0 476 57 597 0
6320 1 0 476 57 597 0
6321 1 0 476 57 597 0
6322 1 0 476 57 597 0
6323 1 0 476 57 597 0
6324 1 0 476 57 597 0
6325 1 0 476 57 597 0
6326 1 0 476 57 597 0
6327 1 0 476 57 597 0
6328 1 0 476 57 597 0
6329 1 0 476 57 597 0
6330 1 0 476 57 597 0
6331 1 0 476 57 597 0
6332 1 0 476 57 597 0
6333 1 0 476 57 597 0
6334 1 0 476 57 597 0
6335 1 0 476 57 597 0
6336 1 0 476 57 597 0
6337 1 0 476 57 597 0
6338 1 0 476 57 597 0
6339 1 0 476 57 597 0
6340 1 0 476 57 597 0
6341 1 0 476 57 597 0
6342 1 0 476 57 597 0
6343 1 0 476 57 597 0
6344 1 0 476 57 597 0
6345 1 0 476 57 597 0
6346 1 0 476 57 597 0
6347 1 0 476 57 597 0
6348 1 0 476 57 597 0
6349 1 0 476 57 597 0
6350 1 0 476 57 597 0
6351 1 0 476 57 597 0
6352 1 0 476 57 597 0
6353 1 0 476 57 597 0
6354 1 0 476 57 597 0
6355 1 0 476 57 597 0
6356 1 0 476 57 597 0
6357 1 0 476 57 597 0
6358 1 0 476 57 597 0
6359 1 0 476 57 597 0
6360 1 0 476 57 597 0
6361 1 0 476 57 597 0
6362 1 0 476 57 597 0
6363 1 0 476 57 597 0
6364 1 0 476 57 597 0
6365 1 0 476 57 597 0
6366 1 0 476 57 597 0
6367 1 0 476 57 597 0
6368 1 0 476 57 597 0
6369 1 0 476 57 597 0
6370 1 0 476 57 597 0
6371 1 0 476 61 610 0
6372 1 0 476 61 610 0
6373 1 0 476 61 610 0
6374 1 0 476 61 610 0
6375 1 0 476 61 610 0
6376 1 0 476 61 610 0
6377 1 0 476 61 610 0
6378 1 0 476 61 610 0
6379 1 0 476 61 610 0
6380 1 0 476 61 610 0
6381 1 0 476 61 610 0
6382 1 0 476 61 610 0
6383 1 0 476 61 610 0
6384 1 0 476 61 610 0
6385 1 0 476 61 610 0
6386 1 0 476 61 610 0
6387 1 0 476 61 610 0
6388 1 0 476 61 610 0
6389 1 0 476 61 610 0
6390 1 0 476 61 610 0
6391 1 0 476 61 610 0
6392 1 0 476 61 610 0
6393 1 0 476 61 610 0
6394 1 0 476 61 610 0
6395 1 0 476 61 610 0
6396 1 0 476 61 610 0
6397 1 0 476 61 610 0
6398 1 0 476 61 610 0
6399 1 0 476 61 610 0
6400 1 0 476 61 610 0
6401 1 0 476 61 610 0
6402 1 0 476 61 610 0
6403 1 0 476 61 610 0
6404 1 0 476 61 610 0
6405 1 0 476 61 610 0
6406 1 0 476 61 610 0
6407 1 0 476 61 610 0
6408 1 0 476 61 610 0
6409 1 0 476 61 610 0
6410 1 0 476 61 610 0
6411 1 0 476 61 610 0
6412 1 0 476 61 610 0
6413 1 0 476 61 610 0
6414 1 0 476 61 610 0
6415 1 0 476 61 610 0
6416 1 0 476 61 610 0
6417 1 0 476 61 610 0
6418 1 0 476 61 610 0
6419 1 0 476 61 610 0
6420 1 0 476 61 610 0
6421 1 0 476 61 610 0
6422 1 0 476 61 610 0
6423 1 0 476 61 610 0
6424 1 0 476 61 610 0
6425 1 0 476 61 610 0
6426 1 0 476 61 610 0
6427 1 0 476 61 610 0
6428 1 0 476 61 610 0
6429 1 0 476 61 610 0
6430 1 0 476 61 610 0
6431 1 0 476 61 610 0
6432 1 0 476 61 610 0
6433 1 0 476 61 610 0
6434 1 0 476 61 610 0
6435 1 0 476 61 610 0
6436 1 0 476 61 610 0
6437 1 0 476 61 610 0
6438 1 0 476 61 610 0
6439 1 0 476 61 610 0
6440 1 0 476 61 610 0
6441 1 0 476 61 610 0
6442 1 0 476 61 610 0
6443 1 0 476 61 610 0
6444 1 0 476 61 610 0
6445 1 0 476 61 610 0
6446 1 0 476 61 610 0
6447 1 0 476 61 610 0
6448 1 0 476 61 610 0
6449 1 0 476 61 610 0
6450 1 0 476 61 610 0
6451 1 0 476 61 610 0
6452 1 0 476 61 610 0
6453 1 0 476 61 610 0
6454 1 0 476 61 610 0
6455 1 0 476 61 610 0
6456 1 0 476 61 610 0
6457 1 0 476 61 610 0
6458 1 0 476 61 610 0
6459 1 0 476 61 610 0
6460 1 0 476 61 610 0
6461 1 0 476 61 610 0
6462 1 0 476 61 610 0
6463 1 0 476 61 610 0
6464 1 0 476 61 610 0
6465 1 0 476 61 610 0
6466 1 0 476 61 610 0
6467 1 0 476 61 610 0
6468 1 0 476 61 610 0
6469 1 0 476 61 610 0
6470 1 0 476 61 610 0
6471 1 0 476 61 610 0
6472 1 0 476 61 610 0
6473 1 0 476 61 610 0
6474 1 0 476 61 610 0
6475 1 0 476 61 610 0
6476 1 0 476 61 610 0
6477 1 0 476 61 610 0
6478 1 0 476 61 610 0
6479 1 0 476 61 610 0
6480 1 0 476 61 610 0
6481 1 0 476 61 610 0
6482 1 0 476 61 610 0
6483 1 0 476 61 610 0
6484 1 0 476 61 610 0
6485 1 0 476 61 610 0
6486 1 0 476 61 610 0
6487 1 0 476 61 610 0
6488 1 0 476 61 610 0
6489 1 0 476 61 610 0
6490 1 0 476 61 610 0
6491 1 0 476 61 610 0
6492 1 0 476 61 610 0
6493 1 0 476 61 610 0
6494 1 0 476 61 610 0
6495 1 0 476 61 610 0
6496 1 0 476 61 610 0
6497 1 0 476 61 610 0
6498 1 0 476 61 610 0
6499 1 0 476 61 610 0
6500 1 0 476 61 610 0
6501 1 0 476 61 610 0
6502 1 0 476 61 610 0
6503 1 0 476 61 610 0
6504 1 0 476 61 610 0
6505 1 0 476 61 610 0
6506 1 0 476 61 610 0
6507 1 0 476 61 610 0
6508 1 0 476 61 610 0
6509 1 0 476 61 610 0
6510 1 0 476 61 610 0
6511 1 0 476 61 610 0
6512 1 0 476 61 610 0
6513 1 0 476 61 610 0
6514 1 0 476 61 610 0
6515 1 0 476 61 610 0
6516 1 0 476 61 610 0
6517 1 0 476 61 610 0
6518 1 0 476 61 610 0
6519 1 0 476 61 610 0
6520 1 0 476 61 610 0
6521 1 0 476 61 610 0
6522 1 0 476 61 610 0
6523 1 0 476 61 610 0
6524 1 0 476 61 610 0
6525 1 0 476 61 610 0
6526 1 0 476 61 610 0
6527 1 0 476 61 610 0
6528 1 0 476 61 610 0
6529 1 0 476 61 610 0
6530 1 0 476 61 610 0
6531 1 0 476 61 610 0
6532 1 0 476 61 610 0
6533 1 0 476 61 610 0
6534 1 0 476 61 610 0
6535 1 0 476 61 610 0
6536 1 0 476 61 610 0
6537 1 0 476 61 610 0
6538 1 0 476 61 610 0
6539 1 0 476 61 610 0
6540 1 0 476 61 610 0
6541 1 0 476 61 610 0
6542 1 0 476 61 610 0
6543 1 0 476 61 610 0
6544 1 0 476 61 610 0
6545 1 0 476 61 610 0
6546 1 0 476 61 610 0
6547 1 0 476 61 610 0
6548 1 0 476 61 610 0
6549 1 0 476 61 610 0
6550 1 0 476 61 610 0
6551 1 0 476 61 610 0
6552 1 0 476 61 610 0
6553 1 0 476 61 610 0
6554 1 0 476 61 610 0
6555 1 0 476 61 610 0
6556 1 0 476 61 610 0
6557 1 0 476 61 610 0
6558 1 0 476 61 610 0
6559 1 0 476 61 610 0
6560 1 0 476 61 610 0
6561 1 0 476 61 610 0
6562 1 0 476 61 610 0
6563 1 0 476 61 610 0
6564 1 0 476 61 610 0
6565 1 0 476 61 610 0
6566 1 0 476 61 610 0
6567 1 0 476 61 610 0
6568 1 0 476 61 610 0
6569 1 0 476 61 610 0
6570 1 0 476 61 610 0
6571 1 0 476 61 610 0
6572 1 0 476 61 610 0
6573 1 0 476 61 610 0
6574 1 0 476 61 610 0
6575 1 0 476 61 610 0
6576 1 0 476 61 610 0
6577 1 0 476 61 610 0
6578 1 0 476 61 610 0
6579 1 0 476 61 610 0
6580 1 0 476 61 610 0
6581 1 0 476 61 610 0
6582 1 0 476 61 610 0
6583 1 0 476 61 610 0
6584 1 0 476 61 610 0
6585 1 0 476 61 610 0
6586 1 0 476 61 610 0
6587 1 0 476 61 610 0
6588 1 0 476 61 610 0
6589 1 0 476 61 610 0
6590 1 0 476 61 610 0
6591 1 0 476 61 610 0
6592 1 0 476 61 610 0
6593 1 0 476 61 610 0
6594 1 0 476 61 610 0
6595 1 0 476 61 610 0
6596 1 0 476 61 610 0
6597 1 0 476 61 610 0
6598 1 0 476 61 610 0
6599 1 0 476 61 610 0
6600 1 0 476 61 610 0
6601 1 0 476 61 610 0
6602 1 0 476 61 610 0
6603 1 0 476 61 610 0
6604 1 0 476 61 610 0
6605 1 0 476 61 610 0
6606 1 0 476 61 610 0
6607 1 0 476 61 610 0
6608 1 0 476 61 610 0
6609 1 0 476 61 610 0
6610 1 0 476 61 610 0
6611 1 0 476 61 610 0
6612 1 0 476 61 610 0
6613 1 0 476 61 610 0
6614 1 0 476 61 610 0
6615 1 0 476 61 610 0
6616 1 0 476 61 610 0
6617 1 0 476 61 610 0
6618 1 0 476 61 610 0
6619 1 0 476 61 609 0
6620 1 0 475 61 608 0
6621 1 0 475 61 608 0
6622 1 0 474 61 607 0
6623 1 0 473 61 606 0
6624 1 0 473 61 606 0
6625 1 0 472 61 605 0
6626 1 0 472 61 605 0
6627 1 0 471 61 604 0
6628 1 0 470 61 603 0
6629 1 0 470 61 602 0
6630 1 0 469 61 601 0
6631 1 0 468 61 600 0
6632 1 0 468 61 600 0
6633 1 0 467 61 599 0
6634 1 0 467 61 599 0
6635 1 0 466 61 598 0
6636 1 0 465 61 597 0
6637 1 0 465 61 597 0
6638 1 0 464 61 596 0
6639 1 0 464 62 596 0
6640 1 0 460 64 594 0
6641 1 0 462 64 594 0
6642 1 0 462 64 594 0
6643 1 0 462 64 594 0
6644 1 0 462 64 594 0
6645 1 0 462 66 594 0
6646 1 0 460 80 600 0
6647 1 0 460 80 600 0
6648 1 0 460 80 600 0
6649 1 0 460 80 600 0
6650 1 0 460 80 600 0
6651 1 0 460 80 600 0
6652 1 0 460 80 600 0
6653 1 0 460 80 600 0
6654 1 0 460 80 600 0
6655 1 0 460 80 600 0
6656 1 0 460 80 600 0
6657 1 0 460 80 600 0
6658 1 0 460 80 600 0
6659 1 0 460 80 600 0
6660 1 0 460 80 600 0
6661 1 0 460 80 600 0
6662 1 0 460 80 600 0
6663 1 0 460 80 600 0
6664 1 0 460 80 600 0
6665 1 0 460 80 600 0
6666 1 0 460 80 600 0
6667 1 0 460 80 600 0
6668 1 0 460 80 600 0
6669 1 0 460 80 600 0
6670 1 0 460 80 600 0
6671 1 0 460 80 600 0
6672 1 0 460 80 600 0
6673 1 0 460 80 600 0
6674 1 0 460 80 600 0
6675 1 0 460 80 600 0
6676 1 0 460 80 600 0
6677 1 0 460 80 600 0
6678 1 0 460 80 600 0
6679 1 0 460 80 600 0
6680 1 0 460 80 600 0
6681 1 0 460 80 600 0
6682 1 0 460 80 600 0
6683 1 0 460 80 600 0
6684 1 0 460 80 600 0
6685 1 0 460 80 600 0
6686 1 0 460 80 600 0
6687 1 0 460 80 600 0
6688 1 0 460 80 600 0
6689 1 0 460 80 600 0
6690 1 0 460 80 600 0
6691 1 0 460 80 600 0
6692 1 0 460 80 600 0
6693 1 0 460 80 600 0
6694 1 0 460 80 600 0
6695 1 0 460 80 600 0
6696 1 0 460 80 600 0
6697 1 0 460 80 600 0
6698 1 0 460 65 600 0
6699 1 0 460 65 600 0
6700 1 0 460 65 600 0
6701 1 0 460 65 600 0
6702 1 0 460 65 600 0
6703 1 0 460 65 600 0
6704 1 0 460 46 600 0
6705 1 0 460 44 600 0
6706 1 0 460 43 600 0
6707 1 0 460 37 600 0
6708 1 0 460 32 600 0
6709 1 0 460 26 600 0
6710 1 0 460 26 600 0
6711 1 0 460 26 600 0
6712 1 0 460 26 600 0
6748 1 0 64 62 198 0
6749 1 0 64 58 187 0
6750 1 0 64 91 177 0
6751 1 0 41 104 162 0
6752 1 0 41 110 162 0
6753 1 14 28 124 149 0
6754 1 14 28 123 141 0
6755 1 14 28 121 134 0
6756 1 14 28 155 134 0
6757 1 14 3 179 113 0
6758 1 19 3 179 116 0
6759 1 24 3 180 118 0
6760 1 24 3 198 118 0
6761 1 52 3 197 95 0
6762 1 52 3 218 95 0
6763 1 70 3 226 87 0
6764 1 87 3 234 79 0
6765 1 95 3 248 73 0
6766 1 103 3 262 67 0
6767 1 111 3 276 61 0
6768 1 132 3 276 59 0
6769 1 152 3 275 57 0
6770 1 151 2 283 56 0
6771 1 151 2 292 56 0
6772 1 150 2 299 56 0
6773 1 152 3 299 61 0
6774 1 180 3 299 47 0
6775 1 180 3 301 47 0
6776 1 180 3 302 47 0
6777 1 180 3 303 47 0
6778 1 180 3 304 47 0
6779 1 180 3 306 47 0
6780 1 180 3 307 47 0
6781 1 180 3 308 47 0
6782 1 180 3 310 47 0
6783 1 180 3 311 47 0
6784 1 180 3 312 47 0
6785 1 180 3 314 47 0
6786 1 180 3 315 47 0
6787 1 180 3 316 47 0
6788 1 180 3 315 49 0
6789 1 180 3 314 52 0
6790 1 180 3 314 54 0
6791 1 180 3 313 56 0
6792 1 180 3 312 59 0
6793 1 180 3 311 61 0
6794 1 170 3 311 69 0
6795 1 160 3 311 78 0
6796 1 150 3 311 86 0
6797 1 150 3 301 91 0
6798 1 150 3 291 96 0
6799 1 150 3 281 101 0
6800 1 150 3 271 107 0
6801 1 150 3 271 107 0
6802 1 107 24 228 128 0
6803 1 72 24 228 142 0
6804 1 38 24 227 168 0
6805 1 4 65 193 209 0
6806 1 4 65 141 218 0
6807 1 5 91 142 244 0
6808 1 5 129 99 268 0
6809 1 0 145 94 284 0
6810 1 0 164 62 313 0
6811 1 0 203 45 352 0
6812 1 0 224 45 352 0
6889 1 0 639 45 744 0
6890 1 0 630 44 744 0
6891 1 0 621 42 744 0
6892 1 0 621 42 744 0
6893 1 0 621 42 744 0
6894 1 0 621 42 744 0
6895 1 0 621 42 744 0
6896 1 0 621 42 744 0
6897 1 0 621 42 744 0
6898 1 0 621 42 744 0
6899 1 0 621 42 744 0
6900 1 0 621 42 744 0
6901 1 0 621 42 744 0
6902 1 0 630 28 744 0
6903 1 0 630 22 744 0
6929 1 0 635 35 746 0
6930 1 0 635 37 746 0
6931 1 0 635 40 746 0
6932 1 0 635 42 746 0
6933 1 0 635 45 746 0
6934 1 0 635 48 746 0
6935 1 0 635 51 746 0
6936 1 0 635 54 746 0
6937 1 0 635 57 746 0
6938 1 0 635 64 746 0
6939 1 0 635 71 746 0
6940 1 0 635 78 746 0
6941 1 0 635 79 752 0
6942 1 0 635 80 759 0
6943 1 0 635 81 765 0
6944 1 0 635 84 768 0
6945 1 0 636 88 772 0
6946 1 0 642 90 770 0
6947 1 0 642 90 772 0
6948 1 0 644 90 768 0
6949 1 0 644 90 768 0
6950 1 0 648 94 774 0
6951 1 0 650 94 774 0
6952 1 0 650 94 774 0
6953 1 0 650 94 774 0
6954 1 0 650 94 774 0
6955 1 0 650 94 774 0
6956 1 0 650 92 774 0
6957 1 0 650 94 774 0
6958 1 0 650 107 774 0
6959 1 0 650 113 774 0
6960 1 0 650 115 774 0
6961 1 0 650 109 774 0
6962 1 0 650 115 774 0
6963 1 0 650 115 774 0
6964 1 0 650 115 774 0
6965 1 0 650 115 774 0
6966 1 0 650 115 774 0
6967 1 0 650 115 774 0
6968 1 0 650 115 774 0
6969 1 0 650 115 774 0
6970 1 0 650 115 774 0
6971 1 0 650 115 774 0
6972 1 0 650 115 774 0
6973 1 0 650 115 774 0
6974 1 0 650 115 774 0
6975 1 0 650 115 774 0
6976 1 0 650 115 774 0
6977 1 0 650 115 774 0
6978 1 0 650 115 774 0
6979 1 0 650 115 774 0
6980 1 0 650 115 774 0
6981 1 0 650 115 774 0
6982 1 0 650 115 774 0
6983 1 0 650 115 774 0
6984 1 0 650 115 774 0
6985 1 0 650 115 774 0
6986 1 0 650 115 774 0
6987 1 0 650 115 774 0
6988 1 0 650 115 774 0
6989 1 0 650 115 774 0
6990 1 0 650 115 774 0
6991 1 0 650 115 774 0
6992 1 0 650 115 774 0
6993 1 0 650 115 774 0
6994 1 0 650 115 774 0
6995 1 0 650 115 774 0
6996 1 0 650 115 774 0
6997 1 0 650 115 774 0
6998 1 0 650 115 774 0
6999 1 0 650 115 774 0
7000 1 0 650 115 774 0
7001 1 0 650 115 774 0
7002 1 0 650 115 774 0
7003 1 0 650 115 774 0
7004 1 0 650 115 774 0
7005 1 0 650 115 774 0
7006 1 0 650 115 774 0
7007 1 0 650 115 774 0
7008 1 0 650 115 774 0
7009 1 0 650 115 774 0
7010 1 0 650 115 774 0
7011 1 0 650 115 774 0
7012 1 0 650 115 774 0
7013 1 0 650 115 774 0
7014 1 0 650 115 774 0
7015 1 0 650 115 774 0
7016 1 0 650 115 774 0
7017 1 0 650 115 774 0
7018 1 0 650 115 774 0
7019 1 0 650 115 774 0
7020 1 0 650 115 774 0
7021 1 0 650 115 774 0
7022 1 0 650 115 774 0
7023 1 0 650 115 774 0
7024 1 0 650 115 774 0
7025 1 0 650 115 774 0
7026 1 0 650 115 774 0
7027 1 0 650 115 774 0
7028 1 0 650 115 774 0
7029 1 0 650 115 774 0
7030 1 0 650 115 774 0
7031 1 0 650 115 774 0
7032 1 0 650 115 774 0
7033 1 0 650 115 774 0
7034 1 0 650 115 774 0
7035 1 0 650 115 774 0
7036 1 0 650 115 774 0
7037 1 0 650 115 774 0
7038 1 0 650 115 774 0
7039 1 0 650 115 774 0
7040 1 0 650 115 774 0
7041 1 0 650 115 774 0
7042 1 0 650 115 774 0
7043 1 0 650 115 774 0
7044 1 0 650 115 774 0
7045 1 0 650 115 774 0
7046 1 0 650 115 774 0
7047 1 0 650 115 774 0
7048 1 0 650 115 774 0
7049 1 0 650 115 774 0
7050 1 0 650 115 774 0
7051 1 0 650 115 774 0
7052 1 0 650 115 774 0
7053 1 0 650 115 774 0
7054 1 0 650 115 774 0
7055 1 0 650 115 774 0
7056 1 0 650 115 774 0
7057 1 0 650 115 774 0
7058 1 0 650 115 774 0
7059 1 0 650 115 774 0
7060 1 0 650 115 774 0
7061 1 0 650 115 774 0
7062 1 0 650 115 774 0
7063 1 0 650 115 774 0
7064 1 0 650 115 774 0
7065 1 0 650 115 774 0
7066 1 0 650 115 774 0
7067 1 1 639 116 763 0
7068 1 3 629 118 753 0
7069 1 10 616 125 740 0
7070 1 16 610 131 734 0
7071 1 27 595 142 719 0
7072 1 37 579 152 703 0
7073 1 31 564 163 692 0
7074 1 24 550 174 682 0
7075 1 17 535 184 671 0
7076 1 31 491 206 659 0
7077 1 36 465 211 633 0
7078 1 40 440 215 608 0
7079 1 40 428 215 596 0
7080 1 40 394 215 562 0
7081 1 84 412 242 532 0
7082 1 82 380 234 504 0
7083 1 93 359 245 483 0
7084 1 105 335 257 459 0
7085 1 126 336 266 450 0
7086 1 101 306 271 432 0
7087 1 122 303 276 407 0
7088 1 115 288 271 414 0
7089 1 124 256 274 372 0
7090 1 125 256 279 368 0
7091 1 128 238 276 354 0
7092 1 125 222 273 338 0
7093 1 131 212 283 320 0
7094 1 131 202 281 310 0
7095 1 108 162 282 276 0
7096 1 108 144 289 279 0
7097 1 110 136 284 250 0
7098 1 116 126 286 236 0
7099 1 118 112 288 222 0
7100 1 120 106 290 216 0
7101 1 124 94 294 204 0
7102 1 118 82 288 192 0
7103 1 118 78 288 190 0
7104 1 120 70 290 182 0
7105 1 120 64 290 176 0
7106 1 118 64 288 176 0
7107 1 118 58 288 170 0
7108 1 150 64 316 174 0
7109 1 150 62 318 172 0
7110 1 148 60 316 170 0
7111 1 150 58 318 168 0
7112 1 148 58 316 168 0
7113 1 148 56 316 166 0
7114 1 150 54 318 164 0
7115 1 150 54 318 164 0
7116 1 168 40 336 150 0
7117 1 150 52 318 162 0
7118 1 177 52 345 162 0
7119 1 192 50 342 164 0
7120 1 194 50 342 162 0
7121 1 194 50 342 162 0
7122 1 194 50 340 162 0
7123 1 194 50 340 162 0
7124 1 194 50 340 162 0
7125 1 194 50 340 160 0
7126 1 196 50 342 160 0
7127 1 196 50 342 160 0
7128 1 198 50 344 160 0
7129 1 200 50 346 160 0
7130 1 200 50 346 160 0
7131 1 202 50 348 160 0
7132 1 204 52 348 162 0
7133 1 204 52 348 162 0
7134 1 206 54 350 164 0
7135 1 208 56 352 164 0
7136 1 208 56 352 164 0
7137 1 210 56 352 164 0
7138 1 212 58 354 166 0
7139 1 212 60 354 168 0
7140 1 214 62 356 170 0
7141 1 210 62 354 169 0
7142 1 207 63 353 169 0
7143 1 204 63 352 168 0
7144 1 201 64 352 168 0
7145 1 198 64 351 167 0
7146 1 195 65 350 167 0
7147 1 192 66 350 168 0
7148 1 192 66 350 168 0
7149 1 190 66 348 168 0
7150 1 184 66 350 172 0
7151 1 199 69 351 169 0
7152 1 198 69 348 169 0
7153 1 188 68 348 172 0
7154 1 188 68 346 174 0
7155 1 188 64 346 174 0
7156 1 188 68 344 176 0
7157 1 188 70 344 178 0
7158 1 190 70 346 178 0
7159 1 194 82 342 194 0
7160 1 194 84 342 196 0
7161 1 194 84 342 196 0
7162 1 194 86 342 198 0
7163 1 194 86 342 198 0
7164 1 196 88 344 200 0
7165 1 154 80 322 202 0
7166 1 154 82 322 204 0
7167 1 154 88 320 204 0
7168 1 154 92 320 208 0
7169 1 150 92 320 208 0
7170 1 152 94 318 208 0
7171 1 152 98 316 210 0
7172 1 152 100 316 210 0
7173 1 152 98 316 208 0
7174 1 150 100 316 210 0
7175 1 152 104 314 212 0
7176 1 152 106 316 214 0
7177 1 150 104 316 214 0
7178 1 148 104 314 214 0
7179 1 150 104 316 214 0
7180 1 150 106 314 214 0
7181 1 150 104 312 214 0
7182 1 152 106 314 214 0
7183 1 152 106 314 214 0
7184 1 152 106 314 214 0
7185 1 152 106 314 214 0
7186 1 150 106 314 214 0
7187 1 150 106 316 214 0
7188 1 150 104 316 214 0
7189 1 150 104 316 214 0
7190 1 148 102 316 212 0
7191 1 148 104 316 216 0
7192 1 152 106 316 216 0
7193 1 152 106 316 216 0
7194 1 154 106 316 216 0
7195 1 152 102 318 214 0
7196 1 154 104 318 214 0
7197 1 154 102 320 214 0
7198 1 156 100 318 212 0
7199 1 154 98 320 208 0
7200 1 152 98 318 210 0
7201 1 148 96 318 212 0
7202 1 150 98 322 212 0
7203 1 150 96 322 210 0
7204 1 150 96 322 208 0
7205 1 150 98 320 212 0
7206 1 152 98 322 212 0
7207 1 152 98 320 212 0
7208 1 152 96 320 212 0
7209 1 150 98 322 212 0
7210 1 148 96 322 212 0
7211 1 150 94 318 210 0
7212 1 150 96 320 210 0
7213 1 150 92 318 206 0
7214 1 150 90 312 204 0
7215 1 150 88 318 208 0
7216 1 150 88 318 206 0
7217 1 152 88 318 206 0
7218 1 152 90 316 204 0
7219 1 152 98 324 212 0
7220 1 150 98 320 212 0
7221 1 152 102 324 216 0
7222 1 150 104 322 214 0
7223 1 154 104 322 214 0
7224 1 152 102 324 216 0
7225 1 150 104 322 214 0
7226 1 148 104 318 214 0
7227 1 146 104 322 214 0
7228 1 146 102 322 216 0
7229 1 146 100 320 212 0
7230 1 148 102 318 214 0
7231 1 148 100 316 212 0
7232 1 146 102 314 214 0
7233 1 144 100 312 212 0
7234 1 155 100 311 210 0
7235 1 150 98 306 208 0
7236 1 169 93 325 203 0
7237 1 157 94 315 204 0
7238 1 171 97 329 207 0
7239 1 151 89 309 199 0
7240 1 152 89 310 199 0
7241 1 159 94 317 204 0
7242 1 157 84 315 194 0
7243 1 166 90 324 200 0
7244 1 119 77 292 202 0
7245 1 108 74 308 197 0
7246 1 108 74 303 193 0
7247 1 108 74 285 190 0
7248 1 106 74 297 184 0
7249 1 106 74 311 184 0
7250 1 106 74 310 184 0
7251 1 106 74 306 184 0
7252 1 106 74 305 184 0
7253 1 106 74 306 184 0
7254 1 106 76 302 186 0
7255 1 106 76 300 186 0
7256 1 107 77 299 187 0
7257 1 108 78 298 188 0
7258 1 109 79 297 190 0
7259 1 110 80 296 191 0
7260 1 110 81 294 192 0
7261 1 111 82 293 193 0
7262 1 112 83 292 195 0
7263 1 113 84 291 196 0
7264 1 114 85 290 197 0
7265 1 114 86 288 198 0
7266 1 115 87 287 200 0
7267 1 116 88 286 201 0
7268 1 117 89 285 202 0
7269 1 118 90 284 204 0
7270 1 120 94 286 208 0
7271 1 114 96 282 208 0
7272 1 114 102 282 210 0
7273 1 118 106 312 214 0
7274 1 114 108 302 212 0
7275 1 116 116 305 220 0
7276 1 118 122 324 226 0
7277 1 120 124 311 228 0
7278 1 118 136 308 238 0
7279 1 118 146 325 246 0
7280 1 120 150 325 250 0
7281 1 118 164 323 270 0
7282 1 118 174 299 288 0
7283 1 116 178 295 286 0
7284 1 145 195 297 313 0
7285 1 114 214 306 332 0
7286 1 108 222 303 328 0
7287 1 100 246 285 366 0
7288 1 108 266 272 390 0
7289 1 108 280 276 402 0
7290 1 86 282 266 406 0
7291 1 78 318 258 444 0
7292 1 74 318 258 438 0
7293 1 70 336 242 456 0
7294 1 68 372 236 492 0
7295 1 72 382 240 510 0
7296 1 46 388 233 514 0
7297 1 36 408 230 512 0
7298 1 40 408 232 535 0
7299 1 34 434 221 550 0
7300 1 22 444 207 558 0
7301 1 22 438 212 565 0
7302 1 6 456 198 584 0
7303 1 2 466 202 596 0
7304 1 0 462 194 595 0
7305 1 0 476 194 600 0
7306 1 0 476 190 608 0
7307 1 0 476 187 616 0
7308 1 0 476 183 623 0
7309 1 0 476 179 631 0
7310 1 0 476 176 639 0
7311 1 8 508 164 622 0
7312 1 6 510 162 624 0
7313 1 6 512 162 626 0
7314 1 4 514 162 628 0
7315 1 4 516 162 630 0
7316 1 4 516 162 630 0
7317 1 4 518 162 632 0
7318 1 2 518 162 632 0
7319 1 0 520 160 634 0
7320 1 0 520 162 634 0
7321 1 0 521 161 635 0
7322 1 0 522 161 636 0
7323 1 1 524 161 639 0
7324 1 1 525 161 640 0
7325 1 2 527 162 643 0
7326 1 2 528 161 644 0
7327 1 2 529 161 645 0
7328 1 3 531 161 648 0
7329 1 3 532 161 649 0
7330 1 4 534 162 652 0
7331 1 2 534 158 652 0
7332 1 4 534 160 654 0
7333 1 4 536 158 656 0
7334 1 4 536 158 656 0
7335 1 8 536 162 654 0
7336 1 6 534 162 654 0
7337 1 6 538 162 656 0
7338 1 8 538 164 656 0
7339 1 6 538 162 656 0
7340 1 6 538 160 654 0
7341 1 8 538 160 654 0
7342 1 6 538 160 654 0
7343 1 4 538 160 654 0
7344 1 6 538 162 652 0
7345 1 6 538 160 652 0
7346 1 6 536 160 652 0
7347 1 4 540 160 654 0
7348 1 4 540 162 654 0
7349 1 4 540 162 654 0
7350 1 4 538 162 654 0
7351 1 0 536 162 656 0
7352 1 0 536 162 656 0
7353 1 0 536 162 658 0
7354 1 4 538 162 658 0
7355 1 2 536 160 656 0
7356 1 6 540 162 656 0
7357 1 2 540 162 656 0
7358 1 2 540 160 656 0
7359 1 4 540 160 656 0
7360 1 4 542 164 658 0
7361 1 2 542 162 658 0
7362 1 0 542 162 660 0
7363 1 0 540 162 660 0
7364 1 2 538 164 660 0
7365 1 0 538 162 660 0
7366 1 2 536 162 660 0
7367 1 0 536 162 658 0
7368 1 0 534 162 660 0
7369 1 0 534 162 660 0
7370 1 0 532 164 658 0
7371 1 0 532 166 658 0
7372 1 0 532 166 656 0
7373 1 0 530 164 658 0
7374 1 2 532 164 658 0
7375 1 2 532 166 658 0
7376 1 2 532 166 656 0
7377 1 2 532 166 658 0
7378 1 2 530 166 656 0
7379 1 0 534 166 658 0
7380 1 0 534 168 658 0
7381 1 0 534 167 657 0
7382 1 0 534 167 657 0
7383 1 0 534 167 657 0
7384 1 0 534 166 657 0
7385 1 0 535 166 658 0
7386 1 0 535 166 658 0
7387 1 0 535 165 658 0
7388 1 0 535 165 658 0
7389 1 1 536 166 659 0
7390 1 1 536 165 658 0
7391 1 1 536 165 658 0
7392 1 1 536 165 658 0
7393 1 1 536 164 658 0
7394 1 1 537 164 659 0
7395 1 1 537 164 659 0
7396 1 1 537 163 659 0
7397 1 1 537 163 659 0
7398 1 2 538 164 660 0
7399 1 0 538 162 662 0
7400 1 0 538 162 662 0
7401 1 0 538 164 662 0
7402 1 0 538 164 662 0
7403 1 2 538 164 662 0
7404 1 0 538 162 660 0
7405 1 0 540 164 664 0
7406 1 0 538 164 660 0
7407 1 0 540 164 662 0
7408 1 0 538 164 662 0
7409 1 0 538 164 662 0
7410 1 2 540 160 660 0
7411 1 2 540 162 660 0
7412 1 2 540 162 660 0
7413 1 2 540 162 660 0
7414 1 2 540 162 660 0
7415 1 2 540 162 660 0
7416 1 2 540 162 660 0
7417 1 4 542 162 660 0
7418 1 4 542 162 660 0
7419 1 2 542 158 660 0
7420 1 2 540 160 660 0
7421 1 0 540 160 660 0
7422 1 0 520 156 659 0
7423 1 0 520 156 658 0
7424 1 0 520 155 658 0
7425 1 0 520 154 658 0
7426 1 0 520 153 658 0
7427 1 0 520 153 658 0
7428 1 0 520 152 658 0
7429 1 0 520 151 657 0
7430 1 0 520 150 657 0
7431 1 0 520 150 657 0
7432 1 0 520 149 657 0
7433 1 0 520 148 657 0
7434 1 0 520 147 657 0
7435 1 0 520 147 656 0
7436 1 0 520 146 656 0
7437 1 0 520 145 656 0
7438 1 0 521 145 657 0
7439 1 0 521 144 657 0
7440 1 0 521 143 657 0
7441 1 0 521 142 656 0
7442 1 0 521 142 656 0
7443 1 0 521 141 656 0
7444 1 0 521 140 656 0
7445 1 0 521 139 656 0
7446 1 0 521 139 656 0
7447 1 0 521 138 655 0
7448 1 0 521 137 655 0
7449 1 0 521 136 655 0
7450 1 0 521 136 655 0
7451 1 0 521 135 655 0
7452 1 0 521 134 655 0
7453 1 0 522 134 656 0
7454 1 4 542 158 662 0
7455 1 4 542 158 660 0
7456 1 4 542 158 656 0
7457 1 0 520 134 650 0
7458 1 0 520 134 650 0
7459 1 0 520 134 650 0
7460 1 0 520 134 652 0
7461 1 0 520 134 652 0
7462 1 0 520 147 666 0
7463 1 0 520 146 666 0
7464 1 0 520 145 665 0
7465 1 0 520 144 664 0
7466 1 0 520 144 663 0
7467 1 0 520 143 663 0
7468 1 0 520 142 662 0
7469 1 0 520 141 661 0
7470 1 0 520 140 661 0
7471 1 0 520 139 660 0
7472 1 0 520 138 659 0
7473 1 0 520 137 658 0
7474 1 0 520 136 658 0
7475 1 0 520 136 657 0
7476 1 0 520 135 656 0
7477 1 0 520 134 655 0
7478 1 0 520 133 655 0
7479 1 0 520 133 653 0
7480 1 0 520 133 652 0
7481 1 0 520 131 652 0
7482 1 0 520 130 651 0
7483 1 0 520 128 651 0
7484 1 0 520 126 651 0
7485 1 0 520 125 650 0
7486 1 0 520 123 650 0
7487 1 0 520 121 650 0
7488 1 0 520 120 650 0
7489 1 0 520 115 650 0
7490 1 0 520 111 650 0
7491 1 0 520 107 650 0
7492 1 0 520 107 650 0
7493 1 0 520 104 655 0
7494 1 0 520 100 660 0
7495 1 1 523 97 659 0
7496 1 2 526 94 658 0
7497 1 10 524 100 656 0
7498 1 5 518 109 650 0
7499 1 11 518 113 650 0
7500 1 5 510 125 642 0
7501 1 3 504 137 638 0
7502 1 7 502 143 636 0
7503 1 3 474 179 612 0
7504 1 24 456 192 592 0
7505 1 18 452 184 586 0
7506 1 38 434 198 594 0
7507 1 48 424 206 578 0
7508 1 60 418 214 556 0
7509 1 72 410 222 550 0
7510 1 84 398 230 542 0
7511 1 96 394 238 538 0
7512 1 78 378 249 536 0
7513 1 114 364 267 508 0
7514 1 124 362 267 515 0
7515 1 140 352 298 504 0
7516 1 164 340 324 494 0
7517 1 174 344 336 500 0
7518 1 202 332 364 490 0
7519 1 228 330 382 470 0
7520 1 232 336 386 464 0
7521 1 248 314 402 438 0
7522 1 258 312 414 438 0
7523 1 250 308 404 432 0
7524 1 264 306 424 436 0
7525 1 262 304 422 432 0
7526 1 262 302 422 432 0
7527 1 260 298 422 432 0
7528 1 256 298 414 428 0
7529 1 254 300 414 426 0
7530 1 244 294 404 432 0
7531 1 238 298 396 432 0
7532 1 242 300 398 432 0
7533 1 230 304 388 436 0
7534 1 224 310 384 438 0
7535 1 224 312 384 440 0
7536 1 214 316 368 440 0
7537 1 208 318 364 442 0
7538 1 210 320 358 434 0
7539 1 202 334 358 460 0
7540 1 196 336 358 462 0
7541 1 200 334 360 462 0
7542 1 194 336 354 468 0
7543 1 190 338 352 466 0
7544 1 190 340 354 468 0
7545 1 182 348 342 470 0
7546 1 176 354 336 468 0
7547 1 176 352 336 470 0
7548 1 170 354 330 472 0
7549 1 164 358 324 476 0
7550 1 162 370 328 500 0
7551 1 160 378 316 508 0
7552 1 154 382 314 510 0
7553 1 156 380 312 512 0
7554 1 152 388 312 516 0
7555 1 148 392 308 520 0
7556 1 146 406 314 534 0
7557 1 144 410 312 540 0
7558 1 142 416 304 544 0
7559 1 140 416 306 540 0
7560 1 136 426 302 548 0
7561 1 130 428 296 550 0
7562 1 126 428 292 550 0
7563 1 114 422 267 555 0
7564 1 104 420 269 555 0
7565 1 102 422 267 561 0
7566 1 94 422 267 569 0
7567 1 86 424 257 576 0
7568 1 82 424 247 567 0
7569 1 74 424 249 569 0
7570 1 66 424 247 580 0
7571 1 76 452 238 576 0
7572 1 68 452 230 578 0
7573 1 58 452 222 578 0
7574 1 54 452 218 578 0
7575 1 32 452 200 584 0
7576 1 22 452 194 584 0
7577 1 18 452 190 584 0
7578 1 8 452 182 584 0
7579 1 14 445 184 587 0
7580 1 14 445 171 595 0
7581 1 14 445 159 604 0
7582 1 13 445 147 610 0
7583 1 12 445 135 617 0
7584 1 8 448 114 623 0
7585 1 4 450 93 629 0
7586 1 12 445 84 627 0
7587 1 0 451 72 633 0
7588 1 0 451 52 641 0
7614 1 0 434 42 588 0
7615 1 0 434 57 599 0
7616 1 0 434 71 609 0
7617 1 0 434 100 597 0
7618 1 0 434 104 597 0
7619 1 0 434 107 597 0
7620 1 9 425 116 588 0
7621 1 17 416 124 579 0
7622 1 26 407 133 570 0
7623 1 18 419 153 559 0
7624 1 10 430 172 548 0
7625 1 4 424 174 550 0
7626 1 6 412 176 546 0
7627 1 6 404 176 542 0
7628 1 2 402 174 542 0
7629 1 6 400 178 540 0
7630 1 10 400 180 540 0
7631 1 10 400 180 540 0
7632 1 12 398 182 538 0
7633 1 14 386 198 518 0
7634 1 12 384 176 508 0
7635 1 14 382 176 508 0
7636 1 16 380 176 502 0
7637 1 18 380 178 498 0
7638 1 20 380 172 498 0
7639 1 16 378 172 498 0
7640 1 12 376 168 502 0
7641 1 12 370 166 504 0
7642 1 6 376 166 500 0
7643 1 2 374 166 498 0
7644 1 0 376 158 498 0
7645 1 0 376 154 494 0
7646 1 0 374 152 492 0
7647 1 0 364 142 496 0
7648 1 0 364 145 496 0
7649 1 0 364 148 496 0
7650 1 0 361 135 486 0
7651 1 0 358 122 476 0
7652 1 0 360 120 476 0
7653 1 0 360 118 474 0
7654 1 0 352 110 470 0
7655 1 0 350 108 470 0
7656 1 0 346 106 464 0
7657 1 2 346 106 464 0
7658 1 0 344 104 462 0
7659 1 2 342 104 456 0
7660 1 4 336 108 452 0
7661 1 2 336 108 454 0
7662 1 6 320 116 434 0
7663 1 8 322 124 436 0
7664 1 4 314 126 434 0
7665 1 4 298 136 428 0
7666 1 2 286 142 418 0
7667 1 4 294 154 418 0
7668 1 10 278 160 392 0
7669 1 8 274 168 390 0
7670 1 4 272 168 394 0
7671 1 16 260 174 384 0
7672 1 18 252 180 376 0
7673 1 12 254 176 380 0
7674 1 16 236 178 360 0
7675 1 14 230 178 352 0
7676 1 12 230 178 354 0
7677 1 18 220 180 344 0
7678 1 12 220 176 344 0
7679 1 10 220 176 346 0
7680 1 6 208 168 328 0
7681 1 4 208 162 326 0
7682 1 4 206 162 328 0
7683 1 2 200 160 324 0
7684 1 2 194 158 318 0
7685 1 2 194 160 320 0
7686 1 0 194 160 318 0
7687 1 0 194 157 317 0
7688 1 0 194 154 316 0
7689 1 0 194 151 316 0
7690 1 0 194 148 315 0
7691 1 0 194 148 312 0
7692 1 0 194 147 309 0
7693 1 0 194 146 305 0
7694 1 0 194 145 302 0
7695 1 0 194 144 299 0
7696 1 0 194 143 296 0
7697 1 0 194 143 296 0
7698 1 0 194 143 297 0
7699 1 0 194 143 297 0
7700 1 0 194 143 298 0
7701 1 0 194 143 299 0
7702 1 0 194 143 299 0
7703 1 0 194 143 300 0
7704 1 0 194 143 300 0
7705 1 0 194 143 301 0
7706 1 0 194 143 301 0
7707 1 0 194 143 302 0
7708 1 0 194 143 303 0
7709 1 0 194 143 303 0
7710 1 0 194 143 304 0
7711 1 0 194 143 304 0
7712 1 0 194 143 305 0
7713 1 0 194 143 305 0
7714 1 0 194 143 306 0
7715 1 0 194 143 307 0
7716 1 0 194 143 307 0
7717 1 0 194 143 308 0
7718 1 0 194 143 308 0
7719 1 0 194 143 309 0
7720 1 0 194 143 310 0
7721 1 0 194 143 310 0
7722 1 0 194 143 311 0
7723 1 0 194 143 311 0
7724 1 0 194 143 312 0
7725 1 0 194 143 312 0
7726 1 0 194 143 313 0
7727 1 0 194 143 314 0
7728 1 0 194 143 314 0
7729 1 0 194 143 315 0
7730 1 0 194 143 315 0
7731 1 0 194 143 316 0
7732 1 0 194 143 317 0
7733 1 0 194 143 317 0
7734 1 0 194 143 318 0
7735 1 0 194 142 320 0
7736 1 0 194 141 322 0
7737 1 0 194 140 324 0
7738 1 0 194 139 326 0
7739 1 0 194 138 329 0
7740 1 0 194 137 331 0
7741 1 0 194 136 333 0
7742 1 0 194 135 335 0
7743 1 0 194 134 337 0
7744 1 0 194 135 340 0
7745 1 0 194 135 344 0
7746 1 0 194 136 347 0
7747 1 0 194 137 350 0
7748 1 0 194 137 353 0
7749 1 0 194 138 357 0
7750 1 0 194 139 360 0
7751 1 0 194 139 363 0
7752 1 0 194 139 363 0
7753 1 0 194 138 363 0
7754 1 0 194 138 363 0
7755 1 0 194 137 363 0
7756 1 0 194 137 363 0
7757 1 0 194 136 363 0
7758 1 0 194 136 363 0
7759 1 0 194 135 363 0
7760 1 0 194 134 363 0
7761 1 0 194 134 363 0
7762 1 0 194 133 363 0
7763 1 0 194 133 363 0
7764 1 0 194 132 363 0
7765 1 0 194 132 363 0
7766 1 0 194 131 363 0
7767 1 0 194 131 363 0
7768 1 0 194 130 363 0
7769 1 0 194 130 363 0
7770 1 0 194 129 363 0
7771 1 0 194 129 363 0
7772 1 0 194 128 363 0
7773 1 0 194 127 363 0
7774 1 0 194 127 363 0
7775 1 0 194 126 363 0
7776 1 0 194 126 363 0
7777 1 0 194 125 363 0
7778 1 0 194 125 363 0
7779 1 0 194 124 363 0
7780 1 0 194 124 363 0
7781 1 0 194 123 363 0
7782 1 0 194 121 363 0
7783 1 0 194 120 363 0
7784 1 0 194 119 363 0
7785 1 0 194 118 363 0
7786 1 0 194 117 363 0
7787 1 0 194 116 363 0
7788 1 0 194 115 363 0
7789 1 0 194 114 363 0
7790 1 0 194 112 363 0
7791 1 0 194 111 363 0
7792 1 0 194 110 363 0
7793 1 0 194 109 363 0
7794 1 0 194 108 363 0
7795 1 0 194 107 363 0
7796 1 0 195 107 363 0
7797 1 0 196 107 362 0
7798 1 0 198 107 363 0
7799 1 0 199 107 362 0
7800 1 0 201 107 363 0
7801 1 0 202 107 362 0
7802 1 0 204 107 363 0
7803 1 0 205 107 362 0
7804 1 0 207 107 363 0
7805 1 0 208 107 363 0
7806 1 0 210 107 363 0
7807 1 0 210 108 363 0
7808 1 0 211 109 364 0
7809 1 0 211 110 364 0
7810 1 0 211 110 364 0
7811 1 0 212 111 365 0
7812 1 0 212 112 365 0
7813 1 0 213 113 366 0
7814 1 0 213 114 366 0
7815 1 0 213 115 366 0
7816 1 0 214 116 367 0
7817 1 0 214 117 367 0
7818 1 0 214 118 367 0
7819 1 0 215 119 368 0
7820 1 0 215 119 368 0
7821 1 0 216 120 369 0
7822 1 0 216 121 369 0
7823 1 0 216 122 369 0
7824 1 0 217 123 370 0
7825 1 0 217 124 370 0
7826 1 0 218 125 371 0
7827 1 0 217 124 371 0
7828 1 0 217 124 372 0
7829 1 0 217 124 372 0
7830 1 0 217 123 373 0
7831 1 0 217 123 374 0
7832 1 0 216 122 373 0
7833 1 0 216 122 374 0
7834 1 0 216 121 374 0
7835 1 0 216 121 375 0
7836 1 0 216 120 376 0
7837 1 0 215 120 375 0
7838 1 0 215 119 376 0
7839 1 0 215 119 377 0
7840 1 0 215 118 377 0
7841 1 0 215 118 378 0
7842 1 0 214 117 377 0
7843 1 0 214 117 378 0
7844 1 0 214 117 379 0
7845 1 0 214 116 379 0
7846 1 0 214 116 380 0
7847 1 0 213 115 380 0
7848 1 0 213 115 380 0
7849 1 0 213 114 381 0
7850 1 0 213 114 381 0
7851 1 0 213 113 382 0
7852 1 0 212 113 382 0
7853 1 0 212 112 382 0
7854 1 0 212 112 383 0
7855 1 0 212 111 384 0
7856 1 0 212 111 384 0
7857 1 0 211 111 384 0
7858 1 0 211 110 384 0
7859 1 0 211 110 385 0
7860 1 0 211 109 386 0
7861 1 0 211 109 386 0
7862 1 0 210 108 386 0
7863 1 0 210 108 387 0
7864 1 0 210 107 387 0
7865 1 0 210 107 388 0
7866 1 0 210 106 387 0
7867 1 0 210 105 387 0
7868 1 0 211 104 387 0
7869 1 0 211 104 387 0
7870 1 0 212 103 388 0
7871 1 0 212 102 387 0
7872 1 0 212 101 387 0
7873 1 0 213 100 387 0
7874 1 0 213 100 387 0
7875 1 0 213 99 386 0
7876 1 0 214 98 387 0
7877 1 0 214 97 387 0
7878 1 0 215 96 387 0
7879 1 0 215 96 387 0
7880 1 0 215 95 386 0
7881 1 0 216 94 387 0
7882 1 0 216 93 386 0
7883 1 0 216 92 386 0
7884 1 0 217 92 386 0
7885 1 0 217 91 386 0
7886 1 0 218 90 387 0
7887 1 0 218 89 386 0
7888 1 0 218 88 386 0
7889 1 0 219 90 386 0
7890 1 0 219 92 386 0
7891 1 0 219 94 386 0
7892 1 0 220 96 387 0
7893 1 0 220 98 386 0
7894 1 0 221 99 387 0
7895 1 0 221 101 387 0
7896 1 0 221 103 387 0
7897 1 0 222 105 387 0
7898 1 0 222 107 387 0
7899 1 0 222 109 387 0
7900 1 0 223 111 388 0
7901 1 0 223 107 381 0
7902 1 0 223 102 375 0
7903 1 0 223 98 368 0
7904 1 0 223 94 362 0
7905 1 0 223 90 355 0
7906 1 0 223 88 357 0
7907 1 0 223 86 359 0
7908 1 0 223 83 360 0
7909 1 0 223 73 362 0
7910 1 0 223 63 363 0
7911 1 0 223 64 363 0
7912 1 0 223 65 363 0
7913 1 0 223 66 363 0
7914 1 0 223 67 363 0
7915 1 0 223 68 363 0
7916 1 0 223 78 371 0
7917 1 0 223 89 379 0
7918 1 0 223 89 379 0
7919 1 0 223 89 380 0
7920 1 0 223 89 380 0
7921 1 0 223 89 381 0
7922 1 0 222 89 380 0
7923 1 0 222 89 381 0
7924 1 0 222 89 381 0
7925 1 0 222 89 382 0
7926 1 0 222 90 382 0
7927 1 0 222 90 383 0
7928 1 0 222 90 383 0
7929 1 0 222 90 384 0
7930 1 0 222 90 384 0
7931 1 0 222 90 385 0
7932 1 0 222 90 385 0
7933 1 0 222 90 386 0
7934 1 0 222 90 386 0
7935 1 0 222 95 386 0
7936 1 0 222 100 387 0
7937 1 0 223 104 388 0
7938 1 0 224 104 388 0
7939 1 0 226 104 390 0
7940 1 0 228 104 391 0
7941 1 0 229 104 391 0
7942 1 0 231 104 393 0
7943 1 0 233 104 394 0
7944 1 0 235 104 395 0
7945 1 0 236 104 396 0
7946 1 0 238 104 397 0
7947 1 0 240 103 399 0
7948 1 0 241 103 399 0
7949 1 0 243 103 400 0
7950 1 0 245 103 402 0
7951 1 0 246 103 402 0
7952 1 0 248 103 404 0
7953 1 0 250 103 405 0
7954 1 0 251 103 405 0
7955 1 0 255 103 409 0
7956 1 0 259 103 413 0
7957 1 0 262 103 416 0
7958 1 0 266 103 420 0
7959 1 0 266 103 419 0
7960 1 0 266 102 418 0
7961 1 0 266 102 417 0
7962 1 0 266 101 416 0
7963 1 0 266 101 415 0
7964 1 0 266 101 414 0
7965 1 0 266 100 413 0
7966 1 0 266 100 412 0
7967 1 0 266 99 411 0
7968 1 0 266 99 410 0
7969 1 0 266 99 409 0
7970 1 0 266 98 407 0
7971 1 0 266 98 406 0
7972 1 0 266 98 405 0
7973 1 0 266 97 404 0
7974 1 0 266 97 403 0
7975 1 0 266 96 402 0
7976 1 0 266 92 399 0
7977 1 0 266 89 396 0
7978 1 0 266 85 393 0
7979 1 0 266 81 389 0
7980 1 0 266 77 386 0
7981 1 0 266 73 383 0
7982 1 0 266 69 380 0
7983 1 0 266 65 377 0
7984 1 0 266 61 373 0
7985 1 0 266 60 372 0
7986 1 0 266 58 371 0
7987 1 0 266 56 370 0
7988 1 0 266 55 368 0
7989 1 0 262 55 364 0
7990 1 0 258 55 360 0
7991 1 0 255 55 357 0
7992 1 0 251 55 353 0
7993 1 0 248 55 350 0
7994 1 0 244 55 346 0
7995 1 0 240 55 342 0
7996 1 0 237 55 339 0
7997 1 0 233 55 335 0
7998 1 0 230 55 332 0
7999 1 0 227 55 329 0
8000 1 0 224 55 326 0
8001 1 0 221 55 323 0
8002 1 0 218 55 320 0
8003 1 0 215 55 317 0
8004 1 0 212 55 314 0
8005 1 1 209 56 311 0
8006 1 1 206 56 308 0
8007 1 1 203 56 305 0
8008 1 1 203 56 305 0
8009 1 1 203 56 304 0
8010 1 1 203 56 303 0
8011 1 1 203 56 303 0
8012 1 1 203 56 302 0
8013 1 1 203 56 301 0
8014 1 1 203 56 301 0
8015 1 1 203 57 300 0
8016 1 1 203 57 299 0
8017 1 1 203 57 299 0
8018 1 1 203 57 298 0
8019 1 1 203 57 297 0
8020 1 1 203 57 297 0
8021 1 1 203 57 296 0
8022 1 1 203 56 295 0
8023 1 1 203 56 294 0
8024 1 1 203 55 293 0
8025 1 1 203 55 292 0
8026 1 1 203 54 291 0
8027 1 1 203 54 290 0
8028 1 1 203 53 289 0
8029 1 1 203 52 288 0
8030 1 1 203 52 287 0
8031 1 1 203 54 291 0
8032 1 1 203 56 296 0
8033 1 1 203 58 300 0
8034 1 1 203 60 304 0
8035 1 1 203 63 308 0
8036 1 1 203 65 313 0
8037 1 1 203 67 317 0
8038 1 1 203 69 321 0
8039 1 1 203 71 325 0
8040 1 1 203 73 330 0
8041 1 1 203 75 334 0
8042 1 1 210 72 338 0
8043 1 1 217 68 341 0
8044 1 1 224 65 345 0
8045 1 1 230 61 348 0
8046 1 1 237 58 351 0
8047 1 1 244 54 355 0
8048 1 1 251 51 359 0
8049 1 1 258 48 362 0
8050 1 1 264 44 365 0
8051 1 1 264 19 365 0
8074 1 0 271 40 376 0
8075 1 0 271 45 376 0
8076 1 0 271 50 376 0
8077 1 0 271 55 376 0
8078 1 0 271 61 376 0
8079 1 0 261 68 374 0
8080 1 0 251 76 372 0
8081 1 0 242 84 372 0
8082 1 4 238 92 372 0
8083 1 4 238 112 364 0
8084 1 0 238 110 368 0
8085 1 6 234 124 362 0
8086 1 4 236 130 366 0
8087 1 0 232 132 366 0
8088 1 0 228 134 364 0
8089 1 0 226 140 366 0
8090 1 4 234 148 364 0
8091 1 4 236 150 364 0
8092 1 4 236 154 362 0
8093 1 2 236 156 364 0
8094 1 2 236 160 366 0
8095 1 4 234 162 362 0
8096 1 4 232 162 362 0
8097 1 2 234 158 362 0
8098 1 4 236 153 360 0
8099 1 4 236 153 363 0
8100 1 4 236 153 367 0
8101 1 4 236 153 371 0
8102 1 4 236 153 375 0
8103 1 4 236 153 379 0
8104 1 4 236 153 383 0
8105 1 4 237 151 387 0
8106 1 4 238 150 391 0
8107 1 4 240 148 396 0
8108 1 4 241 146 400 0
8109 1 4 242 145 403 0
8110 1 4 244 143 408 0
8111 1 4 245 141 412 0
8112 1 4 253 141 413 0
8113 1 4 260 141 412 0
8114 1 4 268 141 412 0
8115 1 4 268 141 419 0
8116 1 4 268 141 427 0
8117 1 4 268 141 434 0
8118 1 4 270 139 434 0
8119 1 4 272 136 434 0
8120 1 4 274 134 434 0
8121 1 4 276 131 434 0
8122 1 4 278 128 434 0
8123 1 4 281 126 435 0
8124 1 4 283 123 435 0
8125 1 4 286 123 438 0
8126 1 4 289 123 440 0
8127 1 4 292 123 443 0
8128 1 4 295 123 446 0
8129 1 4 298 123 449 0
8130 1 4 301 123 451 0
8131 1 4 301 123 452 0
8132 1 4 301 123 452 0
8133 1 4 301 123 452 0
8134 1 4 301 123 452 0
8135 1 4 301 123 453 0
8136 1 4 301 123 453 0
8137 1 4 301 123 453 0
8138 1 4 301 123 453 0
8139 1 4 301 123 454 0
8140 1 4 301 123 454 0
8141 1 4 301 123 454 0
8142 1 4 301 123 454 0
8143 1 4 301 123 455 0
8144 1 4 301 123 455 0
8145 1 4 301 123 455 0
8146 1 4 301 123 455 0
8147 1 4 301 123 456 0
8148 1 4 301 123 456 0
8149 1 4 301 123 456 0
8150 1 4 301 123 456 0
8151 1 4 301 123 457 0
8152 1 4 301 123 457 0
8153 1 4 301 123 457 0
8154 1 4 301 123 457 0
8155 1 4 301 123 458 0
8156 1 4 301 123 458 0
8157 1 4 301 123 458 0
8158 1 4 301 123 458 0
8159 1 4 301 123 459 0
8160 1 4 301 123 459 0
8161 1 4 301 123 459 0
8162 1 4 301 123 459 0
8163 1 4 301 123 460 0
8164 1 4 301 123 460 0
8165 1 4 301 122 460 0
8166 1 4 301 122 460 0
8167 1 4 301 122 461 0
8168 1 4 301 122 461 0
8169 1 4 301 122 461 0
8170 1 4 301 122 461 0
8171 1 4 301 122 462 0
8172 1 4 301 122 462 0
8173 1 4 301 122 462 0
8174 1 4 301 122 462 0
8175 1 4 301 122 463 0
8176 1 4 301 122 463 0
8177 1 4 301 122 463 0
8178 1 4 301 122 463 0
8179 1 4 301 122 464 0
8180 1 4 301 122 464 0
8181 1 4 301 122 464 0
8182 1 4 301 122 464 0
8183 1 4 301 122 465 0
8184 1 4 301 122 465 0
8185 1 4 301 122 465 0
8186 1 4 301 122 465 0
8187 1 4 301 122 466 0
8188 1 4 301 122 466 0
8189 1 4 301 122 466 0
8190 1 4 301 122 466 0
8191 1 4 301 122 467 0
8192 1 4 301 122 467 0
8193 1 4 301 122 467 0
8194 1 4 301 122 469 0
8195 1 4 301 121 471 0
8196 1 4 301 121 472 0
8197 1 4 301 121 474 0
8198 1 4 301 121 476 0
8199 1 4 301 121 477 0
8200 1 4 301 121 477 0
8201 1 4 301 121 477 0
8202 1 4 302 121 477 0
8203 1 4 302 121 477 0
8204 1 4 303 121 478 0
8205 1 4 303 121 477 0
8206 1 4 303 121 477 0
8207 1 4 304 121 478 0
8208 1 4 304 121 477 0
8209 1 4 304 121 477 0
8210 1 4 305 121 478 0
8211 1 4 305 121 477 0
8212 1 4 305 121 477 0
8213 1 4 306 121 478 0
8214 1 4 306 121 477 0
8215 1 4 306 121 477 0
8216 1 4 307 121 478 0
8217 1 4 307 121 477 0
8218 1 4 307 121 477 0
8219 1 4 308 121 478 0
8220 1 4 308 121 477 0
8221 1 4 308 121 477 0
8222 1 4 309 121 478 0
8223 1 4 309 121 477 0
8224 1 4 309 121 477 0
8225 1 4 310 121 478 0
8226 1 4 310 121 477 0
8227 1 4 310 121 477 0
8228 1 4 311 121 478 0
8229 1 4 311 121 477 0
8230 1 4 311 121 477 0
8231 1 4 312 121 478 0
8232 1 4 312 121 477 0
8233 1 4 312 121 477 0
8234 1 4 313 121 478 0
8235 1 4 313 121 477 0
8236 1 4 313 121 477 0
8237 1 4 314 121 478 0
8238 1 4 314 121 477 0
8239 1 4 314 121 477 0
8240 1 4 315 121 478 0
8241 1 4 315 121 477 0
8242 1 4 315 121 477 0
8243 1 4 316 121 478 0
8244 1 4 316 121 477 0
8245 1 4 316 121 477 0
8246 1 4 316 122 478 0
8247 1 4 316 123 479 0
8248 1 4 316 124 480 0
8249 1 4 316 125 481 0
8250 1 4 316 126 482 0
8251 1 4 316 127 483 0
8252 1 4 316 128 484 0
8253 1 4 316 129 484 0
8254 1 4 316 130 485 0
8255 1 4 316 131 486 0
8256 1 4 316 132 487 0
8257 1 4 316 133 488 0
8258 1 4 316 134 489 0
8259 1 4 316 135 490 0
8260 1 4 316 136 491 0
8261 1 4 316 136 491 0
8262 1 4 316 136 491 0
8263 1 4 316 135 492 0
8264 1 4 316 135 492 0
8265 1 4 316 135 492 0
8266 1 4 316 135 492 0
8267 1 4 316 134 492 0
8268 1 4 316 134 492 0
8269 1 4 316 134 493 0
8270 1 4 316 134 493 0
8271 1 4 316 133 493 0
8272 1 4 316 133 493 0
8273 1 4 316 133 493 0
8274 1 4 316 133 493 0
8275 1 4 316 132 494 0
8276 1 4 316 132 494 0
8277 1 4 316 132 494 0
8278 1 4 316 132 494 0
8279 1 4 316 131 494 0
8280 1 4 316 131 494 0
8281 1 4 316 131 494 0
8282 1 4 316 131 495 0
8283 1 4 316 130 495 0
8284 1 4 316 130 495 0
8285 1 4 316 130 495 0
8286 1 4 316 130 495 0
8287 1 4 316 129 495 0
8288 1 4 316 129 496 0
8289 1 4 316 129 496 0
8290 1 4 316 129 496 0
8291 1 4 316 128 496 0
8292 1 4 316 128 496 0
8293 1 4 316 128 496 0
8294 1 4 316 128 497 0
8295 1 4 316 127 497 0
8296 1 4 316 127 497 0
8297 1 4 316 127 497 0
8298 1 4 316 127 497 0
8299 1 4 316 126 497 0
8300 1 4 316 126 498 0
8301 1 4 316 126 498 0
8302 1 4 317 126 498 0
8303 1 4 317 126 498 0
8304 1 4 318 126 498 0
8305 1 4 318 126 498 0
8306 1 4 319 126 498 0
8307 1 4 319 126 498 0
8308 1 4 320 126 499 0
8309 1 4 320 126 498 0
8310 1 4 320 126 498 0
8311 1 4 321 126 498 0
8312 1 4 321 126 498 0
8313 1 4 322 126 498 0
8314 1 4 322 126 498 0
8315 1 4 323 126 498 0
8316 1 4 323 126 498 0
8317 1 4 324 126 499 0
8318 1 4 324 126 498 0
8319 1 4 324 126 498 0
8320 1 4 325 126 498 0
8321 1 4 325 126 498 0
8322 1 4 326 126 498 0
8323 1 4 326 126 498 0
8324 1 4 327 126 498 0
8325 1 4 327 126 498 0
8326 1 4 328 126 499 0
8327 1 4 328 126 498 0
8328 1 4 328 126 498 0
8329 1 4 329 126 498 0
8330 1 4 329 126 498 0
8331 1 4 330 126 498 0
8332 1 4 330 126 498 0
8333 1 4 331 126 498 0
8334 1 4 331 126 498 0
8335 1 4 332 126 499 0
8336 1 4 332 126 498 0
8337 1 4 332 126 498 0
8338 1 4 333 126 498 0
8339 1 4 333 126 498 0
8340 1 4 334 125 498 0
8341 1 4 334 125 498 0
8342 1 4 335 125 498 0
8343 1 4 335 124 498 0
8344 1 4 336 124 498 0
8345 1 4 336 123 498 0
8346 1 4 337 123 498 0
8347 1 4 337 123 498 0
8348 1 4 338 122 498 0
8349 1 4 338 122 498 0
8350 1 4 339 121 498 0
8351 1 4 340 121 499 0
8352 1 4 340 120 498 0
8353 1 4 341 120 499 0
8354 1 4 341 120 498 0
8355 1 4 342 119 498 0
8356 1 4 342 119 498 0
8357 1 4 343 118 498 0
8358 1 4 343 118 498 0
8359 1 4 344 118 498 0
8360 1 4 344 117 498 0
8361 1 4 345 117 498 0
8362 1 4 345 116 498 0
8363 1 4 346 116 498 0
8364 1 4 346 115 498 0
8365 1 4 347 115 498 0
8366 1 4 347 115 498 0
8367 1 4 348 114 498 0
8368 1 4 348 114 498 0
8369 1 4 349 113 498 0
8370 1 4 349 113 498 0
8371 1 4 350 113 498 0
8372 1 4 350 112 498 0
8373 1 4 351 112 498 0
8374 1 4 351 111 498 0
8375 1 4 352 111 498 0
8376 1 4 352 111 498 0
8377 1 4 353 110 498 0
8378 1 4 353 110 498 0
8379 1 4 354 109 498 0
8380 1 4 354 109 498 0
8381 1 4 355 108 498 0
8382 1 4 356 108 499 0
8383 1 4 356 108 498 0
8384 1 4 357 107 499 0
8385 1 4 357 107 498 0
8386 1 4 358 106 498 0
8387 1 4 358 106 498 0
8388 1 4 359 106 498 0
8389 1 4 359 105 498 0
8390 1 4 360 105 498 0
8391 1 4 360 104 498 0
8392 1 4 361 104 498 0
8393 1 4 361 104 498 0
8394 1 4 362 103 498 0
8395 1 4 362 103 498 0
8396 1 4 363 102 498 0
8397 1 4 363 102 498 0
8398 1 4 364 101 498 0
8399 1 4 364 101 498 0
8400 1 4 365 101 498 0
8401 1 4 365 100 498 0
8402 1 4 366 100 498 0
8403 1 4 366 106 509 0
8404 1 4 371 93 508 0
8405 1 4 377 80 508 0
8406 1 4 383 67 509 0
8407 1 4 383 74 516 0
8408 1 4 383 82 523 0
8409 1 4 383 76 523 0
8410 1 4 383 71 523 0
8411 1 4 383 79 523 0
8412 1 4 383 87 523 0
8413 1 4 383 95 523 0
8414 1 4 383 96 529 0
8415 1 4 383 98 535 0
8416 1 4 383 100 541 0
8417 1 4 383 100 543 0
8418 1 4 383 101 544 0
8419 1 4 383 101 546 0
8420 1 4 383 102 547 0
8421 1 4 383 103 549 0
8422 1 4 383 103 550 0
8423 1 4 383 104 552 0
8424 1 4 383 101 559 0
8425 1 4 383 98 566 0
8426 1 4 383 96 574 0
8427 1 4 389 88 573 0
8428 1 4 396 80 574 0
8429 1 4 401 81 573 0
8430 1 4 407 82 573 0
8431 1 4 413 83 574 0
8432 1 4 418 76 577 0
8433 1 3 423 68 580 0
8434 1 3 428 61 582 0
8435 1 3 430 61 583 0
8436 1 3 431 62 583 0
8437 1 3 432 62 582 0
8438 1 3 434 62 583 0
8439 1 3 435 62 583 0
8440 1 3 440 60 582 0
8441 1 3 446 57 583 0
8442 1 3 452 55 583 0
8443 1 3 451 55 583 0
8444 1 3 451 55 584 0
8445 1 3 451 55 585 0
8446 1 3 450 56 585 0
8447 1 3 450 56 586 0
8448 1 3 450 56 587 0
8449 1 3 449 57 587 0
8450 1 3 449 57 588 0
8451 1 3 449 57 589 0
8452 1 3 448 57 589 0
8453 1 3 448 58 590 0
8454 1 3 448 58 591 0
8455 1 3 447 58 591 0
8456 1 3 447 59 592 0
8457 1 3 447 59 593 0
8458 1 3 446 59 593 0
8459 1 3 446 60 594 0
8460 1 3 445 60 594 0
8461 1 3 445 60 595 0
8462 1 3 445 60 595 0
8463 1 3 444 61 595 0
8464 1 3 444 61 596 0
8465 1 3 444 61 597 0
8466 1 3 443 62 597 0
8467 1 3 443 62 598 0
8468 1 3 443 62 599 0
8469 1 3 442 62 599 0
8470 1 3 442 63 600 0
8471 1 3 442 63 601 0
8472 1 3 441 63 601 0
8473 1 3 441 64 602 0
8474 1 3 441 63 602 0
8475 1 3 440 63 600 0
8476 1 3 440 63 600 0
8477 1 3 440 62 600 0
8478 1 3 439 62 598 0
8479 1 3 439 62 598 0
8480 1 3 438 61 596 0
8481 1 3 438 61 596 0
8482 1 3 438 61 595 0
8483 1 3 437 61 594 0
8484 1 3 437 60 593 0
8485 1 3 437 60 593 0
8486 1 3 436 60 592 0
8487 1 3 436 59 591 0
8488 1 3 436 59 591 0
8489 1 3 435 59 589 0
8490 1 3 435 58 589 0
8491 1 3 435 58 588 0
8492 1 3 434 58 587 0
8493 1 3 434 57 587 0
8494 1 3 434 57 586 0
8495 1 3 433 57 585 0
8496 1 3 433 56 584 0
8497 1 3 433 56 584 0
8498 1 3 432 56 582 0
8499 1 3 426 64 582 0
8500 1 3 421 71 583 0
8501 1 3 421 71 580 0
8502 1 3 421 71 577 0
8503 1 3 421 71 574 0
8504 1 3 421 71 571 0
8505 1 3 421 71 568 0
8506 1 3 421 71 565 0
8507 1 3 421 71 562 0
8508 1 3 421 71 558 0
8509 1 3 421 70 556 0
8510 1 3 421 68 553 0
8511 1 3 421 67 551 0
8512 1 3 421 65 548 0
8513 1 3 421 77 548 0
8514 1 3 421 88 548 0
8515 1 3 421 88 546 0
8516 1 3 421 88 544 0
8517 1 3 421 88 542 0
8518 1 3 421 88 540 0
8519 1 3 421 88 539 0
8520 1 3 421 88 537 0
8521 1 3 421 88 535 0
8522 1 3 421 88 533 0
8523 1 3 421 88 531 0
8524 1 3 418 89 529 0
8525 1 3 416 90 528 0
8526 1 3 413 90 527 0
8527 1 3 411 91 526 0
8528 1 3 408 92 524 0
8529 1 3 406 92 523 0
8530 1 3 403 93 521 0
8531 1 3 401 94 520 0
8532 1 3 398 94 519 0
8533 1 3 396 95 518 0
8534 1 3 396 94 519 0
8535 1 3 396 93 520 0
8536 1 3 396 92 521 0
8537 1 3 396 91 522 0
8538 1 3 396 90 523 0
8539 1 3 396 89 524 0
8540 1 3 396 88 526 0
8541 1 3 396 87 527 0
8542 1 3 396 86 528 0
8543 1 3 396 85 529 0
8544 1 3 396 84 530 0
8545 1 3 396 83 531 0
8546 1 3 396 82 532 0
8547 1 3 399 80 532 0
8548 1 3 402 77 532 0
8549 1 3 404 75 532 0
8550 1 3 407 73 532 0
8551 1 3 410 70 532 0
8552 1 3 413 68 532 0
8553 1 3 416 65 532 0
8554 1 3 419 63 532 0
8555 1 3 422 61 532 0
8556 1 3 424 58 531 0
8557 1 3 424 58 545 0
8558 1 3 424 58 558 0
8559 1 3 426 58 558 0
8560 1 3 427 58 558 0
8561 1 3 428 57 558 0
8562 1 3 430 57 558 0
8563 1 3 431 57 558 0
8564 1 3 432 57 558 0
8565 1 3 434 56 558 0
8566 1 3 435 56 558 0
8567 1 3 437 55 558 0
8568 1 3 439 53 557 0
8569 1 3 442 52 558 0
8570 1 3 444 51 558 0
8571 1 3 447 49 558 0
8572 1 2 447 49 566 0
8573 1 1 447 49 573 0
8574 1 1 447 49 581 0
8575 1 0 447 49 588 0
8576 1 0 447 47 588 0
8577 1 0 447 46 588 0
8578 1 0 447 44 588 0
8579 1 0 447 43 588 0
8580 1 0 447 41 588 0
8581 1 0 447 39 588 0
8582 1 0 447 38 588 0
8764 1 0 388 35 490 0
8765 1 0 388 35 487 0
8766 1 0 388 35 483 0
8767 1 0 388 35 480 0
8768 1 0 388 35 476 0
8769 1 0 365 48 469 0
8770 1 0 342 62 463 0
8771 1 0 342 64 459 0
8772 1 0 342 66 455 0
8773 1 0 342 67 452 0
8774 1 0 342 69 448 0
8775 1 0 342 71 444 0
8776 1 0 342 74 442 0
8777 1 0 342 76 439 0
8778 1 0 319 91 438 0
8779 1 0 296 106 437 0
8780 1 0 292 84 432 0
8781 1 0 274 84 408 0
8782 1 0 274 86 408 0
8783 1 0 278 88 408 0
8784 1 0 278 88 406 0
8785 1 0 272 90 404 0
8786 1 0 272 92 404 0
8787 1 2 270 94 404 0
8788 1 2 266 94 400 0
8789 1 2 270 96 398 0
8790 1 0 276 110 394 0
8791 1 0 274 110 388 0
8792 1 0 276 110 390 0
8793 1 0 274 112 390 0
8794 1 0 274 110 390 0
8795 1 0 274 108 390 0
8796 1 0 274 106 390 0
8797 1 0 274 104 390 0
8798 1 0 274 103 392 0
8799 1 0 274 101 394 0
8800 1 0 274 100 396 0
8801 1 0 274 98 398 0
8802 1 0 274 97 400 0
8803 1 0 274 95 402 0
8804 1 0 274 94 403 0
8805 1 0 274 92 403 0
8806 1 0 274 91 404 0
8807 1 0 274 89 404 0
8808 1 0 274 88 405 0
8809 1 0 274 86 406 0
8810 1 0 274 85 406 0
8811 1 0 274 83 407 0
8812 1 0 274 82 407 0
8813 1 0 274 81 408 0
8814 1 0 274 79 408 0
8815 1 0 274 78 409 0
8816 1 0 274 76 409 0
8817 1 0 274 75 410 0
8818 1 0 274 73 410 0
8819 1 0 274 72 411 0
8820 1 0 274 70 411 0
8821 1 0 274 67 411 0
8822 1 0 274 64 411 0
8823 1 0 274 61 411 0
8824 1 0 274 61 407 0
8825 1 0 274 61 404 0
8826 1 0 274 61 400 0
8827 1 0 274 61 396 0
8828 1 0 274 61 392 0
8829 1 0 270 61 388 0
8830 1 1 267 62 385 0
8831 1 2 263 63 381 0
8832 1 3 260 64 378 0
8833 1 3 257 64 375 0
8834 1 3 257 67 371 0
8835 1 3 257 71 368 0
8836 1 3 257 74 364 0
8837 1 3 257 77 360 0
8838 1 3 257 80 357 0
8839 1 3 256 78 356 0
8840 1 3 256 76 356 0
8841 1 3 255 74 356 0
8842 1 3 255 73 356 0
8843 1 3 255 71 357 0
8844 1 3 254 69 356 0
8845 1 3 254 67 356 0
8846 1 3 253 65 356 0
8847 1 3 253 63 356 0
8848 1 3 253 62 357 0
8849 1 3 257 61 360 0
8850 1 3 262 60 364 0
8851 1 3 267 59 368 0
8852 1 3 271 57 371 0
8853 1 3 276 56 376 0
8854 1 3 273 56 376 0
8855 1 3 269 55 376 0
8856 1 3 265 55 375 0
8857 1 3 262 54 376 0
8858 1 3 262 53 383 0
8859 1 3 262 51 389 0
8860 1 3 267 49 389 0
8861 1 3 273 47 389 0
8862 1 3 278 45 389 0
8863 1 3 283 43 388 0
8864 1 3 289 40 389 0
8865 1 3 294 38 388 0
8931 1 0 327 32 427 0
8932 1 0 327 32 427 0
8933 1 0 327 32 427 0
8934 1 0 327 32 427 0
8935 1 0 327 34 425 0
8936 1 0 327 36 423 0
8937 1 0 327 37 421 0
8938 1 0 327 39 419 0
8939 1 0 327 41 417 0
8940 1 0 327 42 415 0
8941 1 0 324 44 414 0
8942 1 0 322 46 415 0
8943 1 0 320 48 415 0
8944 1 0 317 50 414 0
8945 1 0 315 52 415 0
8946 1 0 313 53 415 0
8947 1 0 310 55 414 0
8948 1 0 308 57 415 0
8949 1 0 306 59 415 0
8950 1 0 303 61 414 0
8951 1 0 260 40 416 0
8952 1 0 260 40 416 0
8953 1 0 262 44 416 0
8954 1 0 264 42 416 0
8955 1 0 266 46 416 0
8956 1 0 268 48 412 0
8957 1 0 266 48 412 0
8958 1 0 272 52 412 0
8959 1 0 272 52 412 0
8960 1 0 272 52 412 0
8961 1 0 272 52 412 0
8962 1 0 270 52 410 0
8963 1 0 270 52 410 0
8964 1 0 270 52 410 0
8965 1 0 270 52 410 0
8966 1 0 270 50 410 0
8967 1 0 272 50 412 0
8968 1 0 272 50 412 0
8969 1 0 272 50 412 0
8970 1 0 272 50 412 0
8971 1 0 272 52 412 0
8972 1 0 272 52 412 0
8973 1 0 272 50 412 0
8974 1 0 272 50 412 0
8975 1 0 266 52 414 0
8976 1 0 266 52 414 0
8977 1 0 266 52 414 0
8978 1 0 266 52 414 0
8979 1 0 266 52 414 0
8980 1 0 266 52 414 0
8981 1 0 266 52 414 0
8982 1 0 266 52 414 0
8983 1 0 266 52 414 0
8984 1 0 266 52 414 0
8985 1 0 266 52 414 0
8986 1 0 266 52 414 0
8987 1 0 266 52 414 0
8988 1 0 266 52 414 0
8989 1 0 266 52 414 0
8990 1 0 266 52 414 0
8991 1 0 266 52 414 0
8992 1 0 266 52 414 0
8993 1 0 266 52 414 0
8994 1 0 266 52 414 0
8995 1 0 266 52 414 0
8996 1 0 266 52 414 0
8997 1 0 266 52 414 0
8998 1 0 266 52 414 0
8999 1 0 266 52 414 0
