0 1 1198 741 1352 934 0
1 1 1206 740 1358 918 0
2 1 1204 732 1352 910 0
3 1 1196 730 1348 908 0
4 1 1190 732 1346 935 0
5 1 1182 734 1346 937 0
6 1 1176 738 1335 934 0
7 1 1170 742 1324 930 0
8 1 1164 747 1314 927 0
9 1 1158 751 1303 924 0
10 1 1152 755 1292 920 0
11 1 1146 760 1282 918 0
12 1 1130 760 1270 924 0
13 1 1129 760 1257 898 0
14 1 1119 756 1234 903 0
15 1 1103 760 1215 903 0
16 1 1084 762 1193 902 0
17 1 1066 765 1171 902 0
18 1 1054 786 1149 908 0
19 1 1041 785 1146 907 0
20 1 1024 816 1137 932 0
21 1 1016 818 1130 938 0
22 1 1008 821 1123 944 0
23 1 1001 828 1108 939 0
24 1 993 835 1092 934 0
25 1 988 842 1090 948 0
26 1 983 849 1088 961 0
27 1 977 870 1083 971 0
28 1 972 880 1078 983 0
29 1 968 891 1073 996 0
30 1 962 890 1061 1009 0
31 1 957 889 1056 1001 0
32 1 951 889 1050 994 0
33 1 945 890 1044 1001 0
34 1 940 891 1042 1008 0
35 1 939 897 1041 1007 0
36 1 942 891 1040 1004 0
37 1 946 884 1041 999 0
38 1 950 878 1041 995 0
39 1 954 872 1042 992 0
40 1 956 870 1044 992 0
41 1 956 866 1046 990 0
42 1 956 864 1044 973 0
43 1 956 860 1048 982 0
44 1 960 862 1050 980 0
45 1 962 866 1052 984 0
46 1 962 876 1050 994 0
47 1 968 882 1056 998 0
48 1 966 884 1052 994 0
49 1 960 892 1042 992 0
50 1 954 906 1038 1010 0
51 1 950 914 1034 1018 0
52 1 948 924 1032 1028 0
53 1 944 938 1028 1040 0
54 1 944 946 1030 1048 0
55 1 944 948 1030 1050 0
56 1 946 948 1032 1048 0
57 1 948 948 1034 1048 0
58 1 950 946 1036 1046 0
59 1 941 944 1019 1044 0
60 1 936 940 1012 1040 0
61 1 924 936 1005 1036 0
62 1 921 936 1002 1036 0
63 1 914 959 1002 1040 0
64 1 911 959 994 1059 0
65 1 901 964 991 1064 0
66 1 901 960 986 1060 0
67 1 897 971 989 1063 0
68 1 901 972 989 1060 0
69 1 894 972 975 1062 0
70 1 887 976 975 1061 0
71 1 886 988 974 1071 0
72 1 878 1005 968 1078 0
73 1 870 1005 961 1078 0
74 1 862 1005 954 1077 0
75 1 861 996 954 1069 0
76 1 860 987 954 1060 0
77 1 858 950 948 1021 0
78 1 857 913 950 985 0
79 1 856 886 952 968 0
80 1 855 889 954 977 0
81 1 855 917 941 993 0
82 1 855 957 944 1036 0
83 1 858 972 948 1049 0
84 1 862 987 952 1062 0
85 1 859 972 950 1051 0
86 1 856 957 948 1040 0
87 1 856 951 941 1034 0
88 1 856 946 934 1028 0
89 1 856 940 927 1022 0
90 1 849 950 928 1030 0
91 1 859 951 926 1027 0
92 1 858 937 924 1015 0
93 1 856 922 921 1001 0
94 1 854 908 918 988 0
95 1 853 893 916 975 0
96 1 854 910 906 997 0
97 1 854 928 906 1014 0
98 1 856 946 906 1029 0
99 1 857 930 904 1013 0
100 1 859 915 903 998 0
101 1 861 899 902 981 0
102 1 863 883 901 965 0
103 1 866 886 901 968 0
104 1 872 886 907 962 0
308 1 1856 239 1879 336 0
309 1 1812 266 1850 354 0
310 1 1712 314 1776 416 0
311 1 1622 362 1663 461 0
312 1 1476 431 1537 537 0
313 1 1338 501 1411 615 0
314 1 1214 560 1299 663 0
315 1 1131 598 1207 704 0
316 1 1072 635 1139 742 0
317 1 1020 689 1081 772 0
318 1 970 710 1043 805 0
319 1 943 731 1019 825 0
320 1 905 749 1002 852 0
321 1 902 768 970 858 0
322 1 878 772 958 867 0
323 1 872 766 956 877 0
324 1 870 768 960 868 0
325 1 900 768 980 866 0
326 1 916 764 1000 864 0
327 1 928 758 1014 860 0
328 1 920 754 1004 856 0
329 1 894 752 974 850 0
330 1 883 746 959 839 0
331 1 851 746 927 853 0
332 1 825 747 902 854 0
333 1 800 749 878 856 0
334 1 776 744 857 852 0
335 1 785 739 861 848 0
336 1 795 734 866 844 0
337 1 847 729 917 836 0
338 1 899 724 968 827 0
339 1 946 705 1017 827 0
340 1 987 694 1063 810 0
341 1 986 683 1072 800 0
342 1 987 682 1048 801 0
343 1 941 681 1004 802 0
344 1 895 680 959 803 0
345 1 851 680 905 793 0
346 1 793 664 873 790 0
347 1 766 657 846 785 0
348 1 754 649 840 783 0
349 1 772 642 850 769 0
350 1 799 632 881 767 0
351 1 825 621 911 764 0
352 1 828 620 924 762 0
353 1 827 623 907 761 0
354 1 812 620 896 759 0
355 1 798 618 887 758 0
356 1 783 615 877 756 0
357 1 768 613 867 755 0
358 1 753 610 857 753 0
359 1 738 608 846 752 0
360 1 738 592 838 756 0
361 1 740 584 838 746 0
362 1 740 578 836 744 0
363 1 740 568 840 725 0
364 1 752 560 854 712 0
365 1 784 535 886 713 0
366 1 844 518 953 666 0
367 1 961 465 1045 624 0
368 1 1108 411 1186 572 0
369 1 1251 349 1364 527 0
370 1 1413 271 1529 444 0
371 1 1533 225 1635 373 0
372 1 1611 151 1745 331 0
373 1 1675 112 1795 295 0
374 1 1699 91 1815 271 0
375 1 1682 102 1804 288 0
376 1 1626 120 1746 310 0
377 1 1554 154 1653 356 0
378 1 1430 204 1552 418 0
379 1 1284 278 1414 494 0
380 1 1123 395 1236 585 0
381 1 982 448 1130 642 0
382 1 904 469 1048 652 0
383 1 890 472 1031 669 0
384 1 896 480 1031 663 0
385 1 952 450 1074 649 0
386 1 982 434 1116 638 0
387 1 996 434 1130 621 0
388 1 968 444 1113 631 0
389 1 918 454 1084 649 0
390 1 876 464 1031 691 0
391 1 883 473 1027 684 0
392 1 911 483 1071 696 0
393 1 939 493 1115 709 0
394 1 939 507 1102 719 0
395 1 939 522 1089 730 0
396 1 911 522 1077 741 0
397 1 926 522 1095 735 0
398 1 941 522 1112 730 0
399 1 956 522 1130 725 0
400 1 955 515 1123 737 0
401 1 954 508 1116 748 0
402 1 954 501 1123 723 0
403 1 985 494 1129 727 0
404 1 1074 471 1250 706 0
405 1 1205 458 1420 687 0
406 1 1392 413 1618 676 0
407 1 1519 395 1752 656 0
408 1 1714 335 1911 607 0
409 1 1820 342 1918 578 0
568 1 1844 306 1914 542 0
569 1 1682 370 1822 591 0
570 1 1505 451 1642 684 0
571 1 1374 554 1490 755 0
572 1 1233 603 1392 818 0
573 1 1155 630 1328 868 0
574 1 1126 657 1297 874 0
575 1 1098 684 1268 880 0
576 1 1091 677 1242 903 0
577 1 1077 674 1263 889 0
578 1 1067 660 1247 872 0
579 1 1060 641 1240 861 0
580 1 1088 631 1264 851 0
581 1 1116 621 1289 842 0
582 1 1166 617 1325 832 0
583 1 1209 594 1381 787 0
584 1 1252 570 1422 780 0
585 1 1295 547 1464 775 0
586 1 1338 523 1505 769 0
587 1 1382 499 1548 731 0
588 1 1425 476 1589 695 0
589 1 1461 449 1632 677 0
590 1 1497 422 1675 659 0
591 1 1532 395 1716 642 0
592 1 1568 352 1734 578 0
593 1 1604 310 1752 515 0
594 1 1608 271 1774 490 0
595 1 1639 239 1801 447 0
596 1 1675 186 1816 422 0
597 1 1694 167 1840 384 0
598 1 1712 148 1862 347 0
599 1 1731 129 1886 309 0
600 1 1756 76 1919 291 0
601 1 1788 73 1918 270 0
602 1 1788 38 1915 271 0
603 1 1802 38 1915 218 0
604 1 1802 6 1913 218 0
605 1 1802 6 1911 218 0
606 1 1808 6 1915 218 0
607 1 1814 6 1918 218 0
608 1 1820 6 1922 218 0
609 1 1824 6 1919 212 0
610 1 1829 6 1917 206 0
611 1 1834 6 1915 200 0
612 1 1830 6 1917 205 0
613 1 1825 6 1917 210 0
614 1 1821 6 1918 216 0
615 1 1830 10 1916 221 0
616 1 1839 14 1915 226 0
617 1 1848 18 1913 232 0
618 1 1855 26 1914 232 0
619 1 1862 34 1915 231 0
620 1 1864 35 1915 229 0
621 1 1865 37 1914 228 0
622 1 1867 38 1915 225 0
623 1 1868 39 1914 223 0
624 1 1870 40 1914 220 0
625 1 1872 42 1915 219 0
626 1 1873 43 1914 216 0
627 1 1875 44 1915 214 0
628 1 1877 45 1915 211 0
629 1 1869 47 1915 222 0
630 1 1861 48 1915 231 0
631 1 1853 49 1915 240 0
632 1 1845 50 1914 250 0
633 1 1837 52 1914 260 0
634 1 1837 55 1915 261 0
635 1 1837 59 1915 263 0
636 1 1836 62 1914 264 0
637 1 1836 66 1914 266 0
638 1 1836 70 1915 268 0
639 1 1836 73 1915 269 0
640 1 1823 73 1914 260 0
641 1 1821 74 1914 264 0
642 1 1819 75 1914 268 0
643 1 1817 76 1914 273 0
644 1 1815 77 1914 277 0
645 1 1817 91 1918 282 0
646 1 1824 91 1915 282 0
647 1 1830 91 1911 283 0
648 1 1834 84 1915 284 0
649 1 1837 76 1918 284 0
650 1 1833 79 1919 285 0
651 1 1828 81 1918 285 0
652 1 1823 84 1918 287 0
653 1 1820 85 1915 283 0
654 1 1816 86 1911 280 0
655 1 1813 88 1922 278 0
656 1 1798 87 1921 280 0
657 1 1813 69 1914 269 0
658 1 1793 76 1907 275 0
659 1 1774 84 1901 281 0
660 1 1724 94 1865 291 0
661 1 1668 119 1784 302 0
662 1 1600 175 1702 323 0
663 1 1520 225 1626 380 0
664 1 1439 276 1549 438 0
665 1 1359 326 1474 495 0
666 1 1278 376 1397 553 0
667 1 1198 426 1321 610 0
668 1 1117 476 1244 667 0
669 1 1062 527 1197 720 0
670 1 1007 579 1149 775 0
671 1 952 630 1101 828 0
672 1 897 682 1054 883 0
673 1 874 711 1038 912 0
674 1 852 741 1023 942 0
675 1 870 770 1035 963 0
676 1 861 773 1029 979 0
677 1 852 775 1023 993 0
678 1 854 774 1025 990 0
679 1 856 772 1026 986 0
680 1 858 771 1027 983 0
681 1 860 769 1028 980 0
682 1 862 767 1030 976 0
683 1 864 766 1031 973 0
684 1 866 764 1032 969 0
685 1 867 763 1032 966 0
686 1 869 769 1034 974 0
687 1 871 776 1035 982 0
688 1 873 782 1036 990 0
689 1 875 788 1037 997 0
690 1 877 795 1039 1006 0
691 1 872 801 1034 1008 0
692 1 868 807 1030 1014 0
693 1 864 812 1026 1019 0
694 1 859 818 1021 1026 0
695 1 855 824 1017 1032 0
696 1 855 836 1017 1042 0
697 1 855 847 1017 1051 0
698 1 855 858 1017 1060 0
699 1 855 870 1017 1070 0
700 1 855 881 1017 1071 0
701 1 855 892 1017 1073 0
702 1 855 904 1017 1075 0
703 1 855 915 1017 1077 0
704 1 859 915 1022 1077 0
705 1 864 915 1028 1077 0
706 1 868 915 1034 1077 0
707 1 873 915 1040 1077 0
708 1 878 908 1047 1077 0
709 1 882 900 1052 1076 0
710 1 887 893 1058 1077 0
711 1 912 873 1079 1063 0
712 1 937 854 1101 1050 0
713 1 962 826 1122 1022 0
714 1 988 798 1144 995 0
715 1 1013 770 1165 967 0
716 1 1038 742 1186 940 0
717 1 1063 714 1207 912 0
718 1 1084 697 1227 903 0
719 1 1105 679 1247 892 0
720 1 1120 671 1259 881 0
721 1 1135 663 1272 870 0
722 1 1150 654 1285 859 0
723 1 1165 646 1297 848 0
724 1 1181 637 1311 836 0
725 1 1196 629 1323 825 0
726 1 1211 621 1336 814 0
727 1 1235 602 1358 789 0
728 1 1260 584 1382 765 0
729 1 1309 565 1417 752 0
730 1 1380 547 1479 732 0
731 1 1451 528 1541 711 0
732 1 1522 510 1603 691 0
733 1 1591 466 1681 647 0
734 1 1660 422 1760 603 0
735 1 1726 363 1809 571 0
736 1 1763 337 1855 548 0
737 1 1800 311 1900 524 0
738 1 1818 324 1907 525 0
739 1 1837 336 1915 525 0
740 1 1876 336 1915 556 0
763 1 1842 503 1913 731 0
764 1 1763 503 1858 731 0
765 1 1640 503 1759 731 0
766 1 1505 503 1644 733 0
767 1 1353 503 1495 736 0
768 1 1198 503 1340 716 0
769 1 1007 446 1183 691 0
770 1 840 424 972 658 0
771 1 651 424 813 674 0
772 1 482 351 673 630 0
773 1 315 351 521 630 0
774 1 222 297 398 567 0
775 1 114 265 295 606 0
776 1 56 265 226 606 0
777 1 15 269 159 563 0
778 1 12 269 123 563 0
779 1 3 269 97 563 0
780 1 3 252 103 563 0
781 1 3 235 109 562 0
782 1 3 218 114 562 0
783 1 3 201 129 535 0
784 1 3 183 144 507 0
785 1 3 154 156 507 0
786 1 3 136 165 462 0
787 1 3 136 138 462 0
788 1 4 137 138 470 0
789 1 5 138 138 477 0
790 1 6 139 138 484 0
791 1 7 139 139 491 0
792 1 7 140 138 498 0
793 1 8 141 138 505 0
794 1 9 142 179 513 0
795 1 9 160 221 539 0
796 1 33 171 262 550 0
797 1 80 201 315 566 0
798 1 112 207 368 628 0
799 1 168 213 421 631 0
800 1 215 233 494 633 0
801 1 281 242 570 646 0
802 1 347 251 646 658 0
803 1 413 260 722 671 0
804 1 480 270 799 685 0
805 1 571 295 894 698 0
806 1 663 320 989 710 0
807 1 726 334 1053 736 0
808 1 789 348 1117 762 0
809 1 852 363 1181 790 0
810 1 879 359 1219 778 1
811 1 907 355 1257 766 1
812 1 944 351 1291 758 1
813 1 980 347 1324 750 1
814 1 1016 344 1357 743 1
815 1 1039 340 1380 746 1
816 1 1062 336 1402 749 1
817 1 1085 332 1424 753 1
818 1 1108 328 1447 756 1
819 1 1131 324 1469 759 1
820 1 1127 322 1465 752 1
821 1 1122 319 1460 743 1
822 1 1120 316 1457 746 1
823 1 1117 313 1452 748 1
824 1 1099 304 1433 742 1
825 1 1081 295 1414 736 1
826 1 1064 286 1396 730 1
827 1 1034 305 1365 752 1
828 1 1005 324 1335 774 1
829 1 975 342 1304 795 1
830 1 934 368 1265 814 1
831 1 893 393 1226 832 1
832 1 852 419 1187 851 1
833 1 827 419 1154 859 1
834 1 803 420 1121 867 1
835 1 778 421 1087 876 1
836 1 754 422 1054 884 1
837 1 729 425 1039 877 1
838 1 705 428 1025 870 1
839 1 681 431 1010 863 1
840 1 662 425 992 860 1
841 1 643 419 974 857 1
842 1 625 413 957 854 1
843 1 593 407 922 846 1
844 1 561 401 886 838 1
845 1 529 395 851 829 1
846 1 497 389 815 821 1
847 1 466 383 781 813 1
848 1 430 367 745 797 1
849 1 395 351 710 782 1
850 1 360 335 675 767 1
851 1 324 319 639 751 0
852 1 302 310 602 729 0
853 1 280 301 565 707 0
854 1 270 292 556 700 0
855 1 259 283 546 693 0
856 1 249 274 536 685 0
857 1 239 266 527 679 0
858 1 229 257 518 672 0
859 1 218 248 508 665 0
860 1 208 239 498 658 0
861 1 198 230 489 651 0
862 1 200 237 489 656 0
863 1 202 243 490 660 0
864 1 205 250 491 665 0
865 1 207 256 491 670 0
866 1 209 263 491 675 0
867 1 204 270 516 686 0
868 1 258 278 571 697 0
869 1 313 285 627 708 0
870 1 368 293 683 720 0
871 1 481 300 807 730 0
872 1 594 308 931 742 0
873 1 740 325 1087 763 0
874 1 887 342 1243 783 0
875 1 1007 341 1342 779 0
876 1 1127 340 1442 774 0
877 1 1247 339 1541 770 0
878 1 1368 337 1641 764 0
879 1 1488 336 1741 760 0
880 1 1561 350 1817 766 0
881 1 1635 363 1894 772 0
882 1 1709 376 1904 778 0
883 1 1782 389 1914 783 0
884 1 1816 416 1914 784 0
885 1 1850 442 1914 783 0
886 1 1850 442 1914 783 0
905 1 1891 637 1917 796 0
906 1 1877 637 1918 846 0
907 1 1869 637 1918 866 0
908 1 1871 637 1918 872 0
909 1 1862 637 1917 884 0
910 1 1850 637 1917 884 0
911 1 1847 637 1917 882 0
912 1 1844 637 1917 881 0
913 1 1841 637 1917 881 0
914 1 1838 637 1917 881 0
915 1 1835 637 1917 881 0
916 1 1851 637 1917 881 0
917 1 1868 637 1918 881 0
945 1 1885 819 1917 998 0
946 1 1862 819 1917 998 0
947 1 1825 819 1913 1008 0
948 1 1788 819 1908 1018 0
949 1 1741 833 1864 1034 0
950 1 1662 853 1781 1042 0
951 1 1582 872 1696 1048 0
952 1 1505 905 1613 1067 0
953 1 1444 911 1557 1071 0
954 1 1382 917 1499 1076 0
955 1 1345 921 1472 1075 0
956 1 1309 926 1446 1075 0
957 1 1273 931 1420 1075 0
958 1 1246 931 1399 1075 0
959 1 1220 931 1379 1075 0
960 1 1193 931 1359 1075 0
961 1 1167 931 1339 1075 0
962 1 1152 931 1319 1075 0
963 1 1137 931 1298 1075 0
964 1 1122 931 1278 1075 0
965 1 1118 931 1272 1075 0
966 1 1114 931 1267 1075 0
967 1 1110 931 1262 1075 0
968 1 1106 931 1257 1075 0
969 1 1102 931 1252 1075 0
970 1 1106 929 1257 1075 0
971 1 1110 928 1262 1076 0
972 1 1113 926 1266 1075 0
973 1 1117 924 1271 1075 0
974 1 1121 922 1277 1075 0
975 1 1125 920 1282 1075 0
976 1 1129 918 1287 1075 0
977 1 1133 917 1292 1076 0
978 1 1136 906 1296 1075 0
979 1 1140 896 1302 1075 0
980 1 1138 891 1300 1073 0
981 1 1136 886 1298 1071 0
982 1 1134 881 1296 1068 0
983 1 1131 876 1293 1066 0
984 1 1137 873 1302 1064 0
985 1 1143 870 1312 1063 0
986 1 1149 866 1321 1060 0
987 1 1176 859 1331 1044 0
988 1 1202 852 1340 1028 0
989 1 1259 818 1384 996 0
990 1 1317 784 1428 963 0
991 1 1393 751 1503 924 0
992 1 1470 717 1579 884 0
993 1 1547 684 1655 846 0
994 1 1606 657 1713 828 0
995 1 1664 630 1769 810 0
996 1 1723 603 1826 793 0
997 1 1763 575 1870 771 0
998 1 1803 548 1914 751 0
999 1 1829 517 1914 721 0
1000 1 1856 486 1914 692 0
1001 1 1877 486 1915 665 0
1267 1 1770 466 1917 672 0
1268 1 1548 501 1723 706 0
1269 1 1325 537 1529 741 0
1270 1 1102 572 1334 775 0
1271 1 960 601 1166 790 0
1272 1 819 631 998 807 0
1273 1 719 629 881 854 0
1274 1 663 646 827 855 0
1275 1 645 646 827 861 0
1276 1 645 635 801 851 0
1277 1 657 624 830 840 0
1278 1 669 613 860 828 0
1279 1 683 602 873 816 0
1280 1 696 591 885 804 0
1281 1 710 580 897 793 0
1282 1 723 568 909 780 0
1283 1 737 557 922 769 0
1284 1 751 556 936 767 0
1285 1 764 555 949 765 0
1286 1 778 554 963 763 0
1287 1 796 545 977 758 0
1288 1 813 537 989 754 0
1289 1 817 542 995 758 0
1290 1 821 548 1000 763 0
1291 1 824 554 1005 768 0
1292 1 828 560 1010 772 0
1293 1 824 564 1004 777 0
1294 1 820 568 998 782 0
1295 1 816 572 992 787 0
1296 1 807 579 985 793 0
1297 1 797 585 978 798 0
1298 1 787 592 970 804 0
1299 1 778 598 963 810 0
1300 1 773 598 954 814 0
1301 1 769 598 945 818 0
1302 1 760 616 934 836 0
1303 1 751 634 923 854 0
1304 1 743 651 913 871 0
1305 1 734 669 901 889 0
1306 1 726 704 896 924 0
1307 1 719 740 892 960 0
1308 1 737 762 911 985 0
1309 1 755 784 931 1010 0
1310 1 774 784 951 1013 0
1311 1 792 784 970 1016 0
1312 1 810 784 989 1019 0
1313 1 823 781 1019 1009 0
1314 1 835 771 1029 1000 0
1315 1 847 760 1038 989 0
1316 1 859 750 1047 980 0
1317 1 872 740 1058 970 0
1318 1 884 716 1043 960 0
1319 1 886 684 1048 927 0
1320 1 888 651 1052 894 0
1321 1 891 619 1058 861 0
1322 1 893 587 1063 828 0
1323 1 882 560 1054 815 0
1324 1 872 534 1045 802 0
1325 1 837 528 1012 789 0
1326 1 801 522 977 776 0
1327 1 766 504 922 763 0
1328 1 684 505 846 750 0
1329 1 569 491 733 737 0
1330 1 454 478 621 725 0
1331 1 311 457 477 672 0
1332 1 168 436 303 680 0
1333 1 9 442 132 651 0
1405 1 9 855 100 1011 0
1406 1 95 878 198 1051 0
1407 1 229 911 321 1060 0
1408 1 364 939 463 1068 0
1409 1 498 967 604 1075 0
1410 1 631 967 732 1075 0
1411 1 763 967 860 1075 0
1412 1 847 967 978 1075 0
1413 1 931 967 1095 1075 0
1414 1 1009 971 1218 1075 0
1415 1 1087 967 1278 1075 0
1416 1 1133 967 1346 1075 0
1417 1 1179 967 1384 1075 0
1418 1 1226 967 1423 1075 0
1419 1 1252 967 1452 1075 0
1420 1 1269 972 1469 1076 0
1421 1 1285 976 1485 1075 0
1422 1 1302 981 1502 1075 0
1423 1 1294 980 1492 1075 0
1424 1 1286 978 1481 1075 0
1425 1 1278 977 1471 1075 0
1426 1 1270 975 1461 1075 0
1427 1 1247 971 1438 1075 0
1428 1 1223 966 1414 1075 0
1429 1 1200 962 1391 1076 0
1430 1 1177 957 1368 1075 0
1431 1 1154 952 1345 1075 0
1432 1 1131 948 1322 1075 0
1433 1 1108 943 1299 1075 0
1434 1 1064 935 1233 1075 0
1435 1 995 926 1167 1075 0
1436 1 926 918 1102 1075 0
1437 1 857 909 1036 1075 0
1438 1 789 901 970 1075 0
1439 1 720 893 903 1076 0
1440 1 651 884 836 1075 0
1441 1 595 856 773 1058 0
1442 1 539 827 710 1040 0
1443 1 483 798 647 1022 0
1444 1 427 770 583 1005 0
1445 1 371 741 520 987 0
1446 1 315 712 457 969 0
1447 1 259 684 394 952 0
1448 1 211 660 347 923 0
1449 1 162 637 300 896 0
1450 1 111 615 241 875 0
1451 1 60 594 182 856 0
1452 1 9 573 123 836 0
1453 1 3 551 64 816 0
1550 1 6 457 159 713 0
1551 1 86 434 309 775 0
1552 1 193 438 413 803 0
1553 1 301 442 518 830 0
1554 1 376 428 613 828 0
1555 1 451 413 707 825 0
1556 1 488 397 756 802 0
1557 1 525 380 805 777 0
1558 1 539 360 853 778 0
1559 1 557 342 877 760 0
1560 1 575 340 884 746 0
1561 1 598 338 924 731 0
1562 1 612 322 922 731 0
1563 1 618 320 958 725 0
1564 1 628 316 949 719 0
1565 1 630 316 958 692 0
1566 1 636 314 960 692 0
1567 1 634 314 958 692 0
1568 1 630 310 954 688 0
1569 1 626 310 954 690 0
1570 1 618 312 950 692 0
1571 1 616 312 944 696 0
1572 1 610 312 942 698 0
1573 1 602 310 936 696 0
1574 1 616 260 938 670 0
1575 1 576 306 912 686 0
1576 1 570 306 912 686 0
1577 1 581 289 890 699 0
1578 1 578 292 887 689 0
1579 1 560 292 877 707 0
1580 1 557 285 876 698 0
1581 1 554 277 874 688 0
1582 1 549 276 873 692 0
1583 1 545 274 873 695 0
1584 1 540 272 872 698 0
1585 1 535 270 871 701 0
1586 1 530 269 870 704 0
1587 1 533 269 867 702 0
1588 1 536 269 863 700 0
1589 1 539 270 860 699 0
1590 1 542 270 857 697 0
1591 1 545 270 854 694 0
1592 1 548 271 851 693 0
1593 1 551 271 848 691 0
1594 1 554 271 845 689 0
1595 1 558 290 872 666 0
1596 1 562 290 874 666 0
1597 1 562 292 874 666 0
1598 1 562 292 872 666 0
1599 1 564 294 872 662 0
1600 1 564 294 870 664 0
1601 1 564 294 870 662 0
1602 1 568 296 876 662 0
1603 1 570 296 876 660 0
1604 1 574 298 876 658 0
1605 1 576 277 872 655 0
1606 1 576 300 882 656 0
1607 1 580 298 906 646 0
1608 1 584 296 904 652 0
1609 1 582 277 906 653 0
1610 1 580 292 910 654 0
1611 1 574 290 887 658 0
1612 1 574 292 916 656 0
1613 1 586 277 889 657 0
1614 1 570 290 920 658 0
1615 1 572 288 920 656 0
1616 1 576 271 916 653 0
1617 1 580 288 918 656 0
1618 1 582 288 920 654 0
1619 1 582 268 924 638 0
1620 1 582 266 924 638 0
1621 1 592 268 925 647 0
1622 1 602 270 926 657 0
1623 1 612 272 927 667 0
1624 1 622 274 928 677 0
1625 1 642 280 933 677 0
1626 1 662 286 939 677 0
1627 1 683 295 954 686 0
1628 1 703 307 975 681 0
1629 1 724 316 981 701 0
1630 1 754 324 1007 709 0
1631 1 772 342 1034 707 0
1632 1 804 354 1050 659 0
1633 1 830 363 1076 666 0
1634 1 857 372 1104 683 0
1635 1 884 381 1132 627 0
1636 1 911 390 1160 633 0
1637 1 938 399 1188 639 0
1638 1 965 408 1216 645 0
1639 1 984 404 1238 633 0
1640 1 1008 400 1262 626 0
1641 1 1032 395 1286 618 0
1642 1 1047 400 1299 625 0
1643 1 1062 405 1313 632 0
1644 1 1077 410 1326 639 0
1645 1 1092 415 1340 646 0
1646 1 1107 420 1354 653 0
1647 1 1122 425 1367 660 0
1648 1 1137 430 1381 667 0
1649 1 1152 434 1394 673 0
1650 1 1167 439 1408 680 0
1651 1 1182 444 1422 687 0
1652 1 1197 449 1435 694 0
1653 1 1212 454 1449 701 0
1654 1 1221 464 1453 703 0
1655 1 1230 474 1458 704 0
1656 1 1239 484 1463 706 0
1657 1 1247 494 1466 708 0
1658 1 1256 504 1471 709 0
1659 1 1265 506 1475 711 0
1660 1 1273 508 1479 713 0
1661 1 1282 510 1484 714 0
1662 1 1291 513 1488 717 0
1663 1 1299 515 1492 719 0
1664 1 1308 517 1496 720 0
1665 1 1317 519 1501 722 0
1666 1 1336 537 1506 729 0
1667 1 1330 525 1524 719 0
1668 1 1332 558 1528 718 0
1669 1 1334 531 1532 719 0
1670 1 1336 558 1534 722 0
1671 1 1338 537 1534 717 0
1672 1 1338 531 1536 721 0
1673 1 1340 534 1536 715 0
1674 1 1340 525 1536 715 0
1675 1 1340 522 1536 719 0
1676 1 1336 548 1534 718 0
1677 1 1332 550 1532 726 0
1678 1 1328 544 1528 720 0
1679 1 1324 540 1526 720 0
1680 1 1322 538 1526 718 0
1681 1 1320 534 1520 716 0
1682 1 1293 534 1519 743 0
1683 1 1293 534 1515 746 0
1684 1 1282 530 1517 755 0
1685 1 1274 528 1504 769 0
1686 1 1268 495 1500 760 0
1687 1 1262 501 1496 760 0
1688 1 1258 495 1490 763 0
1689 1 1254 501 1486 777 0
1690 1 1250 481 1482 760 0
1691 1 1246 478 1478 760 0
1692 1 1252 469 1473 769 0
1693 1 1242 486 1484 760 0
1694 1 1240 460 1475 760 0
1695 1 1235 455 1471 760 0
1696 1 1230 450 1467 761 0
1697 1 1224 445 1462 761 0
1698 1 1219 440 1458 762 0
1699 1 1213 435 1453 762 0
1700 1 1208 431 1449 763 0
1701 1 1200 423 1446 760 0
1702 1 1192 416 1443 757 0
1703 1 1185 409 1440 754 0
1704 1 1177 401 1437 751 0
1705 1 1169 394 1433 748 0
1706 1 1162 387 1431 746 0
1707 1 1154 379 1428 742 0
1708 1 1146 372 1424 739 0
1709 1 1139 365 1422 737 0
1710 1 1131 357 1418 733 0
1711 1 1123 350 1415 730 0
1712 1 1115 343 1412 728 0
1713 1 1108 336 1409 725 0
1714 1 1099 316 1407 707 0
1715 1 1096 301 1399 716 0
1716 1 1064 298 1400 707 0
1717 1 1054 292 1400 680 0
1718 1 1048 288 1398 676 0
1719 1 1058 257 1389 701 0
1720 1 1052 249 1387 689 0
1721 1 1010 242 1386 656 0
1722 1 1016 240 1375 678 0
1723 1 987 216 1345 678 0
1724 1 966 211 1326 677 0
1725 1 945 207 1306 677 0
1726 1 924 202 1287 676 0
1727 1 903 198 1267 676 0
1728 1 881 193 1247 675 0
1729 1 860 189 1228 675 0
1730 1 825 185 1193 663 0
1731 1 789 180 1158 651 0
1732 1 753 176 1122 640 0
1733 1 718 172 1088 629 0
1734 1 682 167 1052 617 0
1735 1 646 163 1017 606 0
1736 1 621 159 992 596 0
1737 1 597 155 968 585 0
1738 1 572 150 943 574 0
1739 1 555 146 923 580 0
1740 1 538 142 903 585 0
1741 1 521 137 883 589 0
1742 1 504 133 863 595 0
1743 1 498 133 854 594 0
1744 1 492 132 845 591 0
1745 1 486 132 836 590 0
1746 1 480 132 826 589 0
1747 1 474 131 817 587 0
1748 1 469 131 809 585 0
1749 1 463 131 800 584 0
1750 1 457 130 791 582 0
1751 1 451 130 781 580 0
1752 1 445 130 772 579 0
1753 1 439 129 763 577 0
1754 1 433 129 754 576 0
1755 1 427 129 745 574 0
1756 1 421 128 736 572 0
1757 1 416 128 727 571 0
1758 1 410 128 727 575 0
1759 1 404 127 727 579 0
1760 1 398 127 727 583 0
1761 1 400 129 728 584 0
1762 1 402 130 729 584 0
1763 1 404 132 730 585 0
1764 1 406 133 731 585 0
1765 1 409 135 733 586 0
1766 1 411 136 733 585 0
1767 1 413 137 734 585 0
1768 1 415 139 735 586 0
1769 1 417 140 729 575 0
1770 1 419 141 724 565 0
1771 1 421 142 718 554 0
1772 1 424 145 707 601 0
1773 1 428 147 711 599 0
1774 1 432 150 714 598 0
1775 1 436 152 718 595 0
1776 1 441 155 722 594 0
1777 1 445 157 726 592 0
1778 1 449 160 729 591 0
1779 1 453 162 733 589 0
1780 1 458 164 735 567 0
1781 1 462 166 737 545 0
1782 1 467 167 739 522 0
1783 1 471 169 741 501 0
1784 1 476 170 743 461 0
1785 1 480 180 745 586 0
1786 1 490 184 748 563 0
1787 1 499 188 749 539 0
1788 1 509 193 752 517 0
1789 1 518 197 754 493 0
1790 1 528 201 757 518 0
1791 1 531 205 763 507 0
1792 1 534 210 769 493 0
1793 1 538 215 776 479 0
1794 1 541 220 782 465 0
1795 1 544 224 788 450 0
1796 1 548 216 796 450 0
1797 1 550 216 799 436 0
1798 1 552 216 802 422 0
1799 1 554 217 805 418 0
1800 1 557 217 809 413 0
1801 1 559 217 812 409 0
1802 1 561 218 815 405 0
1803 1 554 215 810 409 0
1804 1 547 212 806 413 0
1805 1 541 208 802 416 0
1806 1 534 205 797 421 0
1807 1 527 202 792 425 0
1808 1 520 199 788 429 0
1809 1 513 196 783 433 0
1810 1 506 192 778 436 0
1811 1 499 189 774 441 0
1812 1 492 186 769 445 0
1813 1 479 180 765 490 0
1814 1 466 174 761 536 0
1815 1 452 168 756 540 0
1816 1 439 162 752 544 0
1817 1 433 157 748 548 0
1818 1 427 151 744 550 0
1819 1 421 145 740 552 0
1820 1 415 139 736 554 0
1821 1 408 133 731 556 1
1822 1 402 127 727 558 1
1823 1 396 121 723 560 1
1824 1 390 115 718 562 1
1825 1 385 114 725 547 1
1826 1 379 113 730 532 1
1827 1 374 112 737 517 1
1828 1 369 111 743 502 1
1829 1 364 110 750 488 1
1830 1 386 89 730 557 1
1831 1 387 89 732 557 1
1832 1 387 90 733 558 1
1833 1 388 90 736 558 1
1834 1 388 91 737 559 1
1835 1 389 91 739 560 1
1836 1 393 89 743 559 1
1837 1 398 87 747 559 1
1838 1 402 86 751 560 1
1839 1 406 84 754 560 1
1840 1 411 82 759 560 1
1841 1 415 80 762 560 1
1842 1 422 79 768 557 1
1843 1 429 78 773 554 1
1844 1 436 77 778 551 1
1845 1 444 76 784 549 1
1846 1 451 76 789 547 1
1847 1 458 75 795 544 1
1848 1 465 74 800 541 1
1849 1 472 73 805 538 1
1850 1 479 72 810 536 1
1851 1 486 71 815 533 1
1852 1 496 75 822 530 1
1853 1 505 79 829 526 1
1854 1 515 83 836 523 1
1855 1 524 87 842 520 1
1856 1 533 91 848 517 1
1857 1 543 95 855 513 1
1858 1 552 99 861 510 0
1859 1 562 103 868 507 0
1860 1 571 107 874 504 0
1861 1 581 111 881 500 0
1862 1 560 116 888 498 0
1863 1 568 116 890 496 0
1864 1 582 116 906 494 0
1865 1 586 120 906 490 0
1866 1 594 122 904 490 0
1867 1 588 150 908 496 0
1868 1 594 112 904 495 0
1869 1 596 115 903 492 0
1870 1 599 118 903 489 0
1871 1 602 122 904 488 0
1872 1 602 118 900 486 0
1873 1 602 114 896 484 0
1874 1 600 102 890 476 0
1875 1 552 92 872 464 0
1876 1 554 83 851 451 0
1877 1 557 74 831 439 0
1878 1 544 76 816 444 0
1879 1 530 77 801 448 0
1880 1 517 79 786 453 0
1881 1 504 80 771 458 0
1882 1 491 81 756 462 0
1883 1 477 83 741 467 0
1884 1 458 92 722 474 0
1885 1 439 102 703 482 0
1886 1 420 111 684 488 0
1887 1 401 120 666 495 0
1888 1 382 130 647 503 0
1889 1 363 139 628 510 0
1890 1 339 177 609 548 0
1891 1 333 185 600 555 0
1892 1 327 193 590 562 0
1893 1 321 201 581 569 0
1894 1 315 209 571 576 0
1895 1 308 216 560 582 0
1896 1 302 224 551 589 0
1897 1 294 218 540 584 0
1898 1 285 213 529 580 0
1899 1 276 207 518 575 0
1900 1 268 201 507 570 0
1901 1 259 195 496 565 0
1902 1 251 189 485 560 0
1903 1 244 184 479 553 0
1904 1 238 180 473 547 0
1905 1 232 175 468 540 0
1906 1 226 170 462 534 0
1907 1 220 165 457 527 0
1908 1 220 164 462 524 0
1909 1 221 163 468 521 0
1910 1 208 184 447 523 0
1911 1 196 204 426 524 0
1912 1 183 160 405 524 0
1913 1 159 173 387 525 0
1914 1 134 185 367 526 0
1915 1 110 197 349 527 0
1916 1 86 156 321 527 0
1917 1 71 152 310 516 0
1918 1 57 147 299 505 0
1919 1 43 142 288 493 0
1920 1 29 112 278 482 0
1921 1 15 83 267 471 0
1922 1 0 54 256 460 0
1923 1 0 40 235 442 0
1924 1 0 26 234 424 0
1925 1 0 12 232 406 0
1926 1 0 12 235 379 0
1927 1 0 12 238 351 0
1928 1 0 12 205 323 0
1929 1 0 12 171 295 0
1930 1 0 12 138 268 0
1931 1 0 12 88 206 0
1946 1 0 6 106 265 1
1947 1 2 5 162 286 1
1948 1 3 3 218 306 1
1949 1 3 1 250 374 1
1950 1 3 0 273 402 1
1951 1 6 18 303 387 1
1952 1 31 36 333 426 1
1953 1 71 54 344 442 1
1954 1 83 65 358 426 1
1955 1 95 77 371 442 1
1956 1 109 83 383 432 1
1957 1 124 89 396 422 1
1958 1 139 95 409 413 1
1959 1 156 98 421 383 1
1960 1 174 91 439 368 1
1961 1 192 84 457 354 1
1962 1 209 77 474 339 1
1963 1 223 66 489 320 1
1964 1 237 55 504 301 1
1965 1 251 45 519 283 1
1966 1 245 34 514 265 1
1967 1 239 23 509 248 1
1968 1 233 12 505 230 1
1969 1 227 0 500 212 1
1970 1 218 0 492 182 1
1971 1 208 0 482 173 1
1972 1 199 0 473 163 1
1973 1 190 0 464 154 1
1974 1 180 0 454 144 1
1975 1 171 0 444 135 1
1976 1 153 0 421 147 1
1977 1 153 0 409 117 1
2020 1 0 0 62 374 0
2021 1 0 0 74 381 0
2022 1 0 0 86 388 0
2023 1 0 0 94 388 0
2024 1 0 0 101 388 0
2025 1 0 0 109 388 0
2026 1 0 0 106 335 0
2027 1 0 0 74 288 0
3060 1 0 574 99 839 0
3061 1 0 574 123 839 0
3062 1 0 574 148 839 0
3063 1 4 558 172 836 0
3064 1 9 541 195 831 0
3065 1 14 525 218 828 0
3066 1 20 533 221 825 0
3067 1 25 541 223 821 0
3068 1 37 535 238 839 0
3069 1 26 551 209 848 0
3070 1 15 567 180 856 0
3071 1 3 584 150 866 0
3072 1 3 611 101 903 0
3113 1 3 697 91 942 0
3114 1 8 670 125 936 0
3115 1 13 643 160 930 0
3116 1 21 629 194 923 0
3117 1 29 616 228 917 0
3118 1 37 602 262 911 0
3119 1 62 589 297 905 0
3120 1 74 576 299 905 0
3121 1 56 582 281 906 0
3122 1 37 589 262 908 0
3123 1 20 613 196 928 0
3124 1 3 638 130 949 0
3167 1 0 400 74 662 0
3168 1 0 376 98 669 0
3169 1 0 353 121 677 0
3170 1 0 353 122 684 0
3171 1 0 353 123 691 0
3172 1 0 353 123 699 0
3173 1 0 353 132 708 0
3174 1 0 353 140 717 0
3175 1 0 353 148 726 0
3176 1 0 353 148 744 0
3177 1 0 353 148 762 0
3178 1 0 353 148 780 0
3179 1 0 366 157 793 0
3180 1 0 379 166 806 0
3181 1 0 392 175 819 0
3182 1 0 395 169 825 0
3183 1 0 398 163 832 0
3184 1 0 401 156 839 0
3185 1 0 405 150 846 0
3186 1 0 405 121 818 0
3187 1 0 405 91 790 0
3188 1 0 405 74 754 0
3189 1 0 405 57 719 0
3204 1 3 66 135 561 0
3205 1 3 44 223 547 0
3206 1 3 19 287 588 0
3207 1 40 11 356 576 0
3208 1 77 2 425 564 0
3209 1 83 2 470 557 0
3210 1 90 2 515 551 0
3211 1 97 2 519 522 0
3212 1 104 2 523 492 0
3213 1 86 2 502 483 0
3214 1 68 2 481 473 0
3215 1 50 2 459 463 0
3216 1 34 2 434 447 0
3217 1 19 2 409 432 0
3218 1 3 2 383 416 0
3219 1 3 2 349 396 0
3220 1 3 2 314 375 0
3221 1 3 2 280 355 0
3222 1 3 2 256 326 0
3223 1 3 2 232 296 0
3224 1 3 2 209 267 0
3225 1 3 2 199 267 0
3226 1 3 2 189 267 0
3227 1 3 2 179 267 0
3228 1 3 2 198 272 0
3229 1 3 2 217 278 0
3230 1 3 2 236 284 0
3231 1 3 2 255 290 0
3232 1 3 2 273 295 0
3233 1 3 2 292 301 0
3234 1 21 2 337 310 0
3235 1 40 2 382 318 0
3236 1 58 2 426 327 0
3237 1 77 2 472 335 0
3238 1 151 2 526 350 0
3239 1 226 2 580 365 0
3240 1 301 2 635 380 0
3241 1 375 2 689 394 0
3242 1 450 2 744 409 0
3243 1 550 38 832 429 0
3244 1 651 73 921 448 0
3245 1 752 109 1009 468 0
3246 1 852 144 1097 487 0
3247 1 980 184 1210 527 0
3248 1 1093 223 1328 561 0
3249 1 1167 262 1407 581 0
3250 1 1240 301 1485 600 0
3251 1 1321 338 1561 649 0
3252 1 1402 375 1622 654 0
3253 1 1468 393 1677 666 0
3254 1 1535 412 1733 679 0
3255 1 1559 441 1779 669 0
3256 1 1645 462 1834 694 0
3257 1 1677 482 1867 706 0
3258 1 1709 503 1900 719 0
3259 1 1732 501 1905 704 0
3260 1 1756 500 1910 691 0
3261 1 1773 500 1915 680 0
3262 1 1790 500 1920 669 0
3263 1 1823 490 1919 642 0
3264 1 1856 481 1919 616 0
3277 1 1846 414 1912 526 0
3278 1 1842 409 1914 519 0
3279 1 1838 405 1916 513 0
3280 1 1833 400 1916 505 0
3281 1 1829 395 1918 498 0
3282 1 1824 390 1919 490 0
3283 1 1844 390 1920 490 0
3300 1 1819 184 1914 279 0
3301 1 1802 174 1914 267 0
3302 1 1785 164 1915 254 0
3303 1 1785 152 1915 242 0
3304 1 1785 141 1915 231 0
3305 1 1785 129 1915 219 0
3306 1 1785 117 1915 207 0
3307 1 1807 98 1915 208 0
3403 1 1806 0 1917 130 0
3404 1 1803 1 1916 114 0
3405 1 1800 4 1914 98 0
3406 1 1812 39 1918 203 0
3407 1 1793 39 1918 181 0
3408 1 1774 39 1918 159 0
3409 1 1744 21 1917 159 0
3410 1 1744 15 1917 126 0
3411 1 1744 9 1917 94 0
3475 1 1773 294 1912 534 0
3476 1 1670 316 1828 546 0
3477 1 1567 339 1743 558 0
3478 1 1464 361 1658 570 0
3479 1 1392 360 1584 580 0
3480 1 1320 359 1510 590 0
3481 1 1248 358 1437 601 0
3482 1 1184 355 1402 607 0
3483 1 1155 357 1358 629 0
3484 1 1127 358 1316 650 0
3485 1 1113 359 1313 654 0
3486 1 1098 360 1309 659 0
3487 1 1086 344 1313 651 0
3488 1 1073 328 1316 643 0
3489 1 1077 311 1320 630 0
3490 1 1082 295 1325 618 0
3491 1 1086 279 1329 607 0
3492 1 1090 262 1333 594 0
3493 1 1094 246 1337 583 0
3494 1 1098 229 1341 570 0
3495 1 1103 213 1346 559 0
3496 1 1086 192 1372 562 0
3497 1 1084 184 1374 560 0
3498 1 1076 174 1368 556 0
3499 1 1070 172 1356 552 0
3500 1 1060 164 1352 540 0
3501 1 1064 150 1352 522 0
3502 1 1072 138 1348 504 0
3503 1 1074 110 1354 478 0
3504 1 1078 88 1362 462 0
3505 1 1088 76 1368 442 0
3506 1 1084 56 1358 418 0
3507 1 1080 12 1370 392 0
3508 1 1080 0 1374 374 0
3509 1 1088 0 1380 366 0
3510 1 1098 0 1385 361 0
3511 1 1109 0 1392 357 0
3512 1 1120 0 1399 353 0
3513 1 1130 0 1411 342 0
3514 1 1140 0 1423 332 0
3515 1 1149 0 1433 321 0
3516 1 1154 0 1441 316 0
3517 1 1158 0 1448 310 0
3518 1 1162 0 1455 304 0
3519 1 1167 0 1464 299 0
3520 1 1171 0 1467 301 0
3521 1 1175 0 1470 302 0
3522 1 1179 0 1473 304 0
3523 1 1183 0 1477 306 0
3524 1 1188 0 1481 308 0
3525 1 1192 0 1484 309 0
3526 1 1196 0 1488 311 0
3527 1 1196 0 1483 330 0
3528 1 1196 0 1479 349 0
3529 1 1196 0 1475 368 0
3530 1 1196 0 1470 387 0
3531 1 1208 0 1482 389 0
3532 1 1221 0 1495 391 0
3533 1 1233 0 1507 393 0
3534 1 1245 0 1519 395 0
3535 1 1305 0 1576 385 0
3536 1 1365 0 1632 375 0
3537 1 1456 0 1726 357 0
3538 1 1547 0 1819 338 0
3539 1 1657 0 1866 341 0
3540 1 1768 0 1915 343 0
3560 1 1790 601 1912 819 0
3561 1 1616 648 1774 848 0
3562 1 1441 694 1634 875 0
3563 1 1317 700 1513 894 0
3564 1 1194 706 1394 912 0
3565 1 1070 711 1273 930 0
3566 1 946 717 1152 949 0
3567 1 879 721 1099 954 0
3568 1 813 724 1048 959 0
3569 1 774 727 997 957 0
3570 1 735 731 946 956 0
3571 1 716 729 924 956 0
3572 1 698 728 904 957 0
3573 1 679 727 883 958 0
3574 1 661 725 863 958 0
3575 1 642 724 842 959 0
3576 1 624 717 825 960 0
3577 1 606 711 808 961 0
3578 1 582 715 782 962 0
3579 1 559 719 757 963 0
3580 1 536 723 732 964 0
3581 1 477 730 679 968 0
3582 1 418 738 627 972 0
3583 1 359 746 574 976 0
3584 1 308 755 521 989 0
3585 1 258 764 470 1002 0
3586 1 207 773 417 1016 0
3587 1 174 763 365 993 0
3588 1 141 753 312 971 0
3589 1 104 751 295 996 0
3590 1 90 742 275 1001 0
3591 1 77 734 256 1008 0
3592 1 87 726 268 1000 0
3593 1 98 718 281 992 0
3594 1 108 710 293 984 0
3595 1 118 702 305 976 0
3596 1 144 668 328 947 0
3597 1 170 635 351 919 0
3598 1 191 624 375 903 0
3599 1 212 613 398 887 0
3600 1 224 584 405 858 0
3601 1 222 567 425 841 0
3602 1 218 545 417 821 0
3603 1 214 524 408 801 0
3604 1 210 503 399 781 0
3605 1 207 481 392 760 0
3606 1 203 460 383 741 0
3607 1 190 439 366 691 0
3608 1 180 426 366 681 0
3609 1 170 413 366 671 0
3610 1 160 401 366 662 0
3611 1 150 388 366 652 0
3612 1 170 375 366 667 0
3613 1 185 366 375 653 0
3614 1 199 357 384 640 0
3615 1 214 347 394 626 0
3616 1 229 338 403 612 0
3617 1 226 340 412 618 0
3618 1 224 341 422 622 0
3619 1 222 343 431 628 0
3620 1 219 344 440 632 0
3621 1 217 346 450 638 0
3622 1 220 342 436 636 0
3623 1 223 338 422 635 0
3624 1 226 334 408 633 0
3625 1 209 330 395 631 0
3626 1 191 326 381 630 0
3627 1 173 322 367 628 0
3628 1 155 319 353 628 0
3629 1 104 322 294 610 0
3630 1 52 325 234 592 0
3631 1 1 328 175 574 0
3632 1 3 319 147 554 0
3670 1 1 142 94 345 0
3671 1 6 136 182 416 0
3672 1 79 131 309 421 0
3673 1 153 126 392 404 0
3674 1 226 120 474 387 0
3675 1 261 111 534 410 0
3676 1 295 103 594 434 0
3677 1 390 106 664 408 0
3678 1 359 68 643 411 0
3679 1 440 106 722 392 0
3680 1 446 106 736 400 0
3681 1 440 110 734 406 0
3682 1 413 68 702 411 0
3683 1 394 58 676 403 0
3684 1 285 76 628 395 0
3685 1 208 93 472 391 0
3686 1 74 90 331 379 0
3687 1 3 115 189 353 0
3721 1 0 618 104 829 0
3722 1 95 636 243 850 0
3723 1 195 655 383 872 0
3724 1 330 673 523 902 0
3725 1 465 692 663 932 0
3726 1 565 700 768 940 0
3727 1 665 708 872 948 0
3728 1 765 716 976 956 0
3729 1 865 724 1081 964 0
3730 1 931 735 1144 969 0
3731 1 997 746 1208 975 0
3732 1 1064 758 1273 981 0
3733 1 1094 746 1309 981 0
3734 1 1123 735 1345 981 0
3735 1 1153 723 1381 981 0
3736 1 1183 712 1417 981 0
3737 1 1213 700 1454 981 0
3738 1 1243 689 1490 981 0
3739 1 1242 685 1491 975 0
3740 1 1241 681 1491 968 0
3741 1 1240 677 1491 962 0
3742 1 1239 673 1491 956 0
3743 1 1238 669 1491 949 0
3744 1 1237 665 1491 943 0
3745 1 1236 662 1492 938 0
3746 1 1228 652 1482 932 0
3747 1 1222 640 1478 920 0
3748 1 1214 628 1470 910 0
3749 1 1202 620 1458 902 0
3750 1 1178 608 1436 890 0
3751 1 1140 594 1398 874 0
3752 1 1117 528 1340 872 0
3753 1 1046 535 1267 849 0
3754 1 934 558 1180 842 0
3755 1 934 558 1180 842 0
3756 1 846 552 1078 842 0
3757 1 756 548 976 844 0
3758 1 688 515 894 794 0
3759 1 602 513 806 787 0
3760 1 516 510 719 780 0
3761 1 418 508 621 770 0
3762 1 366 505 546 755 0
3763 1 279 490 470 736 0
3764 1 192 476 395 719 0
3765 1 121 445 321 689 0
3766 1 50 414 246 660 0
3767 1 33 382 204 652 0
3768 1 19 365 172 622 0
3769 1 6 348 141 593 0
3770 1 6 321 106 566 0
3771 1 3 295 76 519 0
3772 1 1 270 47 473 0
4526 1 1847 319 1911 419 0
4527 1 1821 307 1918 418 0
4528 1 1779 289 1917 415 0
4529 1 1772 283 1901 415 0
4530 1 1765 277 1885 415 0
4531 1 1772 277 1889 415 0
4532 1 1779 277 1893 415 0
4533 1 1786 277 1897 415 0
4534 1 1793 277 1901 415 0
4535 1 1800 277 1906 415 0
4536 1 1835 277 1917 415 0
4872 1 1873 413 1917 542 0
4873 1 1853 409 1918 541 0
4874 1 1832 404 1917 539 0
4875 1 1832 400 1917 532 0
4876 1 1832 396 1917 524 0
4877 1 1832 392 1917 516 0
4878 1 1832 388 1917 509 0
4879 1 1832 383 1917 500 0
4880 1 1836 372 1917 491 0
4881 1 1840 360 1918 480 0
4882 1 1843 348 1917 470 0
4883 1 1847 336 1917 459 0
4884 1 1851 324 1917 449 0
4885 1 1863 313 1917 450 0
4886 1 1834 301 1918 525 0
4887 1 1835 301 1917 516 0
4888 1 1837 301 1917 507 0
4889 1 1838 301 1917 498 0
4890 1 1840 301 1917 488 0
4891 1 1842 301 1918 479 0
4892 1 1843 301 1917 470 0
4893 1 1845 301 1917 461 0
4894 1 1845 301 1917 470 0
4895 1 1845 301 1917 480 0
4896 1 1845 301 1917 489 0
4897 1 1845 299 1917 493 0
4898 1 1845 298 1917 498 0
4899 1 1846 296 1918 503 0
4900 1 1838 294 1917 507 0
4901 1 1831 293 1918 512 0
4902 1 1823 291 1917 516 0
4903 1 1827 289 1917 488 0
4904 1 1831 288 1917 462 0
4905 1 1835 286 1917 434 0
4906 1 1823 286 1907 458 0
4907 1 1810 286 1897 482 0
4908 1 1783 286 1887 482 0
4909 1 1756 286 1876 483 0
4910 1 1771 286 1866 472 0
4911 1 1759 286 1856 482 0
4912 1 1736 309 1852 487 0
4913 1 1743 301 1847 496 0
4914 1 1740 308 1844 500 0
4915 1 1736 315 1840 504 0
4916 1 1732 323 1836 509 0
4917 1 1728 330 1832 514 0
4918 1 1725 337 1829 518 0
4919 1 1725 333 1820 534 0
4920 1 1714 342 1830 541 0
4921 1 1715 346 1829 544 0
4922 1 1716 350 1829 546 0
4923 1 1717 354 1828 549 0
4924 1 1718 358 1827 561 0
4925 1 1719 352 1817 552 0
4926 1 1720 349 1825 549 0
4927 1 1721 345 1832 546 0
4928 1 1722 341 1840 542 0
4929 1 1731 338 1841 540 0
4930 1 1739 334 1842 536 0
4931 1 1743 330 1851 531 0
4932 1 1715 308 1870 536 0
4933 1 1717 307 1876 542 0
4934 1 1731 300 1887 533 0
4935 1 1744 293 1898 524 0
4936 1 1758 287 1909 516 0
4937 1 1771 280 1920 507 0
4938 1 1794 273 1920 480 0
4939 1 1816 266 1918 454 0
4940 1 1828 260 1918 460 0
4941 1 1852 260 1917 443 0
4942 1 1838 260 1917 460 0
4990 1 1835 369 1917 531 0
4991 1 1822 362 1917 529 0
4992 1 1809 355 1917 527 0
4993 1 1796 349 1918 526 0
4994 1 1782 342 1917 524 0
4995 1 1776 340 1913 522 0
4996 1 1769 339 1907 520 0
4997 1 1762 337 1902 518 0
4998 1 1755 335 1897 515 0
4999 1 1749 334 1892 514 0
5000 1 1742 332 1887 512 0
5001 1 1735 330 1882 509 0
5002 1 1740 330 1883 503 0
5003 1 1744 329 1883 495 0
5004 1 1748 328 1884 487 0
5005 1 1753 327 1885 480 0
5006 1 1715 340 1849 499 0
5007 1 1676 352 1812 518 0
5008 1 1638 365 1777 538 0
5009 1 1600 378 1741 557 0
5010 1 1497 404 1664 598 0
5011 1 1416 448 1582 626 0
5012 1 1335 492 1499 654 0
5013 1 1293 510 1446 663 0
5014 1 1252 528 1393 672 0
5015 1 1208 526 1384 666 0
5016 1 1212 520 1390 658 0
5017 1 1240 496 1420 632 0
5018 1 1290 456 1470 588 0
5019 1 1354 410 1532 540 0
5020 1 1420 362 1596 490 0
5021 1 1482 318 1656 444 0
5022 1 1534 284 1706 410 0
5023 1 1578 258 1746 384 0
5024 1 1612 240 1778 368 0
5025 1 1640 232 1804 360 0
5026 1 1660 224 1822 354 0
5027 1 1676 222 1836 354 0
5028 1 1694 224 1854 356 0
5029 1 1720 228 1880 360 0
5030 1 1748 232 1906 364 0
5031 1 1782 236 1921 375 0
5032 1 1794 236 1917 389 0
5046 1 1853 298 1917 424 0
5047 1 1839 298 1917 453 0
5048 1 1812 299 1910 453 0
5049 1 1785 299 1902 453 0
5050 1 1769 299 1895 458 0
5051 1 1753 300 1888 465 0
5052 1 1737 300 1881 471 0
5053 1 1720 300 1873 477 0
5054 1 1710 301 1861 475 0
5055 1 1699 301 1848 473 0
5056 1 1688 302 1835 472 0
5057 1 1716 302 1852 448 0
5058 1 1716 300 1850 440 0
5059 1 1718 300 1850 440 0
5060 1 1685 296 1838 466 0
5061 1 1722 294 1860 440 0
5062 1 1728 296 1864 442 0
5063 1 1740 298 1872 436 0
5064 1 1715 298 1868 478 0
5065 1 1762 304 1902 446 0
5066 1 1780 308 1914 444 0
5067 1 1770 310 1920 478 0
5068 1 1800 310 1920 481 0
5127 1 1794 136 1917 401 1
5128 1 1697 189 1839 442 1
5129 1 1600 242 1762 483 1
5130 1 1520 261 1684 499 1
5131 1 1441 280 1608 515 1
5132 1 1386 289 1559 520 1
5133 1 1332 298 1510 526 1
5134 1 1285 301 1461 531 1
5135 1 1267 307 1439 539 1
5136 1 1249 313 1417 546 0
5137 1 1231 319 1395 554 0
5138 1 1198 327 1390 558 0
5139 1 1166 350 1386 564 0
5140 1 1172 344 1362 572 0
5141 1 1168 342 1358 572 0
5142 1 1164 336 1354 574 0
5143 1 1170 330 1354 570 0
5144 1 1168 326 1354 566 0
5145 1 1168 322 1354 560 0
5146 1 1166 320 1354 560 0
5147 1 1164 322 1352 560 0
5148 1 1153 314 1345 554 0
5149 1 1143 307 1339 549 0
5150 1 1132 299 1332 543 0
5151 1 1122 292 1326 538 0
5152 1 1121 291 1323 537 0
5153 1 1120 290 1320 536 0
5154 1 1119 288 1317 534 0
5155 1 1118 287 1314 533 0
5156 1 1117 286 1312 532 0
5157 1 1116 285 1309 532 0
5158 1 1115 283 1306 530 0
5159 1 1114 282 1303 529 0
5160 1 1113 281 1301 528 0
5161 1 1112 280 1298 527 0
5162 1 1111 279 1295 526 0
5163 1 1110 277 1292 524 0
5164 1 1118 282 1300 528 0
5165 1 1126 287 1307 533 0
5166 1 1133 291 1313 537 0
5167 1 1141 296 1320 541 0
5168 1 1148 301 1326 546 0
5169 1 1156 306 1334 550 0
5170 1 1163 310 1340 554 0
5171 1 1171 315 1347 558 0
5172 1 1179 320 1354 563 0
5173 1 1160 324 1361 567 0
5174 1 1165 324 1364 571 0
5175 1 1157 328 1352 575 0
5176 1 1148 332 1339 579 0
5177 1 1139 335 1327 582 0
5178 1 1131 339 1315 586 0
5179 1 1122 342 1303 589 0
5180 1 1114 363 1292 597 0
5181 1 1106 384 1282 606 0
5182 1 1106 402 1278 616 0
5183 1 1106 418 1274 636 0
5184 1 1114 438 1270 654 0
5185 1 1110 466 1260 668 0
5186 1 1106 484 1266 698 0
5187 1 1106 508 1262 718 0
5188 1 1112 532 1272 744 0
5189 1 1126 540 1274 740 0
5190 1 1144 558 1298 752 0
5191 1 1144 564 1300 760 0
5192 1 1136 556 1296 754 0
5193 1 1140 537 1307 737 0
5194 1 1146 532 1308 730 0
5195 1 1151 527 1309 724 0
5196 1 1157 522 1310 717 0
5197 1 1163 517 1312 711 0
5198 1 1168 512 1312 704 0
5199 1 1174 507 1314 697 0
5200 1 1180 496 1323 691 0
5201 1 1185 486 1332 685 0
5202 1 1191 475 1342 679 0
5203 1 1197 464 1351 672 0
5204 1 1202 453 1360 665 0
5205 1 1208 442 1370 659 0
5206 1 1220 448 1398 646 0
5207 1 1226 448 1401 647 0
5208 1 1232 449 1404 650 0
5209 1 1239 449 1409 652 0
5210 1 1245 450 1412 655 0
5211 1 1252 451 1416 658 0
5212 1 1258 451 1420 660 0
5213 1 1270 474 1432 688 0
5214 1 1266 445 1426 671 0
5215 1 1258 478 1422 688 0
5216 1 1246 448 1417 687 0
5217 1 1242 431 1410 681 0
5218 1 1226 454 1402 676 0
5219 1 1202 433 1406 692 0
5220 1 1191 430 1394 693 0
5221 1 1180 426 1383 694 0
5222 1 1169 422 1372 694 0
5223 1 1158 419 1361 695 0
5224 1 1137 414 1341 697 0
5225 1 1117 410 1322 700 0
5226 1 1096 405 1302 701 0
5227 1 1075 401 1283 704 0
5228 1 1048 399 1264 699 0
5229 1 1020 397 1244 694 0
5230 1 993 395 1225 689 0
5231 1 980 388 1211 682 0
5232 1 967 381 1196 675 0
5233 1 955 375 1183 669 0
5234 1 942 368 1168 662 0
5235 1 929 361 1154 655 0
5236 1 916 354 1139 648 0
5237 1 927 350 1145 643 0
5238 1 938 346 1150 638 0
5239 1 949 342 1155 633 0
5240 1 959 338 1159 628 0
5241 1 970 334 1164 623 0
5242 1 981 330 1169 618 0
5243 1 986 337 1175 623 0
5244 1 992 343 1182 626 0
5245 1 998 349 1189 629 0
5246 1 1004 355 1195 633 0
5247 1 1009 361 1201 636 0
5248 1 1015 367 1208 639 0
5249 1 1021 374 1215 644 0
5250 1 1026 380 1221 647 0
5251 1 1032 386 1227 650 0
5252 1 1038 392 1234 654 0
5253 1 1038 389 1234 651 0
5254 1 1038 386 1234 649 0
5255 1 1038 382 1234 646 0
5256 1 1039 379 1235 643 0
5257 1 1039 375 1235 640 0
5258 1 1039 372 1236 638 0
5259 1 1039 369 1236 635 0
5260 1 1039 365 1236 632 0
5261 1 1040 362 1237 630 0
5262 1 1040 359 1237 628 0
5263 1 1040 355 1237 624 0
5264 1 1054 352 1247 615 0
5265 1 1068 348 1257 604 0
5266 1 1081 345 1266 595 0
5267 1 1072 341 1263 593 0
5268 1 1062 336 1258 591 0
5269 1 1053 331 1255 589 0
5270 1 1043 327 1250 587 0
5271 1 1034 322 1247 585 0
5272 1 1024 318 1242 584 0
5273 1 1015 313 1239 581 0
5274 1 1005 309 1235 580 0
5275 1 996 304 1231 577 0
5276 1 1013 309 1240 558 0
5277 1 1030 313 1248 537 0
5278 1 1048 318 1258 518 0
5279 1 1054 280 1258 556 0
5280 1 1058 274 1261 550 0
5281 1 1063 269 1266 544 0
5282 1 1068 263 1270 537 0
5283 1 1072 257 1273 530 0
5284 1 1077 251 1278 524 0
5285 1 1082 245 1282 517 0
5286 1 1086 239 1286 510 0
5287 1 1091 233 1290 503 0
5288 1 1096 227 1294 497 0
5289 1 1100 222 1298 491 0
5290 1 1105 216 1302 484 0
5291 1 1110 210 1306 478 0
5292 1 1114 194 1310 456 0
5293 1 1119 179 1314 436 0
5294 1 1124 163 1319 415 0
5295 1 1128 148 1322 395 0
5296 1 1148 138 1342 386 0
5297 1 1168 128 1361 377 0
5298 1 1188 118 1381 368 0
5299 1 1208 125 1401 379 0
5300 1 1228 132 1420 390 1
5301 1 1248 139 1440 401 1
5302 1 1268 146 1460 412 1
5303 1 1288 153 1479 423 1
5304 1 1308 160 1499 433 1
5305 1 1318 160 1510 432 1
5306 1 1328 160 1521 430 1
5307 1 1338 161 1532 430 1
5308 1 1348 161 1543 429 1
5309 1 1358 161 1554 427 1
5310 1 1368 162 1566 427 1
5311 1 1378 162 1577 425 1
5312 1 1388 162 1588 424 1
5313 1 1386 169 1583 427 1
5314 1 1384 176 1578 430 1
5315 1 1382 183 1574 433 1
5316 1 1381 190 1570 435 1
5317 1 1379 197 1566 438 1
5318 1 1366 204 1561 454 1
5319 1 1353 211 1556 470 1
5320 1 1340 218 1552 486 1
5321 1 1308 252 1516 530 1
5322 1 1276 286 1480 574 1
5323 1 1218 400 1470 676 1
5324 1 1180 482 1432 758 1
5325 1 1140 556 1392 826 1
5326 1 1104 604 1332 872 1
5327 1 1078 669 1293 954 1
5328 1 1057 702 1267 983 1
5329 1 1036 734 1240 1010 1
5330 1 1020 753 1233 1025 1
5331 1 1005 772 1226 1040 1
5332 1 996 783 1219 1035 1
5333 1 987 794 1212 1030 1
5334 1 969 787 1205 1052 1
5335 1 972 799 1184 1078 1
5336 1 960 796 1187 1064 1
5337 1 946 799 1185 1058 1
5338 1 941 805 1174 1064 1
5339 1 937 810 1163 1069 1
5340 1 932 816 1151 1075 1
5341 1 933 807 1153 1063 1
5342 1 933 798 1154 1051 1
5343 1 934 789 1156 1039 1
5344 1 934 780 1157 1027 1
5345 1 933 778 1159 1037 1
5346 1 931 763 1160 1046 1
5347 1 934 761 1160 1037 1
5348 1 937 759 1161 1029 1
5349 1 939 757 1160 1020 1
5350 1 936 752 1162 1018 1
5351 1 932 746 1163 1015 1
5352 1 928 740 1163 1011 1
5353 1 924 734 1164 1008 1
5354 1 920 728 1165 1005 1
5355 1 916 722 1166 1001 1
5356 1 916 713 1167 988 1
5357 1 916 704 1169 974 1
5358 1 926 689 1178 963 1
5359 1 935 674 1187 952 1
5360 1 944 659 1196 941 1
5361 1 953 644 1204 930 1
5362 1 963 629 1214 919 1
5363 1 972 614 1222 908 1
5364 1 981 598 1234 895 1
5365 1 1030 582 1278 826 1
5366 1 1044 564 1302 812 1
5367 1 1058 558 1308 834 1
5368 1 1074 539 1319 818 1
5369 1 1091 520 1331 801 1
5370 1 1108 501 1343 785 1
5371 1 1125 482 1355 768 1
5372 1 1142 463 1367 752 1
5373 1 1159 444 1379 735 1
5374 1 1176 425 1391 719 1
5375 1 1176 425 1389 716 0
5376 1 1176 426 1388 714 0
5377 1 1176 427 1386 712 0
5378 1 1176 428 1385 710 0
5379 1 1170 422 1379 725 0
5380 1 1176 426 1382 721 0
5381 1 1181 431 1384 718 0
5382 1 1187 436 1388 716 0
5383 1 1193 441 1391 713 0
5384 1 1199 446 1395 710 0
5385 1 1205 450 1398 706 0
5386 1 1211 455 1402 704 0
5387 1 1217 460 1405 701 0
5388 1 1218 451 1408 698 0
5389 1 1219 441 1411 695 0
5390 1 1220 432 1413 692 0
5391 1 1221 423 1416 690 0
5392 1 1222 413 1419 686 0
5393 1 1224 404 1423 683 0
5394 1 1237 396 1443 681 0
5395 1 1250 388 1462 679 0
5396 1 1264 380 1483 677 0
5397 1 1261 371 1480 681 0
5398 1 1258 361 1478 684 0
5399 1 1255 351 1475 686 0
5400 1 1244 347 1471 682 0
5401 1 1233 343 1467 678 0
5402 1 1222 339 1463 674 0
5403 1 1217 338 1456 673 0
5404 1 1211 338 1448 673 0
5405 1 1205 337 1440 672 0
5406 1 1199 339 1438 673 0
5407 1 1192 340 1436 674 0
5408 1 1186 342 1434 676 0
5409 1 1180 343 1432 676 0
5410 1 1173 345 1429 678 0
5411 1 1167 346 1427 679 0
5412 1 1161 348 1426 680 0
5413 1 1165 347 1426 680 0
5414 1 1169 345 1427 679 0
5415 1 1173 344 1428 679 0
5416 1 1177 342 1429 678 0
5417 1 1181 341 1430 678 0
5418 1 1186 339 1432 677 0
5419 1 1187 340 1430 672 0
5420 1 1188 340 1429 666 0
5421 1 1189 341 1428 662 0
5422 1 1191 341 1428 656 0
5423 1 1192 342 1426 651 0
5424 1 1193 342 1425 645 0
5425 1 1168 333 1400 643 0
5426 1 1143 325 1375 642 0
5427 1 1118 316 1350 641 0
5428 1 1093 307 1325 639 0
5429 1 1049 304 1284 636 0
5430 1 1005 301 1243 633 0
5431 1 966 298 1201 619 0
5432 1 931 299 1168 619 0
5433 1 895 299 1133 618 0
5434 1 859 300 1099 618 0
5435 1 824 301 1066 618 0
5436 1 788 301 1031 617 0
5437 1 752 302 997 617 0
5438 1 717 303 964 617 0
5439 1 681 303 929 616 0
5440 1 645 304 895 616 0
5441 1 636 299 885 618 0
5442 1 628 295 876 621 0
5443 1 619 291 867 625 0
5444 1 610 286 857 627 0
5445 1 613 289 859 630 0
5446 1 616 292 861 632 0
5447 1 619 295 862 634 0
5448 1 622 298 864 637 0
5449 1 625 301 866 639 0
5450 1 609 298 862 627 0
5451 1 594 311 844 644 0
5452 1 579 325 825 662 0
5453 1 563 338 805 678 0
5454 1 548 351 786 695 0
5455 1 547 358 786 698 0
5456 1 545 364 785 701 0
5457 1 544 371 784 704 0
5458 1 542 378 783 707 0
5459 1 563 376 803 704 0
5460 1 583 374 823 701 0
5461 1 604 372 843 698 0
5462 1 625 370 863 695 0
5463 1 672 368 909 691 0
5464 1 719 366 956 686 0
5465 1 766 364 1002 681 1
5466 1 813 363 1048 678 1
5467 1 867 361 1102 674 1
5468 1 922 359 1157 669 1
5469 1 976 357 1210 665 1
5470 1 1015 352 1253 660 1
5471 1 1055 348 1296 657 1
5472 1 1082 346 1334 653 1
5473 1 1110 343 1372 649 1
5474 1 1138 341 1411 645 1
5475 1 1165 339 1422 648 1
5476 1 1193 336 1434 651 1
5477 1 1209 345 1447 661 1
5478 1 1225 353 1461 670 1
5479 1 1241 361 1474 679 1
5480 1 1257 369 1488 688 1
5481 1 1273 378 1501 699 1
5482 1 1276 372 1507 693 1
5483 1 1280 367 1515 689 1
5484 1 1284 362 1522 685 1
5485 1 1287 357 1528 681 1
5486 1 1280 364 1512 685 1
5487 1 1273 372 1496 690 1
5488 1 1265 379 1480 694 1
5489 1 1258 386 1464 698 1
5490 1 1229 414 1433 732 1
5491 1 1199 441 1401 765 1
5492 1 1170 469 1370 798 1
5493 1 1134 501 1325 795 1
5494 1 1099 522 1319 825 1
5495 1 1086 538 1304 836 1
5496 1 1072 554 1288 847 1
5497 1 1059 570 1273 857 1
5498 1 1046 587 1258 869 1
5499 1 1040 588 1255 874 1
5500 1 1034 590 1251 881 1
5501 1 1041 567 1256 856 1
5502 1 1048 544 1261 831 1
5503 1 1055 521 1265 807 1
5504 1 1062 498 1270 782 1
5505 1 1069 475 1275 757 1
5506 1 1088 451 1296 747 1
5507 1 1106 428 1316 737 1
5508 1 1125 404 1337 726 1
5509 1 1143 380 1358 715 1
5510 1 1156 384 1369 711 1
5511 1 1169 388 1380 708 1
5512 1 1181 392 1390 704 1
5513 1 1187 390 1398 702 1
5514 1 1193 388 1406 701 1
5515 1 1199 386 1414 699 1
5516 1 1205 384 1422 697 1
5517 1 1211 382 1430 696 1
5518 1 1217 380 1438 694 1
5519 1 1223 378 1446 693 1
5520 1 1224 376 1447 691 1
5521 1 1225 375 1447 691 1
5522 1 1226 373 1447 689 1
5523 1 1227 372 1447 689 1
5524 1 1228 370 1447 687 1
5525 1 1229 369 1448 687 1
5526 1 1226 373 1444 689 1
5527 1 1223 377 1440 691 1
5528 1 1220 380 1435 692 1
5529 1 1217 384 1431 694 1
5530 1 1214 388 1427 696 1
5531 1 1211 392 1423 698 1
5532 1 1206 398 1418 704 1
5533 1 1202 403 1415 709 1
5534 1 1197 409 1410 716 1
5535 1 1193 414 1406 721 1
5536 1 1188 420 1401 727 1
5537 1 1183 426 1397 734 1
5538 1 1179 431 1393 739 1
5539 1 1174 437 1388 745 1
5540 1 1170 442 1385 751 1
5541 1 1167 445 1382 751 1
5542 1 1165 447 1380 751 1
5543 1 1162 450 1377 751 1
5544 1 1160 452 1375 751 1
5545 1 1157 455 1372 751 1
5546 1 1154 457 1369 751 1
5547 1 1152 460 1367 751 1
5548 1 1150 459 1364 757 1
5549 1 1149 457 1362 763 1
5550 1 1148 456 1361 769 1
5551 1 1146 454 1358 775 0
5552 1 1144 451 1361 772 0
5553 1 1141 447 1363 769 0
5554 1 1139 444 1366 766 0
5555 1 1136 440 1368 763 0
5556 1 1134 437 1372 760 0
5557 1 1131 433 1374 757 0
5558 1 1131 432 1372 751 0
5559 1 1131 431 1371 746 0
5560 1 1131 430 1369 740 0
5561 1 1130 429 1366 735 0
5562 1 1130 427 1365 728 0
5563 1 1130 426 1363 723 0
5564 1 1130 425 1362 718 0
5565 1 1129 424 1359 712 0
5566 1 1129 422 1357 706 0
5567 1 1129 421 1356 700 0
5568 1 1129 420 1354 695 0
5569 1 1128 419 1351 689 0
5570 1 1128 420 1351 692 0
5571 1 1128 421 1350 694 0
5572 1 1128 422 1350 696 0
5573 1 1128 423 1350 699 0
5574 1 1128 425 1349 702 0
5575 1 1127 426 1348 704 0
5576 1 1127 427 1347 707 0
5577 1 1127 428 1347 709 0
5578 1 1127 429 1346 711 0
5579 1 1127 431 1346 715 0
5580 1 1127 432 1345 717 0
5581 1 1127 433 1345 719 0
5582 1 1126 434 1344 722 0
5583 1 1126 435 1343 724 0
5584 1 1126 436 1343 726 0
5585 1 1126 438 1342 730 0
5586 1 1126 439 1342 732 0
5587 1 1126 440 1341 734 0
5588 1 1126 441 1341 737 0
5589 1 1125 442 1340 739 0
5590 1 1126 442 1339 736 0
5591 1 1126 442 1337 734 0
5592 1 1126 442 1336 731 0
5593 1 1127 442 1335 728 0
5594 1 1127 442 1333 726 0
5595 1 1127 442 1332 723 0
5596 1 1127 442 1330 720 0
5597 1 1128 442 1330 718 0
5598 1 1128 442 1328 715 0
5599 1 1128 442 1326 712 0
5600 1 1128 442 1325 710 0
5601 1 1125 441 1325 711 0
5602 1 1121 440 1324 712 0
5603 1 1118 439 1324 714 0
5604 1 1114 438 1323 715 0
5605 1 1111 436 1323 715 0
5606 1 1107 435 1322 717 0
5607 1 1104 434 1321 718 0
5608 1 1100 433 1320 719 0
5609 1 1097 432 1320 721 0
5610 1 1093 431 1319 722 0
5611 1 1081 429 1313 757 1
5612 1 1069 427 1306 757 1
5613 1 1058 425 1301 757 1
5614 1 1046 424 1294 757 1
5615 1 1034 422 1288 757 1
5616 1 1022 420 1281 757 1
5617 1 1011 419 1276 757 1
5618 1 1013 418 1276 753 1
5619 1 1015 418 1276 750 1
5620 1 1017 418 1277 747 1
5621 1 1019 417 1277 743 1
5622 1 1021 417 1277 740 1
5623 1 1023 417 1277 737 1
5624 1 1025 407 1278 733 1
5625 1 1021 412 1274 737 1
5626 1 1017 416 1270 739 1
5627 1 1013 421 1266 742 1
5628 1 1009 425 1262 744 0
5629 1 1005 430 1258 747 0
5630 1 1001 434 1254 749 0
5631 1 997 439 1250 752 0
5632 1 993 443 1246 754 0
5633 1 989 448 1242 758 0
5634 1 985 452 1238 760 0
5635 1 981 457 1234 763 0
5636 1 978 459 1224 765 0
5637 1 974 461 1213 766 0
5638 1 971 463 1204 768 0
5639 1 967 465 1193 770 0
5640 1 964 467 1191 772 0
5641 1 960 469 1188 773 0
5642 1 957 471 1187 775 0
5643 1 954 473 1185 777 0
5644 1 950 475 1182 779 0
5645 1 947 477 1180 780 0
5646 1 943 479 1178 782 0
5647 1 940 481 1176 784 0
5648 1 948 478 1176 776 0
5649 1 956 476 1176 769 0
5650 1 963 474 1175 763 0
5651 1 990 472 1205 765 0
5652 1 1016 470 1233 767 0
5653 1 1043 468 1263 769 0
5654 1 1102 466 1319 765 0
5655 1 1161 464 1376 761 0
5656 1 1220 462 1432 757 0
5657 1 1284 460 1495 745 0
5658 1 1349 457 1559 732 0
5659 1 1414 455 1623 720 0
5660 1 1439 453 1643 715 0
5661 1 1464 451 1664 710 0
5662 1 1477 454 1676 714 0
5663 1 1491 456 1690 718 0
5664 1 1504 458 1702 721 0
5665 1 1517 461 1715 726 0
5666 1 1530 463 1727 729 0
5667 1 1544 466 1741 734 0
5668 1 1561 465 1756 732 0
5669 1 1579 464 1772 729 0
5670 1 1597 464 1788 728 0
5671 1 1615 463 1804 726 0
5672 1 1632 462 1819 723 0
5673 1 1650 462 1835 722 0
5674 1 1668 461 1851 720 0
5675 1 1686 460 1866 718 0
5676 1 1704 460 1882 716 0
5677 1 1750 460 1912 681 0
5678 1 1759 460 1912 667 0
5679 1 1768 460 1912 653 0
5680 1 1776 460 1911 640 0
5681 1 1776 460 1911 640 0
5738 1 1738 280 1917 548 0
5739 1 1622 269 1809 557 0
5740 1 1506 258 1701 566 0
5741 1 1390 246 1593 574 0
5742 1 1275 235 1486 583 0
5743 1 1190 236 1458 545 0
5744 1 1137 233 1397 539 0
5745 1 1083 230 1335 534 0
5746 1 1029 227 1274 529 0
5747 1 1009 224 1237 535 0
5748 1 990 221 1202 542 0
5749 1 976 250 1190 566 0
5750 1 963 278 1180 590 0
5751 1 949 306 1169 614 0
5752 1 936 334 1159 638 0
5753 1 922 363 1148 663 0
5754 1 916 413 1131 709 0
5755 1 909 463 1113 755 0
5756 1 902 514 1095 802 0
5757 1 896 564 1078 848 0
5758 1 894 587 1099 875 0
5759 1 882 633 1101 910 0
5760 1 883 666 1093 944 0
5761 1 884 699 1085 978 0
5762 1 876 711 1078 985 0
5763 1 867 724 1092 994 0
5764 1 874 726 1093 1002 0
5765 1 882 728 1095 1010 1
5766 1 887 723 1100 1002 1
5767 1 892 718 1105 994 1
5768 1 897 714 1110 987 1
5769 1 902 709 1115 979 1
5770 1 907 704 1120 971 1
5771 1 912 699 1126 964 1
5772 1 910 693 1128 943 1
5773 1 913 690 1128 941 1
5774 1 916 687 1128 938 1
5775 1 919 684 1128 936 1
5776 1 923 681 1129 934 1
5777 1 926 678 1129 931 1
5778 1 929 675 1129 929 1
5779 1 932 672 1129 927 1
5780 1 936 666 1142 893 1
5781 1 932 669 1138 910 1
5782 1 944 651 1124 892 1
5783 1 931 640 1125 893 1
5784 1 924 635 1125 886 1
5785 1 916 631 1125 881 1
5786 1 922 634 1122 866 1
5787 1 919 631 1111 874 1
5788 1 915 628 1099 883 1
5789 1 912 625 1098 877 1
5790 1 908 622 1095 872 1
5791 1 905 619 1093 867 1
5792 1 902 616 1091 862 1
5793 1 898 613 1088 856 1
5794 1 895 610 1086 851 1
5795 1 891 607 1083 846 1
5796 1 888 604 1083 843 1
5797 1 884 601 1082 841 1
5798 1 881 598 1082 839 1
5799 1 878 595 1081 837 1
5800 1 874 595 1074 836 1
5801 1 870 595 1066 835 1
5802 1 867 595 1059 833 1
5803 1 863 595 1051 832 1
5804 1 859 594 1044 830 1
5805 1 856 594 1037 829 1
5806 1 852 594 1034 828 1
5807 1 849 594 1032 827 1
5808 1 845 594 1030 826 1
5809 1 841 594 1027 825 1
5810 1 838 593 1025 823 1
5811 1 834 593 1023 822 1
5812 1 830 593 1020 821 1
5813 1 827 593 1018 820 1
5814 1 823 593 1016 819 1
5815 1 825 588 1018 816 1
5816 1 827 583 1020 813 1
5817 1 829 578 1022 810 1
5818 1 831 573 1024 807 1
5819 1 833 569 1025 805 1
5820 1 835 564 1027 801 1
5821 1 837 559 1029 798 1
5822 1 839 554 1031 795 1
5823 1 841 542 1033 792 1
5824 1 844 542 1036 792 1
5825 1 847 542 1039 792 1
5826 1 849 541 1041 791 1
5827 1 852 541 1044 791 1
5828 1 854 541 1045 791 1
5829 1 857 540 1048 790 1
5830 1 859 540 1050 790 1
5831 1 862 540 1053 791 1
5832 1 865 539 1056 790 1
5833 1 863 539 1052 790 1
5834 1 862 539 1048 790 1
5835 1 861 538 1045 789 1
5836 1 860 538 1042 789 1
5837 1 859 538 1039 789 1
5838 1 857 537 1034 788 1
5839 1 856 537 1031 788 1
5840 1 855 537 1028 788 1
5841 1 856 537 1034 788 0
5842 1 857 537 1041 787 0
5843 1 858 540 1054 788 0
5844 1 858 562 1040 786 0
5845 1 858 560 1040 784 0
5846 1 860 560 1038 782 0
5847 1 860 560 1038 780 0
5848 1 860 558 1038 776 0
5849 1 868 560 1052 778 0
5850 1 870 556 1052 772 0
5851 1 872 556 1050 770 0
5852 1 870 556 1052 772 0
5853 1 872 558 1056 776 0
5854 1 872 560 1056 778 0
5855 1 872 558 1056 776 0
5856 1 872 556 1056 770 0
5857 1 874 556 1056 768 0
5858 1 876 554 1058 766 0
5859 1 880 550 1062 762 0
5860 1 882 550 1062 760 0
5861 1 890 548 1066 756 0
5862 1 892 542 1068 752 0
5863 1 896 538 1072 746 0
5864 1 897 538 1076 743 0
5865 1 898 538 1080 741 0
5866 1 899 538 1085 739 0
5867 1 900 538 1089 737 0
5868 1 901 538 1093 734 0
5869 1 902 538 1098 732 0
5870 1 903 538 1102 730 0
5871 1 904 538 1106 728 0
5872 1 906 510 1108 748 0
5873 1 908 512 1110 737 0
5874 1 909 514 1112 726 0
5875 1 911 516 1114 716 0
5876 1 915 506 1115 716 0
5877 1 920 495 1118 716 0
5878 1 924 490 1120 715 0
5879 1 928 486 1121 716 0
5880 1 910 507 1119 709 0
5881 1 916 494 1119 717 0
5882 1 921 481 1118 726 0
5883 1 909 476 1119 727 0
5884 1 896 471 1120 728 0
5885 1 896 472 1121 745 0
5886 1 895 479 1119 742 0
5887 1 893 485 1117 738 0
5888 1 892 492 1116 735 0
5889 1 891 499 1115 731 0
5890 1 890 506 1114 728 0
5891 1 889 513 1113 725 0
5892 1 889 510 1109 729 0
5893 1 889 508 1106 734 0
5894 1 889 505 1102 738 0
5895 1 889 503 1099 743 0
5896 1 888 500 1094 747 0
5897 1 888 498 1090 751 0
5898 1 888 495 1087 755 0
5899 1 888 493 1083 760 0
5900 1 888 491 1080 765 0
5901 1 888 490 1081 762 0
5902 1 888 489 1083 759 0
5903 1 888 488 1085 756 0
5904 1 888 487 1086 753 0
5905 1 888 486 1088 750 0
5906 1 888 485 1090 747 0
5907 1 888 484 1091 744 0
5908 1 888 483 1093 741 0
5909 1 888 482 1094 738 0
5910 1 888 481 1096 735 0
5911 1 888 476 1098 731 0
5912 1 888 471 1099 728 0
5913 1 888 466 1101 725 0
5914 1 888 461 1103 722 0
5915 1 888 456 1104 719 0
5916 1 888 451 1106 716 0
5917 1 887 450 1105 714 0
5918 1 886 449 1104 712 0
5919 1 886 448 1104 710 0
5920 1 885 447 1103 708 0
5921 1 885 446 1103 707 0
5922 1 884 445 1102 705 0
5923 1 884 444 1102 703 0
5924 1 883 443 1101 701 0
5925 1 883 441 1101 698 0
5926 1 882 440 1100 697 0
5927 1 882 439 1100 695 0
5928 1 883 439 1100 695 0
5929 1 884 438 1101 694 0
5930 1 886 437 1103 693 0
5931 1 887 437 1104 693 0
5932 1 888 436 1105 692 0
5933 1 890 436 1107 692 0
5934 1 891 435 1108 691 0
5935 1 892 434 1108 690 0
5936 1 894 434 1110 690 0
5937 1 895 433 1111 689 0
5938 1 896 432 1112 688 0
5939 1 898 432 1114 688 0
5940 1 899 431 1115 687 0
5941 1 900 431 1116 687 0
5942 1 904 421 1120 683 0
5943 1 907 412 1123 680 0
5944 1 910 402 1126 676 0
5945 1 916 401 1132 675 0
5946 1 921 399 1137 673 0
5947 1 927 398 1143 672 0
5948 1 933 396 1149 670 0
5949 1 938 395 1154 669 0
5950 1 956 386 1171 662 0
5951 1 974 377 1188 655 0
5952 1 991 369 1205 648 0
5953 1 1009 360 1222 641 1
5954 1 1027 351 1240 634 1
5955 1 1045 342 1257 626 1
5956 1 1062 334 1274 620 1
5957 1 1080 325 1291 613 1
5958 1 1098 316 1309 605 1
5959 1 1107 319 1323 596 1
5960 1 1116 323 1336 588 1
5961 1 1125 326 1350 578 1
5962 1 1131 327 1354 583 1
5963 1 1137 328 1358 589 1
5964 1 1143 328 1362 593 1
5965 1 1149 329 1366 598 1
5966 1 1155 330 1370 603 1
5967 1 1162 331 1375 608 1
5968 1 1163 346 1376 620 1
5969 1 1164 360 1377 631 1
5970 1 1165 375 1378 643 1
5971 1 1166 390 1379 655 1
5972 1 1167 405 1380 667 1
5973 1 1180 414 1388 668 1
5974 1 1193 423 1397 669 1
5975 1 1206 432 1405 670 1
5976 1 1220 441 1414 671 1
5977 1 1233 446 1429 672 1
5978 1 1246 450 1444 671 1
5979 1 1260 455 1461 671 1
5980 1 1273 459 1476 671 1
5981 1 1286 464 1491 671 1
5982 1 1300 468 1507 670 1
5983 1 1313 466 1520 670 1
5984 1 1326 463 1532 669 1
5985 1 1330 462 1537 666 1
5986 1 1334 461 1542 664 1
5987 1 1338 460 1547 661 1
5988 1 1342 459 1552 659 1
5989 1 1346 457 1557 655 1
5990 1 1350 456 1562 653 1
5991 1 1347 457 1559 656 1
5992 1 1344 457 1556 658 1
5993 1 1342 458 1554 661 1
5994 1 1339 459 1552 665 1
5995 1 1336 459 1549 667 1
5996 1 1334 460 1547 670 1
5997 1 1331 460 1545 672 1
5998 1 1329 461 1543 675 1
5999 1 1326 462 1540 678 1
6000 1 1323 462 1538 681 1
6001 1 1321 463 1536 684 1
6002 1 1318 463 1533 686 1
6003 1 1313 470 1528 698 1
6004 1 1308 476 1523 709 1
6005 1 1303 482 1518 720 1
6006 1 1297 489 1512 732 1
6007 1 1292 495 1507 742 1
6008 1 1287 501 1502 753 1
6009 1 1282 508 1498 765 1
6010 1 1271 511 1484 768 1
6011 1 1260 514 1471 771 1
6012 1 1248 517 1457 774 1
6013 1 1237 520 1443 776 1
6014 1 1226 524 1430 780 1
6015 1 1215 527 1417 783 1
6016 1 1204 530 1404 786 1
6017 1 1193 533 1390 789 1
6018 1 1182 536 1377 792 1
6019 1 1170 540 1363 795 1
6020 1 1159 543 1350 798 1
6021 1 1148 546 1336 801 1
6022 1 1137 549 1323 804 1
6023 1 1129 546 1313 801 1
6024 1 1122 543 1304 799 1
6025 1 1114 539 1294 796 1
6026 1 1106 536 1283 793 1
6027 1 1099 532 1274 790 1
6028 1 1091 529 1264 787 1
6029 1 1083 526 1254 785 1
6030 1 1076 522 1245 782 1
6031 1 1062 513 1233 772 1
6032 1 1049 503 1222 762 1
6033 1 1035 493 1210 751 1
6034 1 1022 483 1199 741 1
6035 1 1008 473 1186 731 1
6036 1 995 463 1175 720 1
6037 1 981 471 1161 727 1
6038 1 967 479 1147 733 1
6039 1 953 486 1133 739 1
6040 1 939 494 1118 745 1
6041 1 925 501 1104 751 1
6042 1 926 509 1105 757 1
6043 1 926 516 1106 763 1
6044 1 926 524 1106 769 1
6045 1 927 531 1107 775 1
6046 1 927 539 1107 781 1
6047 1 928 546 1109 787 1
6048 1 928 554 1109 793 1
6049 1 928 562 1109 800 1
6050 1 931 561 1112 798 1
6051 1 933 560 1114 796 1
6052 1 936 560 1117 795 1
6053 1 938 559 1120 794 1
6054 1 940 558 1122 792 1
6055 1 943 558 1125 791 1
6056 1 945 557 1127 789 1
6057 1 948 556 1130 788 1
6058 1 950 556 1132 787 1
6059 1 952 555 1134 785 1
6060 1 955 554 1137 783 1
6061 1 965 546 1149 778 1
6062 1 976 537 1161 772 1
6063 1 987 528 1174 765 1
6064 1 997 520 1186 760 1
6065 1 1001 512 1193 753 1
6066 1 1004 504 1199 745 1
6067 1 1007 497 1205 739 1
6068 1 1011 489 1213 732 1
6069 1 1014 481 1219 725 1
6070 1 1017 474 1225 718 1
6071 1 1021 466 1233 711 1
6072 1 1024 436 1208 721 1
6073 1 1014 429 1202 700 1
6074 1 1004 421 1196 679 1
6075 1 993 414 1189 658 1
6076 1 983 407 1183 637 1
6077 1 973 390 1165 629 1
6078 1 963 373 1147 620 1
6079 1 949 374 1138 614 1
6080 1 935 375 1128 609 1
6081 1 921 376 1119 603 1
6082 1 916 378 1112 605 1
6083 1 911 379 1106 607 1
6084 1 906 380 1099 609 1
6085 1 900 381 1091 610 1
6086 1 895 382 1084 612 1
6087 1 890 384 1077 615 1
6088 1 885 385 1071 616 1
6089 1 880 386 1064 618 1
6090 1 874 387 1056 620 1
6091 1 870 388 1052 620 1
6092 1 866 389 1048 621 1
6093 1 862 390 1044 622 1
6094 1 858 392 1039 624 1
6095 1 854 393 1035 625 1
6096 1 850 394 1031 625 1
6097 1 853 395 1034 629 1
6098 1 855 396 1037 632 1
6099 1 858 397 1040 635 1
6100 1 861 398 1043 639 1
6101 1 864 399 1046 642 1
6102 1 866 400 1049 645 1
6103 1 869 401 1052 649 1
6104 1 872 402 1055 652 1
6105 1 884 402 1053 627 1
6106 1 884 403 1057 628 1
6107 1 883 405 1060 629 1
6108 1 882 406 1064 629 1
6109 1 881 407 1067 630 1
6110 1 881 408 1071 630 1
6111 1 880 410 1074 631 1
6112 1 879 411 1077 632 1
6113 1 878 412 1081 632 1
6114 1 878 414 1085 633 1
6115 1 877 415 1088 634 1
6116 1 876 416 1091 634 1
6117 1 876 418 1096 636 1
6118 1 884 412 1093 642 1
6119 1 893 406 1092 648 1
6120 1 901 400 1090 655 1
6121 1 901 405 1091 657 1
6122 1 901 409 1093 658 1
6123 1 901 414 1095 660 1
6124 1 900 419 1096 663 1
6125 1 900 424 1098 665 1
6126 1 900 429 1099 667 1
6127 1 900 434 1101 669 1
6128 1 900 439 1103 672 1
6129 1 899 444 1104 674 1
6130 1 899 449 1106 676 1
6131 1 899 454 1108 678 1
6132 1 899 459 1109 680 1
6133 1 898 464 1110 683 1
6134 1 898 469 1112 685 1
6135 1 898 474 1114 687 1
6136 1 898 479 1116 689 1
6137 1 903 470 1111 698 1
6138 1 909 461 1107 706 1
6139 1 911 462 1106 708 1
6140 1 914 462 1105 709 1
6141 1 916 463 1103 711 1
6142 1 919 464 1103 713 1
6143 1 921 465 1101 714 1
6144 1 924 465 1100 715 1
6145 1 928 466 1109 717 1
6146 1 933 467 1119 720 1
6147 1 938 468 1129 722 1
6148 1 943 468 1139 723 1
6149 1 958 459 1149 718 1
6150 1 973 451 1159 714 1
6151 1 987 442 1168 709 1
6152 1 1006 440 1193 702 1
6153 1 1026 439 1218 696 1
6154 1 1046 432 1235 687 1
6155 1 1067 424 1253 676 1
6156 1 1088 417 1272 667 1
6157 1 1092 410 1277 661 0
6158 1 1096 404 1282 656 0
6159 1 1100 398 1287 651 0
6160 1 1105 391 1294 645 0
6161 1 1109 385 1299 640 0
6162 1 1113 378 1304 634 0
6163 1 1117 372 1309 629 0
6164 1 1121 366 1314 624 0
6165 1 1126 359 1321 618 0
6166 1 1130 353 1326 613 0
6167 1 1129 355 1324 615 0
6168 1 1129 357 1324 617 0
6169 1 1128 360 1322 620 0
6170 1 1128 362 1321 622 0
6171 1 1127 364 1320 624 0
6172 1 1127 366 1319 626 0
6173 1 1126 368 1317 628 0
6174 1 1126 371 1317 631 0
6175 1 1125 373 1315 633 0
6176 1 1125 375 1314 635 0
6177 1 1124 377 1313 637 0
6178 1 1123 379 1311 639 0
6179 1 1123 382 1310 642 0
6180 1 1122 384 1309 644 0
6181 1 1122 386 1308 646 0
6182 1 1121 388 1307 648 0
6183 1 1121 390 1306 650 0
6184 1 1120 392 1304 652 0
6185 1 1120 395 1304 655 0
6186 1 1120 397 1304 650 0
6187 1 1120 401 1304 646 0
6188 1 1120 405 1304 642 0
6189 1 1120 397 1304 634 0
6190 1 1120 389 1305 625 0
6191 1 1119 382 1304 618 0
6192 1 1119 374 1305 610 0
6193 1 1119 366 1306 602 0
6194 1 1118 359 1305 594 0
6195 1 1118 351 1306 586 0
6196 1 1117 343 1305 578 0
6197 1 1122 336 1306 603 0
6198 1 1112 332 1295 597 0
6199 1 1102 329 1285 592 0
6200 1 1092 325 1274 586 0
6201 1 1081 322 1263 580 0
6202 1 1071 318 1253 574 0
6203 1 1061 315 1242 569 0
6204 1 1055 311 1238 564 0
6205 1 1050 307 1234 558 0
6206 1 1044 304 1230 554 0
6207 1 1040 305 1230 562 0
6208 1 1036 306 1229 571 0
6209 1 1032 306 1229 578 0
6210 1 1027 307 1228 586 1
6211 1 1023 308 1227 595 1
6212 1 1019 309 1227 603 1
6213 1 1014 309 1229 602 1
6214 1 1009 309 1230 601 1
6215 1 1004 309 1231 603 1
6216 1 998 309 1232 606 1
6217 1 993 309 1233 608 1
6218 1 988 309 1235 610 1
6219 1 983 309 1236 613 1
6220 1 978 309 1238 615 1
6221 1 968 300 1218 612 1
6222 1 958 292 1198 611 1
6223 1 946 287 1193 610 1
6224 1 933 282 1188 610 1
6225 1 931 274 1180 600 1
6226 1 928 266 1171 591 1
6227 1 926 257 1164 581 1
6228 1 933 247 1174 573 1
6229 1 941 237 1185 566 1
6230 1 948 227 1195 559 1
6231 1 955 216 1206 551 1
6232 1 963 206 1217 544 1
6233 1 970 196 1227 537 1
6234 1 978 197 1239 538 1
6235 1 985 198 1249 539 1
6236 1 992 198 1259 539 1
6237 1 998 201 1268 552 1
6238 1 1004 203 1276 563 1
6239 1 1010 206 1285 576 1
6240 1 1008 206 1286 576 1
6241 1 1007 206 1289 575 1
6242 1 1005 206 1290 575 1
6243 1 1004 206 1293 575 1
6244 1 1002 206 1294 574 1
6245 1 1001 206 1297 574 1
6246 1 1000 206 1299 574 1
6247 1 995 210 1289 579 1
6248 1 990 214 1279 583 1
6249 1 985 218 1269 588 1
6250 1 968 208 1260 585 1
6251 1 951 197 1250 580 1
6252 1 938 184 1215 574 1
6253 1 889 169 1190 542 1
6254 1 843 142 1147 515 1
6255 1 778 115 1094 496 1
6256 1 714 103 1017 481 1
6257 1 650 78 940 458 1
6258 1 587 58 869 443 1
6259 1 523 51 817 429 1
6260 1 479 19 760 409 1
6261 1 434 31 712 409 1
6262 1 388 44 663 409 1
6263 1 369 27 643 395 1
6264 1 341 27 616 397 1
6265 1 313 28 588 400 1
6266 1 285 28 560 401 1
6267 1 258 29 534 404 1
6268 1 230 29 506 406 1
6269 1 202 30 478 409 1
6270 1 174 30 450 411 1
6271 1 146 31 423 414 1
6272 1 118 31 395 416 1
6273 1 121 48 369 378 1
6274 1 99 19 373 345 1
6275 1 74 12 358 333 1
6276 1 82 6 337 331 1
6277 1 64 0 337 309 1
6278 1 64 2 337 308 1
6279 1 64 4 358 301 1
6280 1 64 4 373 274 1
6281 1 91 4 397 259 1
6282 1 91 4 422 227 1
6283 1 128 4 454 222 1
6284 1 128 4 454 197 1
6285 1 128 4 454 148 1
6286 1 143 4 454 129 1
7284 1 1 466 123 856 0
7285 1 1 472 196 880 0
7286 1 2 495 238 990 0
7287 1 2 499 277 983 0
7288 1 3 517 294 976 0
7289 1 4 517 311 1010 0
7290 1 4 517 327 1010 0
7291 1 5 517 344 1027 0
7292 1 6 518 362 1058 0
7293 1 2 520 354 1056 0
7294 1 0 522 344 1028 0
7295 1 0 522 305 1028 0
7296 1 0 540 283 1023 0
7297 1 0 540 244 1033 0
7298 1 0 540 207 1035 0
7299 1 0 540 158 1011 0
7300 1 0 540 111 1021 0
8642 1 3 434 145 789 1
8643 1 25 495 268 772 1
8644 1 72 522 346 841 1
8645 1 109 538 399 859 1
8646 1 145 554 451 878 1
8647 1 165 562 471 886 1
8648 1 173 574 482 904 1
8649 1 180 586 492 923 1
8650 1 188 598 503 941 1
8651 1 196 611 514 961 1
8652 1 204 623 524 980 1
8653 1 211 635 534 998 1
8654 1 219 648 545 1018 1
8655 1 225 652 549 1022 1
8656 1 230 657 551 1027 1
8657 1 236 662 555 1032 1
8658 1 241 667 557 1037 0
8659 1 247 672 561 1042 0
8660 1 253 677 564 1047 0
8661 1 258 682 567 1052 0
8662 1 262 689 567 1054 0
8663 1 266 695 567 1055 0
8664 1 270 702 567 1056 0
8665 1 274 709 567 1058 0
8666 1 278 715 567 1059 0
8667 1 281 722 567 1061 0
8668 1 285 729 567 1062 0
8669 1 290 725 571 1066 0
8670 1 295 722 576 1070 0
8671 1 300 719 580 1074 0
8672 1 304 716 584 1079 0
8673 1 309 713 588 1072 0
8674 1 314 710 593 1065 0
8675 1 319 707 598 1059 0
8676 1 323 704 601 1052 0
8677 1 328 701 606 1045 0
8678 1 333 698 610 1039 0
8679 1 338 695 615 1032 0
8680 1 342 692 618 1025 0
8681 1 347 689 623 1019 0
8682 1 352 686 627 1012 0
8683 1 357 682 632 1004 0
8684 1 361 679 635 998 0
8685 1 375 688 646 1004 0
8686 1 389 697 656 1010 0
8687 1 403 706 667 1016 0
8688 1 417 715 677 1022 0
8689 1 431 724 687 1028 0
8690 1 445 733 698 1034 0
8691 1 449 735 708 1030 0
8692 1 453 737 718 1026 0
8693 1 458 739 729 1022 0
8694 1 462 741 739 1018 0
8695 1 479 748 758 1056 0
8696 1 481 760 756 1060 0
8697 1 482 772 752 1063 0
8698 1 483 783 749 1065 0
8699 1 485 795 746 1069 0
8700 1 486 806 743 1071 0
8701 1 488 818 740 1074 0
8702 1 489 829 737 1076 0
8703 1 474 822 736 1077 0
8704 1 471 816 730 1076 0
8705 1 467 810 723 1075 0
8706 1 463 803 715 1074 0
8707 1 460 797 709 1073 0
8708 1 456 791 702 1072 0
8709 1 452 785 695 1072 0
8710 1 449 778 692 1049 0
8711 1 445 772 688 1028 0
8712 1 442 765 685 1005 0
8713 1 438 762 681 1001 0
8714 1 435 758 678 996 0
8715 1 432 755 675 992 0
8716 1 428 751 671 987 0
8717 1 425 748 668 983 0
8718 1 421 744 664 978 0
8719 1 418 741 661 974 0
8720 1 419 736 661 970 0
8721 1 419 731 660 965 0
8722 1 420 726 660 961 0
8723 1 421 721 661 957 0
8724 1 421 716 660 953 0
8725 1 422 711 660 949 0
8726 1 423 706 661 945 0
8727 1 423 702 660 942 0
8728 1 424 697 660 938 0
8729 1 425 692 661 934 0
8730 1 425 687 660 930 0
8731 1 428 684 659 921 0
8732 1 430 681 658 912 0
8733 1 419 678 647 909 0
8734 1 408 675 637 907 0
8735 1 397 672 627 904 0
8736 1 386 669 616 901 0
8737 1 374 666 605 898 0
8738 1 363 663 595 895 0
8739 1 352 660 584 892 0
8740 1 341 657 574 889 0
8741 1 330 654 564 886 0
8742 1 319 651 553 884 0
8743 1 307 648 542 881 0
8744 1 307 636 542 876 0
8745 1 307 625 542 872 0
8746 1 320 625 554 871 0
8747 1 333 624 566 869 0
8748 1 346 624 577 868 0
8749 1 358 623 588 866 0
8750 1 371 623 600 866 0
8751 1 384 622 612 864 0
8752 1 397 622 624 863 0
8753 1 410 621 635 861 0
8754 1 422 621 646 860 0
8755 1 435 621 658 859 0
8756 1 441 628 661 865 0
8757 1 446 636 663 873 0
8758 1 451 644 665 881 0
8759 1 457 652 676 888 0
8760 1 462 660 686 896 0
8761 1 468 668 697 904 0
8762 1 473 676 708 911 0
8763 1 479 684 719 919 0
8764 1 484 692 729 927 0
8765 1 509 702 750 934 0
8766 1 533 711 770 941 0
8767 1 558 721 791 949 0
8768 1 579 728 820 956 0
8769 1 600 735 849 964 0
8770 1 620 741 877 971 0
8771 1 641 748 906 978 0
8772 1 686 763 940 987 0
8773 1 732 779 988 997 0
8774 1 777 794 1036 1007 0
8775 1 822 809 1084 1016 0
8776 1 867 824 1132 1025 0
8777 1 958 835 1209 1047 0
8778 1 1049 846 1287 1069 0
8779 1 1120 859 1347 1070 0
8780 1 1191 871 1407 1069 0
8781 1 1272 871 1465 1030 0
8816 1 1014 765 1193 927 0
8817 1 931 740 1107 903 0
8818 1 849 714 1022 878 0
8819 1 766 688 935 853 0
8820 1 683 662 849 828 0
8821 1 638 640 806 805 0
8822 1 593 618 763 781 0
8823 1 548 596 719 758 0
8824 1 528 579 705 742 0
8825 1 509 563 691 727 0
8826 1 489 546 677 711 0
8827 1 469 530 662 696 0
8828 1 456 524 647 686 0
8829 1 443 518 631 675 0
8830 1 430 513 615 665 0
8831 1 417 507 599 654 0
8832 1 404 501 583 643 0
8833 1 391 495 567 632 0
8834 1 384 493 559 623 0
8835 1 377 491 550 613 0
8836 1 370 489 541 604 0
8837 1 363 487 533 595 0
8838 1 355 484 523 584 0
8839 1 348 482 514 575 0
8840 1 341 480 506 565 0
8841 1 334 478 497 556 0
8842 1 327 476 489 547 0
8843 1 317 478 478 547 0
8844 1 307 480 467 548 0
8845 1 298 482 458 549 0
8846 1 288 485 447 551 0
8847 1 278 487 436 552 0
8848 1 268 489 426 552 0
8849 1 258 491 415 553 0
8850 1 249 494 406 555 0
8851 1 239 496 395 556 0
8852 1 229 498 384 556 0
8853 1 219 500 374 557 0
8854 1 209 503 363 559 0
8855 1 198 507 351 563 0
8856 1 186 512 337 568 0
8857 1 174 517 324 573 0
8858 1 162 521 311 577 0
8859 1 151 526 298 582 0
8860 1 139 531 285 587 0
8861 1 127 535 272 591 0
8862 1 115 540 258 596 0
8863 1 104 544 246 600 0
8864 1 95 548 235 604 0
8865 1 87 552 226 607 0
8866 1 79 556 216 611 0
8867 1 70 560 206 614 0
8868 1 62 564 196 618 0
8869 1 50 564 182 618 0
8870 1 39 565 169 619 0
8871 1 28 565 156 619 0
8872 1 17 566 143 620 0
8873 1 5 566 129 620 0
8874 1 4 555 122 610 0
8875 1 3 544 115 600 0
