3 1 370 0 472 51 0
4 1 364 0 473 63 0
5 1 348 0 508 124 0
6 1 351 0 532 158 0
7 1 351 1 532 187 0
8 1 354 24 539 220 0
9 1 357 48 546 253 0
10 1 365 145 550 299 0
11 1 377 168 549 333 0
12 1 361 197 532 381 0
13 1 346 213 533 414 0
14 1 346 225 534 411 0
15 1 345 216 533 409 0
16 1 339 213 534 405 0
17 1 345 192 534 384 0
18 1 348 198 541 382 0
19 1 351 203 548 380 0
20 1 355 214 550 407 0
21 1 355 228 536 420 0
22 1 355 245 555 436 0
23 1 363 259 537 449 0
24 1 363 270 537 445 0
25 1 363 266 538 442 0
26 1 362 262 538 438 0
27 1 362 259 538 435 0
28 1 361 255 538 431 0
29 1 365 284 539 466 0
30 1 365 279 540 461 0
31 1 364 291 549 457 0
32 1 363 295 549 470 0
33 1 363 296 549 464 0
34 1 374 300 556 476 0
35 1 373 302 556 471 0
36 1 383 296 556 472 0
37 1 382 295 561 468 0
38 1 381 300 561 462 0
39 1 380 298 561 469 0
40 1 379 300 561 471 0
41 1 385 300 561 475 0
42 1 384 300 565 468 0
43 1 383 295 564 462 0
44 1 382 288 565 471 0
45 1 391 293 564 464 0
46 1 391 287 578 467 0
47 1 389 280 577 460 0
48 1 387 272 576 452 0
49 1 385 265 575 446 0
50 1 383 257 574 438 0
51 1 381 250 574 431 0
52 1 391 262 573 447 0
53 1 388 265 571 438 0
54 1 386 256 571 430 0
55 1 383 256 570 441 0
56 1 383 251 568 444 0
57 1 381 241 568 433 0
58 1 376 244 577 438 0
59 1 377 241 575 433 0
60 1 377 240 573 429 0
61 1 378 238 571 430 0
62 1 375 224 570 415 0
63 1 371 211 568 401 0
64 1 367 197 566 387 0
65 1 364 196 565 392 0
66 1 360 180 563 374 0
67 1 356 164 561 356 0
68 1 355 164 560 360 0
69 1 343 131 559 335 0
70 1 342 102 557 310 0
71 1 342 100 556 286 0
72 1 330 12 555 255 0
73 1 329 19 553 224 0
74 1 329 1 555 188 0
75 1 320 0 529 155 0
76 1 321 0 524 154 0
77 1 339 0 465 51 0
114 2 1807 1 1917 430 0
115 2 1761 0 1919 414 0
116 2 1783 0 1919 436 0
117 2 1761 0 1919 467 0
118 2 1795 0 1920 487 0
119 2 1741 0 1919 465 0
120 2 1690 1 1919 460 0
121 2 1623 1 1919 426 0
122 2 1521 0 1920 388 0
123 2 1468 0 1920 345 0
124 2 1370 0 1918 318 0
125 2 1289 0 1919 302 0
126 2 1216 0 1783 254 0
127 2 1135 0 1666 254 0
128 2 1024 0 1524 254 0
129 2 1029 0 1524 242 0
130 2 815 0 1291 208 0
131 2 701 0 1189 208 0
132 2 652 0 1094 208 0
133 2 570 0 998 208 0
134 2 503 0 916 208 0
135 2 426 0 830 168 0
136 2 325 0 733 168 0
137 2 284 0 639 168 0
138 2 64 0 546 156 0
139 2 45 0 458 151 1
140 2 0 0 358 161 1
141 2 0 0 269 160 1
142 2 0 0 160 160 1
143 2 0 0 160 145 1
419 3 168 101 201 185 0
420 3 183 101 238 172 0
421 3 226 86 284 169 0
422 3 228 92 288 171 0
423 3 329 97 387 180 0
424 3 350 106 411 192 0
425 3 361 101 422 187 0
426 3 356 93 421 177 0
427 3 370 88 412 180 0
546 3 1215 525 1253 627 0
547 3 1201 538 1258 632 0
548 3 1174 555 1235 649 0
549 3 1150 571 1211 665 0
550 3 1131 581 1197 678 0
551 3 1112 591 1183 690 0
552 3 1098 604 1164 700 0
553 3 1086 609 1149 702 0
554 3 1061 618 1124 711 0
555 3 1040 620 1103 713 0
556 3 1015 621 1078 714 0
557 3 997 621 1060 714 0
558 3 985 621 1048 714 0
559 3 975 623 1038 716 0
560 3 965 621 1041 714 0
561 3 955 619 1018 712 0
562 3 929 614 992 707 0
563 3 899 614 966 705 0
564 3 869 619 930 718 0
565 3 849 632 911 730 0
566 3 835 632 897 737 0
567 3 806 632 866 724 0
568 3 772 629 826 721 0
569 3 766 622 824 715 0
570 3 659 615 720 717 0
571 3 580 606 664 707 0
572 3 518 606 605 699 0
573 3 451 597 534 699 0
574 3 369 578 461 707 0
575 3 286 574 380 697 0
576 3 196 545 273 658 0
577 3 44 519 142 649 0
687 2 1743 27 1916 315 0
688 2 1606 79 1912 354 0
689 2 1550 101 1834 383 0
690 2 1504 132 1778 383 0
691 2 1443 141 1729 401 0
692 2 1395 159 1652 406 0
693 2 1377 162 1580 396 0
694 2 1302 170 1500 389 0
695 2 1313 173 1498 394 0
696 2 1168 178 1359 396 0
697 2 1114 191 1318 409 0
698 2 1071 199 1249 413 0
699 2 1049 204 1224 415 0
700 2 1006 211 1181 437 0
701 2 962 235 1127 451 0
702 2 895 253 1034 467 0
703 2 815 269 977 478 0
704 2 754 283 927 492 0
705 2 713 297 905 504 0
706 2 696 304 888 521 0
707 2 687 308 860 517 0
708 2 674 311 847 529 0
709 2 672 324 847 536 0
710 2 661 322 839 538 0
711 2 654 326 839 533 0
712 2 639 320 826 519 0
713 2 628 298 808 508 0
714 2 612 278 801 479 0
715 2 594 258 791 458 0
716 2 584 228 765 444 0
717 2 580 213 755 440 0
718 2 580 220 759 445 0
719 2 596 206 798 420 0
720 2 606 220 808 390 0
721 2 610 224 820 394 0
722 2 608 224 814 390 0
723 2 604 218 808 384 0
724 2 606 218 816 382 0
725 2 684 212 858 400 0
726 2 768 228 930 380 0
727 2 710 220 870 374 0
728 2 922 256 1100 410 0
729 2 914 252 1106 420 0
730 2 928 254 1132 430 0
731 2 946 270 1150 442 0
732 2 972 264 1172 442 0
733 2 990 276 1196 450 0
734 2 1014 272 1224 446 0
735 2 1036 262 1238 440 0
736 2 1054 248 1268 426 0
737 2 1028 254 1242 432 0
738 2 1090 227 1289 474 0
739 2 1116 211 1325 476 0
740 2 1136 212 1369 458 0
741 2 1150 200 1389 441 0
742 2 1167 184 1389 431 0
743 2 1164 170 1384 419 0
744 2 1154 162 1374 348 0
744 4 130 260 185 315 0
745 2 1152 164 1368 346 0
745 4 129 266 183 317 0
746 2 1130 164 1356 358 0
746 4 128 271 182 318 0
747 2 1128 158 1350 354 0
747 4 127 276 180 320 0
748 2 1130 158 1352 356 0
748 4 127 280 181 328 0
749 2 1120 130 1342 304 0
749 4 127 285 181 338 0
750 2 1110 130 1332 310 0
750 4 131 299 185 352 0
751 2 1116 138 1336 318 0
751 4 151 318 191 363 0
752 2 1116 129 1337 397 0
752 4 176 341 211 380 0
753 2 1126 169 1347 455 0
753 4 192 358 234 401 0
754 2 1130 205 1360 440 0
754 4 205 364 251 408 0
755 2 1133 224 1371 503 0
755 4 224 359 266 407 0
756 2 1137 217 1354 488 0
756 4 228 357 270 403 0
757 2 1127 232 1333 473 0
757 4 232 355 273 399 0
758 2 1089 246 1271 469 0
759 2 1003 267 1180 492 0
760 2 890 290 1077 502 0
761 2 802 299 980 501 0
762 2 714 300 870 504 0
763 2 624 292 792 501 0
764 2 540 292 731 506 0
765 2 467 292 682 519 0
766 2 409 284 642 511 0
767 2 350 282 604 520 0
768 2 306 282 557 511 0
769 2 301 282 557 545 0
770 2 158 297 497 579 0
771 2 95 284 444 582 0
772 2 12 284 323 591 0
773 2 0 310 183 573 0
797 3 1769 45 1896 195 0
798 3 1730 23 1827 164 0
799 3 1736 12 1838 124 0
800 3 1647 0 1778 112 0
801 3 1629 1 1757 102 0
802 3 1634 10 1750 120 0
803 3 1638 20 1743 140 0
804 3 1633 97 1724 217 0
805 3 1625 192 1714 332 0
806 3 1607 279 1714 415 0
807 3 1594 361 1699 492 0
808 3 1619 439 1711 551 0
809 3 1640 518 1716 633 0
810 3 1651 588 1741 707 0
811 3 1661 640 1756 779 0
812 3 1661 689 1756 817 0
813 3 1661 724 1765 854 0
814 3 1638 740 1766 874 0
815 3 1636 759 1764 893 0
816 3 1636 778 1764 912 0
817 3 1635 799 1765 913 0
818 3 1635 816 1750 950 0
819 3 1639 828 1750 951 0
820 3 1673 845 1777 968 0
821 3 1736 867 1831 993 0
822 3 1820 886 1904 1019 0
849 3 1748 215 1850 320 0
850 3 1685 164 1788 284 0
851 3 1677 119 1780 239 0
852 3 1690 66 1797 206 0
853 3 1716 8 1818 135 0
854 3 1712 0 1840 102 0
855 3 1712 0 1840 110 0
856 3 1712 0 1840 118 0
857 3 1712 0 1840 126 0
858 3 1712 0 1840 134 0
859 3 1712 0 1840 142 0
860 3 1699 0 1831 122 0
861 3 1687 0 1823 103 0
862 3 1671 0 1811 89 0
863 3 1656 0 1801 75 0
864 3 1656 0 1801 83 0
865 3 1656 0 1801 92 0
866 3 1656 0 1801 100 0
867 3 1664 1 1805 113 0
868 3 1672 1 1810 126 0
869 3 1680 2 1814 139 0
870 3 1688 2 1819 152 0
871 3 1716 23 1842 179 0
872 3 1704 24 1848 178 0
873 3 1750 77 1875 242 0
874 3 1684 140 1804 284 0
875 3 1624 198 1736 340 0
876 3 1556 252 1656 379 0
877 3 1478 287 1588 421 0
878 3 1445 318 1555 457 0
879 3 1404 342 1519 479 0
880 3 1401 373 1504 502 0
881 3 1389 392 1487 518 0
882 3 1377 412 1470 534 0
883 3 1372 424 1470 556 0
884 3 1356 436 1458 568 0
885 3 1339 448 1444 580 0
886 3 1339 456 1444 588 0
887 3 1339 465 1444 597 0
888 3 1339 474 1447 596 0
889 3 1346 474 1447 611 0
890 3 1349 466 1447 595 0
891 3 1352 458 1447 580 0
892 3 1340 432 1436 563 0
893 3 1323 438 1434 565 0
894 3 1336 468 1433 605 0
895 3 1346 495 1443 632 0
896 3 1377 514 1474 651 0
897 3 1407 533 1504 670 0
898 3 1428 523 1525 660 0
899 3 1428 523 1525 660 0
900 3 1428 523 1541 639 0
901 3 1442 524 1555 640 0
902 3 1456 525 1569 641 0
903 3 1471 526 1584 642 0
904 3 1485 527 1598 643 0
905 3 1499 529 1612 645 0
906 3 1513 530 1626 646 0
907 3 1528 531 1641 647 0
908 3 1554 536 1672 671 0
909 3 1579 541 1702 694 0
910 3 1606 557 1729 710 0
911 3 1633 573 1756 726 0
912 3 1594 585 1717 738 0
913 3 1554 598 1677 751 0
914 3 1490 598 1583 772 0
915 3 1371 598 1484 762 0
916 3 1281 605 1404 751 0
917 3 1244 605 1336 739 0
918 3 1183 605 1296 753 0
919 3 1160 602 1279 761 0
920 3 1137 599 1262 768 0
921 3 1116 599 1243 776 0
922 3 1120 593 1249 770 0
923 3 1124 587 1254 764 0
924 3 1128 581 1260 758 0
925 3 1133 576 1266 752 0
926 3 1137 570 1272 746 0
927 3 1141 564 1277 740 0
928 3 1145 558 1283 733 0
929 3 1149 552 1288 727 0
930 3 1149 550 1310 727 0
931 3 1149 548 1332 727 0
932 3 1202 548 1385 727 0
933 3 1347 577 1474 739 0
934 3 1462 594 1601 784 0
935 3 1567 606 1713 810 0
936 3 1675 608 1821 812 0
937 3 1766 618 1912 822 0
938 3 1838 626 1917 824 0
979 3 1849 351 1918 562 0
980 3 1790 343 1918 551 0
981 3 1732 335 1918 541 0
982 3 1654 335 1828 528 0
983 3 1576 335 1737 515 0
984 3 1500 335 1658 503 0
985 3 1414 335 1556 490 0
986 3 1326 316 1481 509 0
987 3 1275 326 1421 513 0
988 3 1205 326 1351 525 0
989 3 1142 342 1326 545 0
990 3 1111 361 1295 564 0
991 3 1081 380 1265 583 0
992 3 1069 400 1249 597 0
993 3 1057 421 1234 613 0
994 3 1046 442 1220 628 0
995 3 1034 462 1205 642 0
996 3 1008 462 1184 631 0
997 3 983 462 1165 620 0
998 3 958 462 1145 609 0
999 3 958 462 1127 610 0
1000 3 958 462 1109 611 0
1001 3 947 456 1110 612 0
1002 3 935 450 1109 612 0
1003 3 924 444 1109 612 0
1004 3 924 438 1109 606 0
1005 3 923 433 1108 601 0
1006 3 922 427 1107 595 0
1007 3 922 422 1107 590 0
1008 3 921 416 1106 584 0
1009 3 920 410 1105 578 0
1010 3 920 405 1105 573 0
1011 3 919 399 1104 567 0
1012 3 921 394 1103 561 0
1013 3 923 389 1102 555 0
1014 3 926 384 1102 550 0
1015 3 928 379 1101 544 0
1016 3 930 374 1100 538 0
1017 3 932 369 1099 532 0
1018 3 935 364 1100 527 0
1019 3 937 359 1099 521 0
1020 3 961 364 1124 522 0
1021 3 986 370 1150 525 0
1022 3 1010 375 1175 526 0
1023 3 1029 341 1194 492 0
1024 3 1049 308 1214 459 0
1025 3 1074 272 1239 421 0
1026 3 1086 281 1249 431 0
1027 3 1098 289 1258 441 0
1028 3 1110 297 1267 451 0
1029 3 1122 306 1276 462 0
1030 3 1134 314 1285 471 0
1031 3 1146 322 1295 481 0
1032 3 1158 331 1304 492 0
1033 3 1170 339 1313 502 0
1034 3 1199 370 1350 533 0
1035 3 1218 374 1398 554 0
1036 3 1244 351 1431 537 0
1037 3 1271 327 1465 518 0
1038 3 1297 304 1499 501 0
1039 3 1350 251 1542 409 0
1040 3 1381 196 1563 383 0
1041 3 1413 140 1586 356 0
1042 3 1400 107 1576 312 0
1043 3 1387 75 1567 269 0
1044 3 1375 42 1559 226 0
1045 3 1357 0 1539 194 0
1046 3 1317 0 1512 186 0
1047 3 1278 0 1486 178 0
1048 3 1239 0 1460 170 0
1049 3 1219 0 1444 169 0
1050 3 1198 0 1427 167 0
1051 3 1178 0 1411 165 0
1052 3 1158 0 1394 163 0
1053 3 1158 0 1391 157 0
1054 3 1158 0 1387 151 0
1055 3 1158 0 1383 145 0
1056 3 1158 0 1379 139 0
1057 3 1158 0 1375 133 0
1058 3 1158 0 1371 126 0
1059 3 1158 0 1367 120 0
1060 3 1158 0 1363 114 0
1061 3 1158 0 1359 108 0
1062 3 1158 0 1355 102 0
1063 3 1158 0 1351 96 0
1064 3 1158 0 1347 89 0
1065 3 1158 0 1343 83 0
1066 3 1158 0 1292 72 0
1067 3 1113 2 1247 74 0
1068 3 1083 1 1184 73 0
1069 3 1011 0 1112 72 0
1070 3 923 1 1024 73 0
1071 3 839 1 940 73 0
1072 3 824 1 934 78 0
1073 3 670 1 761 81 0
1074 3 581 1 664 78 0
1075 3 463 1 583 55 0
1076 2 1736 25 1919 427 0
1076 3 394 1 499 86 0
1077 2 1673 25 1919 428 0
1077 3 320 3 425 88 0
1078 2 1597 17 1917 420 0
1078 3 260 1 365 86 0
1079 2 1464 28 1872 390 0
1079 3 223 1 328 86 0
1080 2 1426 30 1870 390 0
1080 3 186 1 291 86 0
1081 2 1390 34 1840 390 0
1081 3 152 0 259 58 0
1082 2 1442 14 1864 390 0
1082 3 152 0 259 58 0
1083 2 1230 26 1722 400 0
1084 2 1228 2 1680 372 0
1085 2 1253 7 1618 363 0
1086 2 1211 4 1577 338 0
1087 2 1169 1 1537 313 0
1088 2 1105 0 1485 294 0
1089 2 1041 0 1432 276 0
1090 2 1041 0 1381 276 0
1091 2 945 0 1320 260 0
1092 2 903 0 1235 257 0
1093 2 861 0 1149 253 0
1094 2 818 0 1149 253 0
1095 2 774 0 1149 253 0
1096 2 702 0 1091 205 0
1097 2 690 0 1079 205 0
1098 2 677 0 1066 205 0
1099 2 665 0 1054 205 0
1100 2 652 0 1041 205 0
1101 2 640 0 1029 205 0
1102 2 611 0 1000 203 0
1103 2 582 0 971 200 0
1104 2 574 0 971 180 0
1105 2 566 0 971 159 0
1106 2 559 0 972 139 0
1107 2 559 0 889 139 0
1108 2 501 2 831 141 0
1109 2 501 2 818 103 0
1110 2 492 2 772 89 0
1111 2 483 2 726 74 0
1150 2 122 0 473 99 1
1151 2 145 0 496 98 1
1152 2 168 0 519 97 1
1153 2 200 0 551 115 1
1154 2 200 0 576 126 1
1155 2 234 0 598 130 1
1156 2 268 0 619 134 1
1157 2 268 0 638 134 1
1158 2 295 0 638 105 1
1159 2 295 0 638 78 1
1160 2 295 0 638 78 1
1207 2 0 3 142 248 0
1208 2 0 3 238 248 0
1209 2 0 3 401 262 0
1210 2 353 3 646 205 0
1229 2 1676 0 1918 176 0
1230 2 1514 0 1918 206 0
1231 2 1365 0 1769 204 0
1232 2 1228 3 1632 209 0
1233 2 1134 3 1538 209 0
1234 2 1134 3 1477 237 0
1235 2 1085 6 1469 231 0
1236 2 1036 10 1462 226 0
1237 2 1022 10 1452 248 0
1238 2 1022 10 1448 254 0
1239 2 1014 4 1446 256 0
1240 2 1000 0 1434 252 0
1241 2 988 0 1428 252 0
1242 2 963 0 1397 256 0
1243 2 938 2 1366 260 0
1244 2 914 2 1346 258 0
1245 2 908 0 1328 242 0
1246 2 902 1 1311 233 0
1247 2 897 5 1295 225 0
1248 2 887 5 1268 221 0
1249 2 876 5 1240 216 0
1250 2 865 5 1212 211 0
1251 2 855 5 1185 206 0
1252 2 855 5 1170 163 0
1253 2 816 5 1142 135 0
1254 2 804 5 1143 103 0
1255 2 793 0 1050 74 0
1311 2 25 0 453 172 0
1312 2 36 2 476 223 0
1313 2 47 5 499 274 0
1314 2 58 8 522 325 0
1315 2 106 38 568 360 0
1316 2 82 0 558 334 0
1317 2 135 0 625 370 0
1318 2 189 0 694 407 0
1319 2 333 9 838 416 0
1320 2 511 33 1016 440 0
1321 2 742 81 1247 488 0
1322 2 1021 81 1458 541 0
1323 2 1319 81 1771 532 0
1324 2 1594 81 1921 532 0
1329 3 881 77 938 197 0
1330 3 908 77 965 191 0
1331 3 846 52 991 183 0
1332 3 845 55 990 186 0
1333 3 844 57 989 188 0
1334 3 843 59 988 190 0
1335 3 842 62 987 193 0
1336 3 841 64 986 195 0
1337 3 840 66 985 197 0
1338 3 840 68 985 199 0
1339 3 839 71 984 202 0
1340 3 838 73 983 204 0
1341 3 837 75 982 206 0
1342 3 836 78 981 209 0
1343 3 835 80 980 211 0
1344 3 834 82 979 213 0
1345 3 833 84 978 215 0
1346 3 832 87 977 218 0
1347 3 831 89 976 220 0
1348 3 830 91 975 222 0
1349 3 829 94 974 225 0
1350 3 829 96 974 227 0
1351 3 828 98 973 229 0
1352 3 827 100 972 231 0
1353 3 822 107 967 245 0
1354 3 818 114 964 259 0
1355 3 814 120 960 272 0
1356 3 809 127 955 286 0
1357 3 805 133 951 299 0
1358 3 801 140 947 313 0
1359 3 796 146 942 326 0
1360 3 782 154 943 336 0
1361 3 767 162 942 347 0
1362 3 753 170 943 357 0
1363 3 689 168 879 355 0
1364 3 630 146 766 314 0
1365 2 1777 0 1918 485 1
1366 2 1491 0 1918 498 1
1367 2 1154 0 1712 432 1
1368 2 932 0 1350 384 1
1369 2 913 9 1367 309 1
1370 2 528 0 1018 216 1
1371 2 528 0 859 163 1
1372 2 451 0 782 163 1
1373 2 322 0 783 139 1
1374 2 322 0 779 168 1
1375 2 322 0 774 196 1
1376 2 322 0 769 225 1
1377 2 304 0 769 241 1
1378 2 286 0 768 257 1
1379 2 269 0 769 273 1
1380 2 249 0 672 322 1
1381 2 162 4 636 270 1
1382 2 148 2 632 270 1
1383 2 153 0 611 257 1
1384 2 158 1 611 274 1
1385 2 164 1 612 210 1
1386 2 180 0 607 188 1
1387 2 174 1 581 167 1
1388 2 179 0 586 166 1
1389 2 184 0 592 166 1
1390 2 186 0 591 155 1
1391 2 188 2 590 145 1
1392 2 211 1 582 140 1
1393 2 234 0 575 136 1
1394 2 242 0 575 130 1
1395 2 251 0 575 124 1
1396 2 259 0 575 119 1
1397 2 267 0 575 113 1
1398 2 276 0 575 108 1
1399 2 284 0 575 102 1
1400 2 292 0 575 97 1
1401 2 301 0 575 91 1
1402 2 314 0 575 81 1
1403 2 327 0 575 71 1
1404 2 340 0 575 60 1
1405 2 353 0 575 50 1
1406 2 353 0 575 50 1
1407 2 353 0 575 50 1
1408 2 353 0 575 50 1
1424 2 485 2 692 95 1
1425 2 485 2 723 221 1
1426 2 545 0 738 266 1
1427 2 500 0 783 324 1
1428 2 500 0 841 358 1
1429 2 633 18 928 412 1
1430 2 782 91 1056 444 1
1431 2 965 144 1219 466 1
1432 2 1157 196 1426 496 1
1433 2 1388 217 1646 545 1
1433 3 50 382 170 458 0
1434 2 1563 195 1843 603 1
1434 3 214 386 363 478 0
1435 2 1671 216 1918 582 1
1435 3 280 379 483 502 0
1436 2 1740 221 1917 581 1
1436 3 360 389 563 538 0
1437 2 1740 221 1917 581 1
1437 3 404 389 602 541 0
1438 3 449 389 642 544 0
1439 3 528 405 674 570 0
1440 3 528 427 702 569 0
1441 3 594 427 736 569 0
1442 3 594 427 771 592 0
1443 3 626 449 772 591 0
1444 3 622 445 768 589 0
1445 3 619 441 765 586 0
1446 3 615 437 761 584 0
1447 3 611 433 757 582 0
1448 3 607 429 753 579 0
1449 3 603 425 749 577 0
1450 3 599 421 745 574 0
1451 3 595 417 741 572 0
1452 3 592 413 738 570 0
1453 3 588 408 734 566 0
1454 3 584 404 730 564 0
1455 3 580 400 726 561 0
1456 3 576 396 722 559 0
1457 3 572 392 718 557 0
1458 3 520 392 653 539 0
1459 2 1708 225 1920 589 1
1459 3 468 392 588 522 0
1460 2 1611 231 1823 595 1
1460 3 306 392 448 509 0
1461 2 1401 225 1688 586 1
1461 3 160 373 286 480 0
1462 2 1252 212 1539 573 1
1462 3 4 313 121 459 0
1463 2 1150 190 1437 551 1
1464 2 1075 164 1373 502 1
1465 2 1009 132 1326 493 1
1466 2 932 98 1252 394 1
1467 2 866 90 1180 380 1
1468 2 782 68 1094 368 1
1469 2 684 40 998 352 1
1470 2 592 22 914 344 1
1471 2 519 0 877 399 1
1472 2 435 0 824 381 1
1473 2 352 0 772 364 1
1474 2 364 0 784 374 1
1475 2 287 0 720 378 1
1476 2 233 0 691 364 1
1477 2 179 1 663 351 1
1478 2 179 1 591 351 1
1479 2 176 2 562 319 1
1480 2 110 0 532 315 1
1481 2 44 0 502 310 1
1482 2 32 0 481 318 1
1483 2 20 3 460 327 1
1484 2 15 1 443 314 1
1485 2 10 0 426 302 1
1486 2 18 0 325 331 1
1487 2 18 0 320 325 1
1488 2 18 0 315 319 1
1489 2 18 0 310 314 1
1490 2 18 0 305 308 1
1491 2 18 0 300 302 1
1492 2 18 0 294 297 1
1493 2 18 0 289 291 1
1494 2 18 0 284 286 1
1495 2 18 0 279 280 1
1496 2 18 0 274 274 1
1497 2 18 0 268 269 1
1498 2 18 0 263 263 1
1499 2 18 0 258 258 1
1500 2 16 0 253 240 1
1501 2 14 0 248 223 1
1502 2 12 0 244 206 1
1503 2 10 0 239 189 1
1504 2 8 0 234 171 1
1505 2 6 0 229 154 1
1506 2 4 0 224 137 1
1507 2 2 0 220 120 0
1508 2 2 0 226 127 0
1509 2 2 0 232 135 0
1510 2 2 0 238 142 0
1511 2 2 0 244 150 0
1512 2 2 0 250 157 0
1513 2 2 0 257 165 0
1514 2 2 0 263 173 0
1515 2 2 0 269 180 0
1516 2 2 0 275 188 0
1517 2 2 0 281 195 0
1518 2 2 0 287 203 0
1519 2 2 0 304 203 0
1520 2 2 0 320 203 0
1521 2 2 0 333 210 0
1522 2 2 0 346 218 0
1523 2 2 0 371 250 0
1524 2 2 0 397 283 0
1525 2 39 0 436 280 0
1526 2 85 0 436 290 0
1527 2 131 0 437 301 0
1528 2 131 0 495 301 0
1529 2 154 5 504 325 0
1530 2 177 11 512 349 0
1531 2 200 17 520 374 0
1532 2 212 32 520 374 0
1533 2 247 48 540 374 0
1534 2 256 61 540 388 0
1535 2 265 74 540 401 0
1536 2 275 88 540 416 0
1537 2 267 84 531 409 0
1538 2 259 81 522 402 0
1539 2 251 78 513 395 0
1540 2 243 75 504 389 0
1541 2 235 72 495 382 0
1542 2 227 69 486 375 0
1543 2 220 66 478 369 0
1544 2 212 63 469 362 0
1545 2 203 57 458 361 0
1546 2 193 51 445 360 0
1547 2 184 45 434 359 0
1548 2 175 39 422 358 0
1549 2 166 33 411 357 0
1550 2 124 19 388 329 0
1551 2 82 4 366 301 0
1552 2 82 4 356 301 0
1553 2 82 4 345 301 0
1554 2 82 4 335 301 0
1555 2 47 4 334 301 0
1556 2 13 4 335 301 0
1557 2 13 4 281 301 0
1558 2 13 4 261 286 0
1559 2 13 4 241 272 0
1560 2 13 4 222 257 0
1561 2 13 4 204 252 0
1562 2 13 4 187 248 0
1563 2 9 4 176 261 0
1564 2 5 4 166 274 0
1565 2 1 4 155 287 0
1566 2 1 4 151 280 0
1567 2 1 4 147 273 0
1568 2 1 4 144 266 0
1569 2 1 4 140 259 0
1570 2 1 4 136 252 0
1571 2 1 4 142 252 0
1572 2 1 4 148 252 0
1573 2 1 4 155 252 0
1574 2 1 4 161 252 0
1575 2 1 4 167 252 0
1576 2 1 4 174 252 0
1577 2 1 4 180 252 0
1578 2 1 4 195 252 0
1579 2 1 4 210 252 0
1580 2 1 4 225 252 0
1581 2 1 4 240 252 0
1582 2 1 4 266 252 0
1583 2 1 4 282 268 0
1584 2 98 4 317 275 0
1585 2 98 4 351 281 0
1586 2 98 4 364 300 0
1587 2 98 4 394 300 0
1588 2 98 4 424 300 0
1589 2 117 4 439 309 0
1590 2 136 4 453 319 0
1591 2 162 0 463 300 0
1592 2 162 0 462 300 0
1593 2 162 0 460 300 0
1594 2 162 0 458 299 0
1595 2 162 0 456 299 0
1596 2 162 0 455 299 0
1597 2 162 0 453 299 0
1598 2 162 0 451 298 0
1599 2 162 0 450 298 0
1600 2 162 0 438 276 0
1601 2 162 0 426 254 0
1602 2 162 0 415 254 1
1603 2 162 0 404 254 1
1604 2 142 0 392 255 1
1605 2 123 0 381 256 1
1606 2 123 0 374 256 1
1607 2 123 0 367 256 1
1608 2 123 0 360 256 1
1609 2 100 0 345 256 1
1610 2 97 0 343 247 1
1611 2 94 0 340 239 1
1612 2 91 0 338 230 1
1613 2 88 0 335 222 1
1614 2 88 0 329 215 1
1615 2 88 0 323 207 1
1616 2 88 0 316 200 1
1617 2 88 0 310 193 1
1618 2 73 0 296 193 1
1619 2 57 0 281 193 1
1620 2 23 0 249 179 1
1621 2 7 0 214 179 1
1622 2 7 0 218 184 1
1623 2 0 0 180 151 1
1624 2 0 0 109 142 1
1625 2 0 0 86 127 1
1626 2 0 0 86 127 1
1635 2 0 0 146 172 1
1636 2 0 0 227 192 1
1637 2 0 0 292 192 1
1638 2 74 0 353 216 1
1639 2 110 0 405 228 1
1640 2 141 0 445 228 1
1641 2 172 0 484 228 1
1642 2 244 0 525 228 1
1643 2 244 0 547 228 1
1644 2 169 0 575 228 1
1645 2 193 0 599 235 1
1646 2 216 0 622 242 1
1647 2 258 0 622 244 1
1648 2 258 0 647 244 1
1649 2 258 0 629 244 1
1650 2 258 0 611 244 1
1651 2 258 0 593 244 1
1652 2 258 0 575 244 1
1653 2 167 0 504 246 1
1654 2 76 0 434 247 0
1655 2 18 0 348 247 0
1656 2 18 0 278 247 0
1657 2 1 0 210 200 0
1658 2 1 0 130 200 0
1659 2 1 0 66 170 0
1698 2 1 3 419 291 1
1699 2 328 3 659 282 1
1700 2 559 3 876 272 1
1701 2 742 3 1059 267 1
1702 2 896 3 1213 243 1
1703 2 1006 3 1361 262 1
1704 2 1122 3 1463 262 0
1705 2 1198 3 1566 273 0
1706 2 1337 3 1679 295 0
1707 2 1448 3 1822 337 0
1708 2 1604 0 1918 371 0
1710 3 6 127 126 357 0
1711 3 169 170 322 343 0
1712 3 289 151 442 386 0
1713 3 400 180 582 406 0
1714 3 470 197 652 423 0
1715 3 539 213 721 439 0
1716 3 608 239 757 453 0
1717 3 644 258 783 464 0
1718 3 661 272 800 478 0
1719 3 687 292 826 498 0
1720 3 714 311 853 517 0
1721 3 714 311 883 517 0
1722 3 714 311 913 517 0
1723 3 767 323 932 529 0
1724 3 787 328 951 527 0
1725 3 808 333 971 525 0
1726 3 821 339 982 537 0
1727 3 835 345 993 548 0
1728 3 848 352 1004 561 0
1729 3 863 348 1019 557 0
1730 3 877 343 1033 552 0
1731 3 892 339 1048 548 0
1732 3 906 335 1062 544 0
1733 3 943 315 1093 513 0
1734 3 981 294 1125 481 0
1735 3 1039 270 1183 457 0
1736 3 1079 265 1223 443 0
1737 3 1102 257 1250 439 0
1738 3 1124 249 1276 436 0
1739 3 1147 241 1303 433 0
1740 3 1147 238 1303 430 0
1741 3 1148 235 1304 427 0
1742 3 1149 232 1305 424 0
1743 3 1149 229 1305 421 0
1744 3 1150 226 1306 418 0
1745 3 1151 223 1307 415 0
1746 3 1152 220 1308 412 0
1747 3 1152 217 1308 409 0
1748 3 1153 214 1309 406 0
1749 3 1154 211 1310 403 0
1750 3 1154 208 1310 400 0
1751 3 1155 205 1311 397 0
1752 3 1156 202 1312 394 0
1753 3 1156 199 1312 391 0
1754 3 1157 196 1313 388 0
1755 3 1158 193 1314 385 0
1756 3 1158 190 1314 382 0
1757 3 1159 187 1315 379 0
1758 3 1160 184 1316 376 0
1759 3 1160 181 1316 373 0
1760 3 1161 178 1317 370 0
1761 3 1162 175 1318 367 0
1762 3 1163 172 1319 364 0
1763 3 1163 169 1319 361 0
1764 3 1164 166 1320 358 0
1765 3 1165 163 1321 355 0
1766 3 1165 160 1321 352 0
1767 3 1166 157 1322 349 0
1768 3 1171 139 1332 339 0
1769 3 1176 122 1341 330 0
1770 3 1180 104 1350 320 0
1771 3 1188 81 1358 303 0
1772 3 1195 58 1365 286 0
1773 3 1200 40 1378 271 0
1774 3 1205 21 1390 255 0
1775 3 1211 3 1404 241 0
1776 3 1223 3 1421 234 0
1777 3 1236 3 1439 228 0
1778 3 1249 3 1457 222 0
1779 3 1261 3 1474 215 0
1780 3 1274 3 1493 209 0
1781 3 1287 3 1505 205 0
1782 3 1300 3 1517 200 0
1783 3 1314 3 1531 196 0
1784 3 1327 3 1543 192 0
1785 3 1340 3 1556 188 0
1786 3 1353 3 1568 183 0
1787 3 1353 3 1566 180 0
1788 3 1353 3 1563 176 0
1789 3 1353 3 1561 172 0
1790 3 1353 3 1558 168 0
1791 3 1353 3 1556 164 0
1792 3 1353 3 1553 161 0
1793 3 1353 3 1551 157 0
1794 3 1353 3 1548 153 0
1795 3 1353 3 1546 149 0
1796 3 1353 3 1544 145 0
1797 3 1353 3 1541 142 0
1798 3 1353 3 1539 138 0
1799 3 1353 3 1536 134 0
1800 3 1353 3 1534 130 0
1801 3 1353 3 1531 126 0
1802 3 1353 3 1529 123 0
1803 3 1353 3 1526 119 0
1804 3 1353 3 1524 115 0
1805 3 1353 3 1521 111 0
1806 3 1353 3 1519 107 0
1807 3 1353 3 1516 104 0
1808 3 1353 3 1514 100 0
1809 3 1353 3 1511 96 0
1810 3 1353 3 1509 92 0
1811 3 1353 3 1506 88 0
1812 3 1353 3 1481 66 0
1813 3 1353 3 1457 44 0
1822 3 1128 6 1244 61 0
1823 3 952 6 1098 91 0
1824 3 885 6 1020 102 0
1825 3 778 6 916 113 0
1826 3 631 6 760 135 0
1827 3 501 6 611 157 0
1828 3 330 6 490 187 0
1829 3 172 6 346 193 0
1830 2 1685 5 1916 398 1
1830 3 59 6 263 220 0
1831 2 1628 7 1880 400 1
1831 3 4 36 189 245 0
1832 2 1571 9 1843 402 1
1832 3 0 36 67 268 0
1833 2 1444 9 1716 402 1
1834 2 1339 24 1611 417 1
1835 2 1218 12 1490 405 1
1836 2 1130 21 1402 414 1
1837 2 968 34 1304 405 1
1838 2 828 128 1140 402 1
1839 2 902 116 1216 392 1
1840 2 696 150 1022 442 1
1841 2 690 140 996 438 1
1842 2 628 146 954 430 1
1843 2 576 114 918 470 1
1844 2 548 126 864 422 1
1845 2 496 100 832 462 1
1846 2 464 106 792 460 1
1847 2 422 110 764 472 1
1848 2 384 108 730 464 1
1849 2 344 98 684 466 1
1850 2 272 98 648 422 1
1851 2 184 44 590 404 1
1852 2 258 68 644 422 1
1853 2 210 32 588 392 1
1854 2 198 26 576 386 1
1855 2 190 22 566 384 1
1856 2 130 14 538 392 1
1857 2 142 24 554 404 1
1858 2 154 28 560 404 1
1859 2 110 24 524 422 1
1860 2 134 42 552 488 1
1861 2 162 76 616 596 1
1862 2 224 152 676 658 1
1863 2 362 266 756 682 1
1864 2 470 348 808 760 1
1865 2 482 378 868 780 1
1866 2 538 384 892 802 1
1867 2 540 380 900 794 1
1868 2 550 366 906 790 1
1869 2 548 352 916 788 1
1870 2 546 348 906 786 1
1871 2 532 348 900 790 1
1872 2 516 348 894 790 1
1873 2 440 294 838 752 1
1874 2 389 289 801 723 1
1875 2 323 149 745 665 1
1876 2 178 42 658 614 1
1877 2 48 0 528 572 1
1878 2 16 11 484 405 1
1879 2 16 11 311 334 1
1880 2 16 11 244 284 1
1881 2 3 2 231 218 1
1882 2 3 2 198 236 1
1883 2 0 0 200 231 1
1884 2 0 7 186 175 1
1885 2 0 1 96 159 1
1925 2 0 0 111 117 1
1926 2 0 0 133 117 1
1927 2 0 0 155 117 1
1928 2 0 0 221 119 1
1929 2 0 0 286 122 1
1930 2 0 0 302 114 1
1931 2 14 0 302 103 1
1978 2 163 0 605 108 0
1979 2 163 0 584 152 0
1980 2 120 0 541 152 0
1981 2 78 1 499 153 0
1982 2 78 1 468 158 0
1983 2 78 1 430 142 0
1984 2 44 0 396 131 0
1985 2 10 0 362 122 0
1986 2 10 0 345 122 0
1987 2 10 0 328 122 0
1988 2 10 0 311 122 0
1989 2 10 0 294 122 0
1990 2 10 0 294 122 0
1991 2 10 0 294 122 0
2063 2 5 2 317 119 0
2064 2 325 2 569 141 0
2065 2 570 2 839 221 0
2066 2 742 2 1102 238 0
2067 2 965 2 1307 281 0
2068 2 1114 2 1456 281 0
2069 2 1084 3 1426 282 0
2070 2 1053 4 1395 283 0
2071 2 1022 5 1364 284 0
2072 2 991 6 1333 285 0
2073 2 961 7 1303 286 0
2074 2 930 8 1272 287 0
2075 2 899 9 1241 288 1
2076 2 717 6 1059 336 1
2077 2 531 6 873 336 1
2078 2 301 26 643 356 1
2079 2 112 18 454 348 1
2080 2 12 0 354 328 1
2081 2 2 4 246 379 1
2082 2 2 4 200 361 1
2083 2 2 4 183 361 1
2084 2 3 4 192 361 1
2085 2 4 4 202 361 1
2086 2 4 4 210 361 1
2087 2 5 4 220 361 1
2088 2 5 4 228 361 1
2089 2 6 4 237 362 1
2090 2 7 4 247 362 1
2091 2 7 4 255 362 1
2092 2 8 4 264 362 1
2093 2 9 4 274 362 1
2094 2 9 4 282 362 1
2095 2 10 4 291 363 1
2096 2 10 4 300 363 1
2097 2 11 4 309 363 1
2098 2 12 4 318 363 1
2099 2 12 4 327 363 1
2100 2 13 4 336 363 1
2101 2 14 4 346 364 1
2102 2 12 0 350 344 1
2103 2 6 0 346 328 1
2104 2 6 0 343 322 1
2105 2 6 0 341 316 1
2106 2 6 0 338 310 1
2107 2 6 0 336 304 1
2108 2 6 0 334 298 1
2109 2 6 0 331 291 1
2110 2 6 0 329 285 1
2111 2 6 0 326 279 1
2112 2 6 0 324 273 1
2113 2 6 0 322 267 1
2114 2 6 0 319 261 1
2115 2 6 0 317 255 1
2116 2 3 0 306 235 1
2117 2 1 0 297 213 1
2118 2 1 1 266 207 1
2119 2 2 2 237 201 1
2120 2 2 2 237 226 1
2121 2 2 2 244 242 1
2122 2 2 2 249 237 1
2123 2 2 2 254 233 1
2124 2 2 2 259 228 1
2125 2 2 2 259 204 1
2126 2 2 2 259 180 1
2127 2 2 2 255 158 1
2128 2 2 2 251 137 1
2129 2 2 2 252 133 1
2130 2 2 2 254 130 1
2131 2 2 2 254 124 1
2132 2 2 2 254 118 1
2133 2 2 2 254 113 1
2134 2 2 2 254 107 1
2135 2 2 2 254 101 1
2136 2 2 2 254 95 1
2137 2 2 2 254 90 1
2138 2 34 2 309 95 1
2139 2 66 2 365 99 1
2140 2 66 2 403 113 1
2141 2 66 2 441 126 1
2142 2 146 2 480 144 1
2143 2 209 2 513 146 1
2144 2 272 2 546 149 1
2145 2 333 1 607 148 1
2146 2 392 1 668 179 1
2147 2 443 1 723 216 1
2148 2 534 2 814 217 1
2149 2 624 3 904 218 1
2150 2 785 5 1065 220 1
2151 2 1009 32 1289 247 1
2152 2 1232 38 1523 292 1
2153 2 1470 50 1773 331 1
2154 2 1698 45 1919 340 1
2154 3 88 50 270 304 0
2155 3 314 93 458 319 0
2156 3 458 127 636 353 0
2157 3 560 163 725 386 0
2158 3 635 177 778 389 0
2159 3 672 187 832 405 0
2160 3 692 203 866 410 0
2161 3 716 212 887 421 0
2162 3 716 220 895 430 0
2163 3 716 228 903 439 0
2164 3 716 236 912 448 0
2165 3 716 236 912 456 0
2166 3 716 236 912 463 0
2167 3 716 236 912 470 0
2168 2 1837 162 1919 449 0
2168 3 716 236 912 478 0
2169 2 1824 120 1920 449 0
2169 3 736 261 912 478 0
2170 2 1788 97 1920 449 0
2170 3 756 285 913 478 0
2171 2 1747 97 1919 504 0
2171 3 761 288 921 481 0
2172 2 1725 88 1920 504 0
2172 3 766 290 929 483 0
2173 2 1703 79 1920 505 0
2173 3 771 293 937 486 0
2174 2 1680 69 1919 504 0
2174 3 776 296 945 489 0
2175 2 1658 60 1920 504 0
2175 3 781 299 952 492 0
2176 2 1665 60 1919 504 0
2176 3 786 302 960 495 0
2177 2 1673 61 1920 504 0
2177 3 792 304 969 497 0
2178 2 1680 61 1920 504 0
2178 3 797 307 977 500 0
2179 2 1687 62 1919 504 0
2179 3 806 307 986 500 0
2180 2 1695 62 1920 504 0
2180 3 815 307 995 500 0
2181 2 1702 63 1919 505 0
2181 3 844 307 995 495 0
2182 2 1710 63 1920 504 0
2182 3 884 311 1035 499 0
2183 2 1717 63 1920 504 0
2183 3 904 316 1055 504 0
2184 2 1724 64 1919 504 0
2184 3 923 322 1074 510 0
2185 2 1790 53 1920 504 0
2185 3 966 325 1117 513 0
2186 3 1021 322 1172 516 0
2187 3 1072 311 1223 505 0
2188 3 1110 291 1261 485 0
2189 3 1127 272 1278 466 0
2190 3 1122 263 1277 459 0
2191 3 1118 253 1277 452 0
2192 3 1113 243 1277 444 0
2193 3 1108 233 1276 437 0
2194 3 1104 223 1276 429 0
2195 3 1099 213 1275 421 0
2196 3 1094 203 1274 414 0
2197 3 1090 193 1274 406 0
2198 3 1085 183 1274 399 0
2199 3 1081 173 1274 391 0
2200 3 1081 166 1265 380 0
2201 3 1081 159 1257 368 0
2202 3 1081 151 1248 356 0
2203 3 1081 144 1240 344 0
2204 3 1095 137 1254 337 0
2205 3 1110 131 1269 331 0
2206 3 1124 124 1283 324 0
2207 3 1139 117 1298 317 0
2208 3 1148 112 1307 312 0
2209 3 1157 107 1316 307 0
2210 3 1166 102 1325 302 0
2211 3 1175 97 1334 297 0
2212 3 1184 96 1343 296 0
2213 3 1194 96 1353 296 0
2214 3 1203 95 1362 295 0
2215 3 1212 94 1371 294 0
2216 3 1221 94 1380 294 0
2217 3 1230 93 1389 293 0
2218 3 1237 90 1396 290 0
2219 3 1243 87 1402 287 0
2220 3 1250 84 1409 284 0
2221 3 1257 81 1416 281 0
2222 3 1263 78 1422 278 0
2223 3 1270 75 1429 275 0
2224 3 1276 72 1435 272 0
2225 3 1282 68 1441 268 0
2226 3 1288 65 1447 265 0
2227 3 1293 62 1452 262 0
2228 3 1299 59 1458 259 0
2229 3 1305 55 1464 255 0
2230 3 1311 52 1470 252 0
2231 3 1317 49 1476 249 0
2232 3 1323 45 1482 245 0
2233 3 1328 42 1487 242 0
2234 3 1346 33 1505 233 0
2235 3 1363 23 1522 223 0
2236 3 1380 13 1539 213 0
2237 3 1398 4 1557 204 0
2238 3 1398 4 1564 190 0
2239 3 1398 4 1570 176 0
2240 3 1398 4 1577 162 0
2241 3 1398 4 1584 148 0
2242 3 1398 4 1590 134 0
2243 3 1398 4 1597 120 0
2244 3 1402 4 1597 116 0
2245 3 1406 4 1597 113 0
2246 3 1410 4 1597 109 0
2247 3 1414 4 1597 105 0
2248 3 1418 4 1597 101 0
2249 3 1422 4 1596 97 0
2250 3 1426 4 1596 93 0
2251 3 1430 4 1596 90 0
2252 3 1434 4 1596 86 0
2253 3 1439 4 1597 82 0
2254 3 1451 2 1609 80 0
2255 3 1463 0 1621 78 0
2256 3 1475 0 1633 77 0
2257 3 1491 0 1652 63 0
2258 3 1508 0 1672 49 0
2259 3 1528 0 1672 42 0
2260 3 1548 0 1671 35 0
2292 3 1471 0 1618 55 0
2293 3 1430 0 1564 69 0
2294 3 1377 1 1511 70 0
2295 3 1337 0 1471 69 0
2296 3 1282 2 1416 71 0
2297 3 1228 2 1385 88 0
2298 3 1193 2 1340 109 0
2299 3 1173 2 1321 122 0
2300 3 1154 2 1302 135 0
2301 3 1134 2 1283 148 0
2302 3 1126 2 1275 148 0
2303 3 1119 2 1268 148 0
2304 3 1112 1 1261 147 0
2305 3 1104 1 1253 147 0
2306 3 1097 0 1246 146 0
2307 3 1089 0 1238 146 0
2308 3 1082 0 1231 146 0
2309 3 1074 0 1223 146 0
2310 3 1074 3 1219 160 0
2311 3 1073 7 1215 174 0
2312 3 1072 10 1210 188 0
2313 3 1071 14 1205 203 0
2314 3 1070 17 1201 217 0
2315 3 1069 21 1201 221 0
2316 3 1067 24 1201 224 0
2317 3 1065 27 1201 227 0
2318 3 1064 31 1201 231 0
2319 3 1062 34 1201 234 0
2320 3 1062 28 1201 228 0
2321 3 1062 23 1201 223 0
2322 3 1062 17 1201 217 0
2323 3 1062 12 1201 212 0
2324 3 1062 6 1201 206 0
2325 3 1062 1 1201 201 0
2326 3 1077 1 1206 170 0
2327 3 1092 1 1211 140 0
2328 3 1106 1 1201 110 0
2329 3 1117 1 1217 99 0
2330 3 1127 1 1231 88 0
2331 3 1117 1 1241 88 0
2332 3 1108 1 1232 88 0
2333 3 1092 1 1216 86 0
2334 3 1061 0 1185 85 0
2335 3 1036 0 1165 79 0
2336 3 1018 0 1149 81 0
2337 3 1024 0 1155 81 0
2338 3 1030 0 1161 81 0
2339 3 1036 0 1167 81 0
2340 3 1042 0 1173 81 0
2341 3 1048 0 1179 81 0
2342 3 1054 1 1185 82 0
2343 3 1074 0 1205 81 0
2344 3 1095 0 1226 81 0
2345 3 1116 0 1247 81 0
2346 3 1116 0 1259 101 0
2347 3 1116 0 1271 122 0
2348 3 1116 0 1283 142 0
2349 3 1116 0 1295 162 0
2350 3 1182 42 1311 205 0
2351 3 1185 50 1314 213 0
2352 3 1188 58 1317 221 0
2353 3 1191 66 1320 229 0
2354 3 1193 74 1322 237 0
2355 3 1196 82 1325 245 0
2356 3 1184 124 1313 287 0
2357 3 1173 165 1302 328 0
2358 3 1180 208 1309 371 0
2359 3 1187 251 1316 414 0
2360 3 1206 291 1335 454 0
2361 3 1233 333 1362 496 0
2362 3 1253 365 1382 528 0
2363 3 1272 388 1401 551 0
2364 3 1292 411 1421 574 0
2365 3 1282 406 1411 569 0
2366 3 1272 401 1401 564 0
2367 3 1262 395 1391 558 0
2368 3 1253 390 1382 553 0
2369 3 1243 385 1372 548 0
2370 3 1233 380 1362 543 0
2371 3 1194 380 1338 514 0
2372 3 1189 372 1331 511 0
2373 3 1184 364 1324 508 0
2374 3 1179 356 1317 505 0
2375 3 1174 348 1310 502 0
2376 3 1169 341 1303 500 0
2377 3 1164 333 1297 497 0
2378 3 1159 325 1290 494 0
2379 3 1145 272 1268 454 0
2380 3 1097 225 1235 427 0
2381 3 1059 183 1193 370 0
2382 3 1017 150 1151 337 0
2383 3 951 112 1085 299 0
2384 3 898 99 1032 286 0
2385 3 844 86 978 273 0
2386 3 793 75 933 246 0
2387 3 746 67 886 238 0
2388 2 1773 312 1919 595 0
2388 3 700 59 840 230 0
2389 2 1688 261 1919 561 0
2389 3 625 28 765 199 0
2390 2 1603 210 1919 527 0
2390 3 556 8 696 179 0
2391 2 1522 210 1825 503 0
2391 3 477 8 600 131 0
2392 2 1433 170 1721 428 0
2392 3 376 0 508 95 0
2393 2 1386 167 1644 465 0
2393 3 274 0 398 59 0
2394 2 1307 139 1551 452 0
2395 2 1252 128 1467 419 0
2396 2 1187 84 1434 379 0
2397 2 1143 69 1390 378 0
2398 2 1084 69 1342 367 0
2399 2 1076 88 1352 368 0
2400 2 930 52 1220 306 0
2401 2 888 32 1192 288 0
2402 2 876 10 1162 288 0
2403 2 832 10 1122 284 0
2404 2 802 10 1088 272 0
2405 2 760 6 1054 256 0
2406 2 742 2 1036 248 0
2407 2 778 14 1060 254 0
2408 2 672 2 980 234 0
2409 2 684 4 984 238 0
2410 2 662 0 968 230 0
2411 2 677 0 965 244 0
2412 2 692 1 963 258 0
2413 2 692 1 956 242 0
2414 2 692 1 949 226 0
2415 2 692 1 942 210 0
2416 2 669 1 932 194 0
2417 2 646 1 922 179 0
2418 2 627 1 897 152 0
2419 2 607 1 872 125 0
2420 2 588 1 847 98 0
2421 2 588 1 831 85 0
2422 2 588 1 816 73 0
2423 2 588 1 795 58 0
2424 2 588 1 795 58 0
2491 2 2 1 197 106 1
2492 2 2 1 218 106 1
2493 2 2 1 239 106 1
2494 2 2 1 260 106 1
2495 2 17 1 279 101 1
2496 2 32 1 297 96 1
2497 2 32 1 325 96 1
2498 2 32 1 348 107 1
2499 2 32 1 371 118 1
2500 2 32 1 394 128 1
2501 2 32 1 417 139 1
2502 2 32 1 438 147 1
2503 2 32 1 459 155 1
2504 2 32 1 480 162 1
2505 2 32 1 501 170 1
2506 2 32 1 522 178 1
2507 2 76 1 566 178 1
2508 2 152 1 575 204 1
2509 2 152 1 603 204 1
2510 2 152 1 632 204 1
2511 2 178 1 652 211 1
2512 2 204 1 672 218 1
2513 2 230 1 692 224 1
2514 2 241 1 703 224 1
2515 2 251 1 713 224 1
2516 2 262 1 724 224 1
2517 2 273 1 735 224 1
2518 2 284 1 746 224 1
2519 2 295 1 757 224 1
2520 2 306 1 768 224 1
2521 2 316 1 778 224 1
2522 2 331 1 793 224 1
2523 2 345 1 807 224 1
2524 2 360 1 822 224 1
2525 2 377 1 839 224 1
2526 2 395 1 857 224 1
2527 2 413 1 875 224 1
2528 2 422 1 884 228 1
2529 2 432 1 894 232 1
2530 2 441 1 903 236 1
2531 2 451 1 913 240 1
2532 2 461 1 923 244 1
2533 2 461 1 917 240 0
2534 2 461 1 912 237 0
2535 2 461 1 906 234 0
2536 2 461 1 900 231 0
2537 2 461 1 894 228 0
2538 2 461 1 889 224 0
2539 2 413 1 829 220 0
2540 2 364 1 768 215 0
2541 2 344 1 746 219 0
2542 2 323 1 723 222 0
2543 2 323 1 662 142 0
2544 2 323 1 596 153 0
2545 2 323 1 566 128 0
2546 2 323 1 535 104 0
2547 2 309 1 535 91 0
2548 2 295 1 535 79 0
2549 2 295 1 537 83 0
2550 2 295 1 539 87 0
2551 2 295 1 541 92 0
2552 2 295 1 543 96 0
2553 2 295 1 545 100 0
2554 2 295 1 547 104 0
2555 2 295 1 549 109 0
2556 2 295 1 551 113 0
2557 2 295 1 553 117 0
2558 2 295 1 555 121 0
2559 2 295 1 557 126 0
2560 2 295 1 578 129 0
2561 2 295 1 599 132 0
2562 2 295 1 620 136 1
2563 2 295 1 641 139 1
2564 2 295 1 662 142 1
2565 2 295 1 662 142 1
2566 2 295 1 662 142 1
2567 2 295 1 662 142 1
2568 2 295 1 662 142 1
2569 2 295 1 662 142 1
2570 2 295 1 662 142 1
2571 2 295 1 662 142 1
2572 2 295 1 662 142 1
2573 2 295 1 662 142 1
2574 2 295 1 662 142 1
2575 2 295 1 662 142 1
2576 2 295 1 662 142 1
2577 2 295 1 662 142 1
2578 2 295 1 662 142 1
2579 2 295 1 662 142 1
2580 2 295 1 662 142 1
2581 2 295 1 662 142 1
2582 2 295 1 662 142 1
2583 2 295 1 662 142 1
2584 2 295 1 662 142 1
2585 2 295 1 662 142 1
2586 2 295 1 662 142 1
2587 2 295 1 662 142 1
2588 2 295 1 662 142 1
2589 2 295 1 662 142 1
2590 2 295 1 662 142 1
2591 2 295 1 662 142 1
2592 2 295 1 662 142 1
2593 2 295 1 662 142 1
2594 2 295 1 662 142 1
2595 2 295 1 662 142 1
2596 2 295 1 662 142 1
2619 2 181 0 585 102 1
2620 2 184 0 591 103 1
2621 2 187 0 598 104 1
2622 2 190 0 605 105 1
2623 2 193 0 612 105 1
2624 2 196 0 619 106 1
2625 2 199 0 626 107 1
2626 2 202 0 633 108 1
2627 2 205 0 640 109 1
2628 2 208 0 647 110 1
2629 2 212 0 654 111 1
2630 2 215 0 661 111 1
2631 2 218 0 668 112 1
2632 2 181 0 675 102 1
2633 2 201 0 695 102 1
2634 2 221 0 715 102 1
2635 2 241 0 735 102 1
2636 2 262 0 735 102 1
2637 2 283 0 735 102 1
2638 2 305 0 735 87 1
2639 2 338 0 768 85 1
2640 2 358 1 746 63 1
2641 2 378 1 788 56 1
2727 2 28 0 441 148 0
2728 2 28 0 441 162 0
2729 2 28 0 441 175 0
2730 2 28 0 441 189 0
2731 2 28 0 441 203 0
2732 2 82 0 495 204 0
2733 2 136 2 549 206 0
2734 2 150 0 602 269 0
2735 2 146 0 583 257 0
2736 2 146 0 653 320 0
2737 2 276 2 686 352 0
2738 2 246 0 680 368 0
2739 2 286 2 712 390 0
2740 2 278 2 710 434 0
2741 2 266 0 708 436 0
2742 2 332 1 738 443 0
2743 2 316 20 736 480 0
2744 2 302 0 734 466 0
2745 2 302 0 769 504 0
2746 2 320 7 768 517 0
2747 2 339 15 768 530 0
2748 2 358 23 769 544 0
2749 2 377 31 769 558 0
2750 2 377 42 769 558 0
2751 2 377 53 769 558 0
2752 2 377 64 769 558 0
2753 2 371 81 815 592 0
2754 2 377 97 816 601 0
2755 2 382 112 815 610 0
2756 2 388 128 816 619 0
2757 2 407 144 815 641 0
2758 2 426 161 815 663 0
2759 2 428 152 817 654 0
2760 2 430 143 819 645 0
2761 2 431 133 820 635 0
2762 2 433 124 822 626 0
2763 2 435 115 824 617 0
2764 2 437 106 826 608 0
2765 2 438 97 827 599 0
2766 2 440 88 829 590 0
2767 2 442 78 831 580 0
2768 2 444 69 833 571 0
2769 2 445 60 834 562 0
2770 2 445 60 834 501 0
2771 2 424 31 831 448 0
2772 2 402 2 827 394 0
2773 2 402 2 811 345 0
2774 2 402 2 796 296 0
2775 2 402 2 796 279 0
2776 2 402 2 796 263 0
2777 2 402 2 796 246 0
2778 2 402 2 796 229 0
2779 2 402 2 796 212 0
2780 2 402 2 799 216 0
2781 2 402 2 802 219 0
2782 2 402 2 805 222 0
2783 2 402 2 808 225 0
2784 2 402 2 811 229 0
2785 2 402 2 814 232 0
2786 2 402 2 817 235 0
2787 2 402 2 820 238 0
2788 2 402 2 823 242 0
2789 2 402 2 826 245 0
2790 2 402 2 829 248 0
2791 2 402 2 832 251 0
2792 2 402 2 835 255 0
2793 2 402 2 838 258 0
2794 2 402 2 841 261 0
2795 2 402 2 844 264 0
2796 2 402 2 847 268 0
2797 2 402 2 850 271 0
2798 2 402 2 884 300 0
2799 2 402 2 903 309 0
2800 2 402 2 922 317 0
2801 2 402 2 941 325 0
2802 2 402 2 959 334 0
2803 2 422 4 979 336 0
2804 2 441 5 998 337 0
2805 2 461 6 1018 338 0
2806 2 484 6 1041 338 0
2807 2 507 6 1064 338 0
2808 2 526 6 1083 338 0
2809 2 545 6 1102 338 0
2810 2 543 6 1100 342 0
2811 2 542 6 1099 346 0
2812 2 540 6 1097 349 0
2813 2 539 6 1096 353 0
2814 2 538 6 1095 357 0
2815 2 536 6 1093 361 0
2816 2 535 6 1092 365 0
2817 2 533 6 1090 369 0
2818 2 532 6 1089 373 0
2819 2 530 6 1087 376 0
2820 2 529 6 1086 380 0
2821 2 528 6 1085 384 0
2822 2 526 6 1083 388 0
2823 2 525 6 1082 392 0
2824 2 523 6 1080 396 0
2825 2 522 6 1079 400 0
2826 2 521 6 1078 404 0
2827 2 519 6 1076 407 0
2828 2 518 6 1075 411 0
2829 2 516 6 1073 415 0
2830 2 515 6 1072 419 0
2831 2 513 6 1070 423 0
2832 2 512 6 1069 427 0
2833 2 511 6 1068 431 0
2834 2 509 6 1066 434 0
2835 2 508 6 1065 438 0
2836 2 508 6 1065 449 0
2837 2 508 6 1065 460 0
2838 2 508 6 1065 471 0
2839 2 508 6 1065 482 0
2840 2 508 6 1065 493 0
2841 2 508 6 1065 504 0
2842 2 508 6 1065 515 0
2843 2 508 6 1065 526 0
2844 2 434 6 1065 523 0
2845 2 434 6 1075 548 0
2846 2 434 6 1085 573 0
2847 2 434 6 1096 598 0
2848 2 434 6 1106 623 0
2849 2 434 6 1117 648 1
2850 2 414 6 1129 664 1
2851 2 395 6 1143 679 1
2852 2 376 6 1156 695 1
2853 2 357 6 1170 711 1
2854 2 357 6 1178 721 1
2855 2 357 6 1186 731 1
2856 2 357 6 1194 742 1
2857 2 357 6 1202 752 1
2858 2 357 6 1211 762 1
2859 2 357 6 1219 772 1
2860 2 357 6 1227 783 1
2861 2 357 6 1231 784 1
2862 2 357 6 1235 784 1
2863 2 357 6 1238 785 1
2864 2 357 6 1242 786 1
2865 2 357 6 1246 787 1
2866 2 357 6 1249 787 1
2867 2 357 6 1253 788 1
2868 2 357 6 1257 789 1
2869 2 357 6 1261 789 1
2870 2 357 6 1264 790 1
2871 2 357 6 1268 791 1
2872 2 357 6 1272 792 1
2873 2 357 6 1275 792 1
2874 2 357 6 1270 787 1
2875 2 357 6 1265 781 1
2876 2 357 6 1260 776 1
2877 2 357 6 1254 770 1
2878 2 357 6 1249 765 1
2879 2 357 6 1244 759 1
2880 2 357 6 1239 754 1
2881 2 357 6 1233 748 1
2882 2 357 6 1228 743 1
2883 2 357 6 1223 737 1
2884 2 357 6 1218 732 1
2885 2 357 6 1212 726 1
2886 2 357 6 1207 721 1
2887 2 357 6 1164 721 1
2888 2 341 6 1163 673 1
2889 2 341 6 1110 658 1
2890 2 149 6 1111 658 1
2891 2 149 6 1084 639 1
2892 2 149 6 1058 620 1
2893 2 149 6 1031 601 1
2894 2 149 6 1005 581 1
2895 2 149 6 975 572 1
2896 2 149 6 946 562 1
2897 2 149 6 916 553 1
2898 2 149 6 887 543 1
2899 2 149 6 858 534 1
2900 2 139 6 848 534 1
2901 2 128 5 837 533 1
2902 2 118 4 827 532 1
2903 2 107 3 816 531 1
2904 2 97 2 806 530 1
2905 2 86 2 795 530 1
2906 2 86 2 795 530 1
2907 2 86 2 795 530 1
2908 2 38 2 747 530 1
2909 2 35 2 744 530 1
2910 2 32 2 741 530 1
2911 2 29 2 738 530 1
2912 2 26 2 735 530 1
2913 2 23 2 732 530 1
2914 2 20 2 729 530 1
2915 2 17 2 726 530 1
2916 2 14 2 723 530 1
2917 2 11 2 720 530 1
2918 2 8 2 717 530 1
2919 2 5 2 714 530 1
2920 2 5 2 712 527 1
2921 2 5 2 710 525 1
2922 2 5 2 708 522 1
2923 2 5 2 706 520 1
2924 2 5 2 704 517 0
2925 2 5 2 702 515 0
2926 2 5 2 700 512 0
2927 2 5 2 698 510 0
2928 2 5 2 696 507 0
2929 2 5 2 695 505 0
2930 2 5 2 693 502 0
2931 2 5 2 691 500 0
2932 2 5 2 689 497 0
2933 2 5 2 687 495 0
2934 2 5 2 685 492 0
2935 2 5 2 683 490 0
2936 2 5 2 681 487 0
2937 2 5 2 679 485 0
2938 2 5 2 677 482 0
2939 2 5 2 669 477 0
2940 2 5 2 661 472 0
2941 2 5 2 652 467 0
2942 2 5 2 644 462 0
2943 2 5 2 635 456 0
2944 2 5 2 627 451 0
2945 2 5 2 619 446 0
2946 2 5 2 610 441 0
2947 2 5 2 602 435 0
2948 2 5 2 593 430 0
2949 2 5 2 585 425 0
2950 2 5 2 576 420 0
2951 2 5 2 576 406 0
2952 2 5 2 576 392 0
2953 2 5 2 576 379 0
2954 2 5 2 576 365 0
2955 2 54 2 576 357 0
2956 2 104 2 576 349 0
2957 2 121 2 585 345 0
2958 2 138 2 594 341 0
2959 2 155 2 602 337 0
2960 2 172 2 611 333 1
2961 2 189 2 620 328 1
2962 2 206 2 628 324 1
2963 2 223 2 637 320 1
2964 2 240 2 646 316 1
2965 2 274 0 680 314 1
2966 2 290 0 687 302 1
2967 2 306 0 694 290 1
2968 2 322 0 701 278 1
2969 2 339 0 709 266 1
2970 2 366 0 742 263 1
2971 2 394 0 776 259 1
2972 2 426 0 788 268 1
2973 2 459 0 801 276 1
2974 2 491 0 813 284 1
2975 2 508 1 830 285 1
2976 2 526 3 848 287 1
2977 2 551 3 848 304 1
2978 2 573 3 870 304 1
2979 2 595 3 892 304 1
2980 2 595 3 913 319 1
2981 2 604 4 922 320 1
2982 2 614 5 932 321 1
2983 2 623 6 941 322 1
2984 2 633 7 951 323 1
2985 2 642 7 960 323 1
2986 2 652 7 970 323 1
2987 2 662 7 980 323 1
2988 2 672 7 990 323 1
2989 2 685 7 1003 323 1
2990 2 675 7 997 325 1
2991 2 665 7 991 327 1
2992 2 654 7 984 329 1
2993 2 644 7 978 330 1
2994 2 634 7 972 332 1
2995 2 624 7 966 334 1
2996 2 613 7 958 336 1
2997 2 603 7 952 338 1
2998 2 593 7 946 339 1
2999 2 583 7 940 341 1
3000 2 572 7 933 343 1
3001 2 562 7 928 339 1
3002 2 551 7 921 334 1
3003 2 541 7 915 330 1
3004 2 516 7 905 340 1
3005 2 492 7 897 349 1
3006 2 468 7 888 358 1
3007 2 444 7 879 368 1
3008 2 439 7 876 369 1
3009 2 433 7 872 371 1
3010 2 428 7 869 373 1
3011 2 422 7 865 375 1
3012 2 417 7 863 376 1
3013 2 411 7 859 378 1
3014 2 406 7 856 380 1
3015 2 400 7 852 382 1
3016 2 412 6 863 372 1
3017 2 425 6 875 363 1
3018 2 437 5 886 353 1
3019 2 450 4 899 343 1
3020 2 462 4 910 335 1
3021 2 475 3 922 325 1
3022 2 478 3 930 323 1
3023 2 482 3 938 322 1
3024 2 485 3 946 321 1
3025 2 489 3 954 320 1
3026 2 493 3 963 319 1
3027 2 496 3 970 317 1
3028 2 500 3 979 316 1
3029 2 504 3 988 315 1
3030 2 506 3 990 316 1
3031 2 509 3 993 317 1
3032 2 512 3 996 318 1
3033 2 515 3 999 319 1
3034 2 518 3 1002 320 1
3035 2 521 3 1005 321 1
3036 2 524 3 1008 321 1
3037 2 527 3 1011 322 1
3038 2 530 3 1014 323 1
3039 2 532 3 1016 324 1
3040 2 535 3 1019 325 1
3041 2 538 3 1022 326 1
3042 2 541 3 1025 327 1
3043 2 544 3 1028 328 1
3044 2 547 3 1031 329 1
3045 2 550 3 1034 330 1
3046 2 553 3 1037 331 1
3047 2 556 3 1040 332 1
3048 2 558 3 1042 332 1
3049 2 561 3 1045 333 1
3050 2 564 3 1049 334 1
3051 2 567 3 1052 335 1
3052 2 570 3 1055 336 1
3053 2 573 3 1058 337 1
3054 2 576 3 1061 338 1
3055 2 579 3 1064 339 1
3056 2 582 3 1067 340 1
3057 2 584 3 1069 341 1
3058 2 587 3 1072 342 1
3059 2 590 3 1075 343 1
3060 2 593 3 1078 343 1
3061 2 596 3 1081 344 1
3062 2 599 3 1084 345 1
3063 2 602 3 1087 346 1
3064 2 605 3 1090 347 1
3065 2 608 3 1093 348 0
3066 2 610 3 1095 349 0
3067 2 622 3 1103 349 0
3068 2 633 3 1109 349 0
3069 2 645 3 1116 349 0
3070 2 656 3 1122 349 0
3071 2 667 3 1128 349 0
3072 2 679 3 1136 349 0
3073 2 690 3 1142 349 0
3074 2 708 3 1151 344 0
3075 2 725 3 1159 338 0
3076 2 743 3 1168 333 0
3077 2 760 3 1177 327 0
3078 2 778 3 1186 322 0
3079 2 796 3 1195 316 0
3080 2 813 3 1203 311 0
3081 2 831 3 1212 305 0
3082 2 848 3 1221 300 0
3083 2 866 3 1230 295 0
3084 2 941 3 1309 261 0
3085 2 1071 3 1466 207 0
3086 2 1201 3 1623 152 0
3087 2 1201 3 1623 152 0
3101 3 767 3 889 96 0
3102 3 780 3 906 118 0
3103 3 792 3 922 140 0
3104 3 805 3 939 162 0
3105 3 831 21 956 174 0
3106 3 834 43 959 196 0
3107 3 838 65 963 218 0
3108 3 838 75 963 228 0
3109 3 838 84 963 237 0
3110 3 838 94 963 247 0
3111 3 838 103 963 256 0
3112 3 808 96 933 238 0
3113 3 778 89 903 219 0
3114 3 732 76 857 206 0
3115 3 687 63 812 193 0
3116 3 653 74 778 208 0
3117 3 619 84 744 222 0
3118 3 627 102 750 247 0
3119 3 634 120 754 271 0
3120 3 641 137 759 295 0
3121 3 688 162 804 313 0
3122 3 734 187 849 331 0
3123 3 776 203 898 347 0
3124 3 818 219 947 363 0
3125 3 849 225 977 363 0
3126 3 881 231 1008 362 0
3127 3 908 239 1033 381 0
3128 3 935 246 1058 398 0
3129 3 954 253 1077 405 0
3130 3 974 261 1097 413 0
3131 3 993 268 1116 420 0
3132 3 1019 290 1142 442 0
3133 3 1046 312 1169 464 0
3134 3 1079 330 1202 482 0
3135 3 1110 340 1236 513 0
3136 3 1140 349 1269 542 0
3137 3 1171 360 1307 542 0
3138 3 1197 364 1353 544 0
3139 3 1237 362 1377 544 0
3140 3 1259 368 1399 550 0
3141 3 1282 373 1422 555 0
3142 3 1304 379 1444 561 0
3143 3 1329 391 1469 573 0
3144 3 1353 403 1493 585 0
3145 3 1377 414 1517 596 0
3146 3 1392 433 1532 615 0
3147 3 1407 452 1547 634 0
3148 3 1410 446 1550 631 0
3149 3 1413 439 1553 627 0
3150 3 1416 433 1556 624 0
3151 3 1419 426 1559 620 0
3152 3 1423 420 1563 617 0
3153 3 1426 413 1566 614 0
3154 3 1458 355 1598 556 0
3155 3 1491 296 1631 497 0
3156 3 1528 217 1668 418 0
3157 3 1566 137 1706 338 0
3158 3 1595 64 1735 265 0
3159 3 1568 9 1708 210 0
3160 3 1524 9 1708 159 0
3161 3 1451 9 1574 130 0
3162 3 1351 9 1485 134 0
3163 3 1252 9 1396 138 0
3164 3 1158 9 1283 149 0
3165 3 1062 9 1194 133 0
3166 3 967 9 1107 117 0
3167 3 890 1 1011 118 0
3168 3 803 1 941 113 0
3169 3 716 1 870 107 0
3170 3 640 1 799 80 0
3171 3 640 1 799 80 0
3175 2 1693 0 1919 300 0
3176 2 1597 0 1888 245 0
3177 2 1501 0 1858 190 0
3178 2 1406 0 1828 135 0
3179 2 1406 0 1828 135 0
3828 2 0 481 36 747 0
3829 2 0 495 57 763 0
3830 2 0 354 77 779 0
3831 2 0 354 97 779 0
3832 2 0 341 108 779 0
3833 2 0 327 118 779 0
3834 2 0 314 130 779 0
3835 2 0 300 141 779 0
3836 2 0 286 127 752 0
3837 2 0 272 112 725 0
3838 2 0 257 98 698 0
3839 2 0 243 84 671 0
4204 2 0 70 199 553 1
4205 2 9 61 437 508 1
4206 2 165 37 593 484 1
4207 2 321 12 749 459 1
4208 2 409 9 837 456 1
4209 2 487 8 915 455 1
4210 2 564 6 992 453 1
4211 2 626 5 1054 452 1
4212 2 688 3 1116 450 1
4213 2 731 3 1192 468 1
4214 2 775 3 1269 487 1
4215 2 818 3 1345 505 1
4216 2 841 1 1354 483 1
4217 2 864 0 1364 462 1
4218 2 988 2 1532 508 1
4219 2 930 0 1476 478 0
4220 2 1012 38 1522 594 0
4221 2 1002 28 1540 620 0
4222 2 972 0 1524 562 0
4223 2 1042 66 1592 784 0
4224 2 1038 26 1560 798 0
4225 2 994 0 1568 756 0
4226 2 998 38 1478 768 0
4227 2 962 0 1552 740 0
4228 2 903 4 1485 744 0
4228 3 1529 162 1621 287 0
4229 2 845 8 1420 748 0
4229 3 1509 175 1598 287 0
4230 2 787 13 1354 753 0
4230 3 1488 189 1573 288 0
4231 2 566 58 1148 796 0
4231 3 1467 202 1549 287 0
4232 2 445 83 1031 820 0
4232 3 1422 229 1505 294 0
4233 2 324 107 915 843 0
4233 3 1383 242 1467 306 0
4234 2 199 107 915 916 0
4234 3 1355 259 1442 324 0
4235 2 74 106 915 988 0
4235 3 1327 276 1416 343 0
4236 2 0 143 660 1076 0
4236 3 1314 298 1403 363 0
4237 2 0 143 660 1076 0
4237 3 1300 309 1393 374 0
4238 2 0 143 660 1076 0
4238 3 1287 320 1385 385 0
4239 2 0 143 660 1076 0
4239 3 1281 324 1377 388 0
4240 3 1274 329 1367 392 0
4241 3 1268 334 1359 395 0
4242 3 1262 339 1350 399 0
4243 3 1255 343 1341 402 0
4244 3 1243 348 1331 407 0
4245 3 1231 352 1320 411 0
4246 3 1219 357 1310 417 0
4247 3 1209 359 1300 419 0
4248 3 1200 362 1291 422 0
4249 3 1151 362 1233 422 0
4250 3 1142 362 1224 422 0
4251 3 1133 362 1215 422 0
4252 3 1137 362 1219 421 0
4253 3 1142 362 1225 421 0
4254 3 1146 362 1230 421 0
4255 3 1150 362 1235 421 0
4256 3 1154 362 1240 421 0
4257 3 1183 362 1269 421 0
4258 3 1183 362 1260 421 0
4259 3 1183 362 1250 421 0
4602 2 1619 526 1772 715 0
4603 2 1508 545 1642 705 0
4604 2 1508 523 1642 705 0
4605 2 1316 539 1454 701 0
4606 2 1238 536 1376 698 0
4607 2 1176 528 1314 690 0
4608 2 1114 521 1252 683 0
4609 2 1062 515 1200 677 0
4610 2 1010 508 1148 670 0
4611 2 966 503 1104 665 0
4612 2 928 497 1066 662 0
4613 2 928 497 1038 661 0
4614 2 891 491 1023 657 0
4615 2 853 484 1006 652 0
4616 2 854 488 1000 652 0
4617 2 856 493 995 652 0
4618 2 857 497 989 652 0
4619 2 859 501 984 652 0
4620 2 860 506 977 652 0
4621 2 860 508 988 653 0
4622 2 860 510 1000 654 0
4623 2 884 550 1026 698 0
4624 2 884 550 1026 698 0
4625 2 924 570 1068 718 0
4626 2 936 564 1080 712 0
4627 2 902 544 1046 692 0
4628 2 954 544 1096 694 0
4629 2 966 522 1108 672 0
4630 2 966 522 1108 672 0
4631 2 961 429 1088 566 0
4632 2 1005 371 1118 500 0
4633 2 1005 366 1122 498 0
4634 2 1033 274 1160 398 0
4635 2 1018 260 1172 388 0
4636 2 1081 213 1217 353 0
4637 2 1117 207 1261 341 0
4638 2 1142 194 1277 343 0
4639 2 1322 201 1439 345 0
4640 2 1506 198 1623 325 0
4641 2 1536 194 1623 328 0
4759 2 1604 221 1757 411 0
4760 2 1515 279 1640 464 0
4761 2 1514 286 1672 434 0
4762 2 1447 310 1588 488 0
4763 2 1451 305 1586 486 0
4764 2 1441 301 1584 480 0
4765 2 1427 331 1556 505 0
4766 2 1431 329 1565 504 0
4767 2 1410 352 1545 523 0
4768 2 1407 346 1538 504 0
4769 2 1406 347 1540 507 0
4770 2 1392 281 1526 444 0
4771 2 1392 283 1521 446 0
4772 2 1381 186 1526 373 0
4773 2 1389 146 1527 313 0
4774 2 1389 144 1527 319 0
4775 2 1392 42 1534 226 0
4776 2 1388 46 1518 244 0
4777 2 1363 46 1496 231 0
4778 2 1329 101 1467 281 0
4779 2 1320 94 1466 284 0
4780 2 1288 231 1419 400 0
4781 2 1288 228 1413 423 0
4782 2 1267 298 1396 467 0
4783 2 1254 310 1392 464 0
4784 2 1260 304 1398 464 0
4785 2 1273 251 1401 418 0
4786 2 1276 221 1413 394 0
4787 2 1278 224 1416 394 0
4788 2 1262 222 1414 416 0
4789 2 1268 246 1412 422 0
4790 2 1262 254 1412 426 0
4791 2 1261 273 1413 457 0
4792 2 1250 264 1416 438 0
4793 2 1248 266 1414 442 0
4794 2 1236 220 1398 392 1
4795 2 1238 240 1402 412 1
4796 2 1194 298 1342 480 1
4797 2 1194 316 1338 476 1
4798 2 1198 298 1342 456 1
4799 2 1168 340 1324 502 1
4800 2 1156 318 1322 490 1
4801 2 1156 340 1300 506 1
4802 2 1154 334 1296 500 1
4803 2 1116 408 1260 568 1
4804 2 1110 402 1264 556 1
4805 2 1106 388 1260 542 1
4806 2 1100 388 1243 557 1
4807 2 1092 404 1246 568 1
4808 2 1082 390 1238 560 0
4809 2 1070 414 1219 567 0
4810 2 1064 438 1214 576 0
4811 2 1062 430 1213 569 0
4812 2 1054 437 1200 582 0
4813 2 1045 444 1191 583 0
4814 2 1048 432 1206 586 0
4815 2 1036 424 1208 578 0
4816 2 1028 430 1196 584 0
4817 2 1056 442 1222 604 0
4818 2 1046 450 1208 610 0
4819 2 1032 442 1194 600 0
4820 2 1090 452 1250 602 0
4821 2 1130 424 1286 572 0
4822 2 1084 438 1236 584 0
4823 2 1274 392 1394 552 0
4824 2 1270 386 1394 555 0
4825 2 1545 286 1683 461 0
4826 2 1683 227 1843 414 0
4827 2 1688 226 1858 408 0
4855 2 1772 174 1916 409 1
4856 2 1772 236 1916 409 1
4857 2 1729 236 1916 452 1
4858 2 1685 236 1915 495 1
4859 2 1649 263 1899 510 1
4860 2 1613 289 1882 524 1
4861 2 1579 314 1775 539 1
4862 2 1540 342 1733 552 1
4863 2 1500 369 1690 565 1
4864 2 1480 394 1662 581 1
4865 2 1456 429 1635 619 1
4866 2 1431 463 1607 656 1
4867 2 1433 491 1607 656 1
4868 2 1433 523 1607 657 1
4869 2 1433 554 1607 656 1
4870 2 1417 601 1591 703 1
4871 2 1417 615 1591 717 1
4872 2 1417 629 1591 731 1
4873 2 1417 629 1591 772 1
4874 2 1396 647 1576 798 1
4875 2 1376 664 1561 822 1
4876 2 1354 673 1561 822 1
4877 2 1302 667 1477 822 1
4878 2 1250 661 1394 823 1
4879 2 1155 681 1309 823 1
4880 2 1065 662 1231 822 1
4881 2 975 644 1153 822 1
4882 2 891 635 1093 822 1
4883 2 835 626 1018 797 1
4884 2 780 618 944 772 1
4885 2 711 607 886 772 1
4886 2 659 591 836 758 1
4887 2 607 574 787 743 1
4888 2 576 567 767 738 1
4889 2 546 561 748 734 1
4890 2 516 554 729 729 1
4891 2 486 548 710 726 1
4892 2 454 516 678 692 0
4893 2 330 470 568 658 0
4894 2 288 448 524 656 0
4895 2 306 468 542 670 0
4896 2 176 412 420 646 0
4897 2 216 438 462 670 0
4898 2 200 406 442 640 0
4899 2 164 414 394 624 0
4900 2 150 384 376 598 0
4901 2 142 370 368 588 0
4902 2 142 370 368 588 0
4903 2 122 354 346 576 0
4904 2 4 372 259 575 0
4905 2 0 348 172 569 0
4906 2 0 353 129 543 0
4907 2 0 353 121 547 0
5011 2 740 633 936 848 0
5012 2 795 658 991 869 0
5013 2 834 688 1024 909 0
5014 2 873 718 1057 949 0
5015 2 866 737 1050 960 0
5016 2 860 756 1044 970 0
5017 2 854 775 1038 981 0
5018 2 852 775 1037 989 0
5019 2 850 775 1037 997 0
5020 2 847 784 1032 1017 0
5021 2 844 794 1028 1038 0
5022 2 838 807 1041 1032 0
5023 2 838 815 1040 1038 0
5024 2 838 824 1039 1045 0
5025 2 803 819 1007 1045 0
5026 2 768 815 974 1047 0
5027 2 733 810 942 1047 0
5028 2 657 806 869 1054 0
5029 2 667 807 878 1052 0
5030 2 482 803 729 1041 0
5031 2 365 798 633 1039 0
5032 2 247 794 535 1038 0
5033 2 57 781 383 1060 0
5069 2 2 356 155 620 0
5070 2 23 383 169 668 0
5071 2 43 411 181 716 0
5072 2 40 424 179 710 0
5073 2 36 438 176 705 0
5074 2 32 452 173 701 0
5075 2 28 465 170 695 0
5082 2 1 561 151 659 0
5083 2 1 561 171 671 0
5084 2 1 561 191 683 0
5085 2 1 561 211 695 0
5086 2 13 574 237 701 0
5087 2 26 582 222 702 0
5088 2 63 561 286 705 0
5089 2 70 570 268 704 0
5090 2 110 558 346 705 0
5091 2 131 554 367 710 0
5092 2 130 550 364 713 0
5093 2 176 554 424 726 0
5094 2 188 546 430 724 0
5095 2 180 550 422 730 0
5096 2 218 554 436 738 0
5097 2 202 548 426 732 0
5098 2 238 602 454 772 0
5099 2 232 598 462 776 0
5100 2 230 588 462 764 0
5101 2 228 579 489 775 0
5102 2 230 590 486 838 0
5103 2 232 592 486 838 0
5104 2 270 502 514 724 0
5105 2 252 542 502 764 0
5106 2 280 416 538 634 0
5107 2 274 440 562 698 0
5108 2 268 452 554 708 0
5109 2 334 388 614 648 0
5110 2 314 418 596 672 0
5111 2 356 292 624 580 0
5112 2 326 266 614 564 0
5113 2 338 302 624 594 0
5114 2 238 150 538 416 0
5115 2 184 108 496 376 0
5116 2 246 160 548 426 0
5117 2 132 31 483 391 0
5118 2 102 16 458 347 0
5119 2 72 0 433 301 0
5120 2 95 5 467 341 0
5121 2 119 11 502 382 0
5122 2 142 16 535 422 0
5123 2 193 7 617 475 0
5124 2 186 52 588 446 0
5125 2 264 28 640 497 0
5126 2 262 94 658 504 1
5127 2 304 128 694 530 1
5128 2 290 156 698 568 1
5129 2 298 158 704 576 1
5130 2 298 142 704 564 1
5131 2 288 132 714 598 1
5132 2 288 104 722 582 1
5133 2 280 114 720 592 1
5134 2 318 114 746 546 1
5135 2 292 120 728 556 1
5136 2 338 150 758 572 1
5137 2 330 156 746 564 1
5138 2 326 148 744 560 1
5139 2 362 148 760 580 1
5140 2 348 142 754 578 1
5141 2 370 104 788 560 1
5142 2 416 132 812 544 1
5143 2 402 146 802 556 1
5144 2 424 116 854 566 1
5145 2 388 130 830 574 1
5146 2 438 108 876 606 1
5147 2 436 116 884 626 1
5148 2 414 116 870 630 1
5149 2 488 132 916 608 1
5150 2 470 136 914 614 1
5151 2 452 136 902 612 1
5152 2 496 124 918 598 1
5153 2 466 124 902 598 1
5154 2 482 112 908 578 1
5155 2 468 98 910 604 1
5156 2 462 94 902 602 1
5157 2 452 92 896 588 1
5158 2 446 96 892 592 1
5159 2 436 82 890 604 1
5160 2 432 82 884 598 1
5161 2 430 86 884 598 1
5162 2 430 96 872 614 1
5163 2 430 114 868 608 1
5164 2 424 106 864 604 1
5165 2 424 140 862 644 1
5166 2 412 120 858 628 1
5167 2 428 174 850 670 1
5168 2 424 182 846 670 1
5169 2 416 166 838 654 1
5170 2 446 240 870 714 1
5171 2 452 192 845 723 1
5172 2 424 192 874 729 1
5173 2 452 238 858 757 1
5174 2 430 270 882 768 1
5175 2 440 274 888 774 1
5176 2 438 272 888 758 1
5177 2 450 250 886 744 1
5178 2 444 264 880 760 1
5179 2 486 164 910 598 1
5180 2 514 144 934 598 1
5181 2 494 176 912 626 1
5182 2 626 50 1052 494 1
5183 2 620 22 1036 458 1
5184 2 586 58 1002 494 1
5185 2 691 3 1161 433 1
5186 2 691 3 1125 452 1
5187 2 691 3 1089 471 1
5188 2 690 4 1087 475 1
5189 2 689 6 1085 480 1
5190 2 687 8 1082 485 1
5191 2 686 10 1080 490 1
5192 2 685 12 1078 495 1
5193 2 684 14 1075 501 1
5194 2 682 15 1072 505 1
5195 2 681 17 1070 510 0
5196 2 680 19 1068 515 0
5197 2 678 21 1065 520 0
5198 2 677 23 1063 525 0
5199 2 676 24 1061 530 0
5200 2 675 26 1059 535 0
5201 2 673 28 1056 540 0
5202 2 672 30 1054 545 0
5203 2 671 32 1052 550 0
5204 2 669 33 1049 554 0
5205 2 668 35 1047 560 0
5206 2 675 50 1046 560 0
5207 2 683 64 1047 559 0
5208 2 690 79 1047 560 0
5209 2 679 103 1047 597 0
5210 2 668 126 1047 632 0
5211 2 660 149 1042 656 0
5212 2 651 172 1037 681 0
5213 2 643 196 1033 706 0
5214 2 635 247 1017 742 0
5215 2 619 265 1009 762 0
5216 2 603 283 1000 782 0
5217 2 603 291 1000 788 0
5218 2 603 299 1000 794 0
5219 2 603 307 1000 800 0
5220 2 603 316 1000 807 0
5221 2 604 339 997 827 0
5222 2 606 362 995 847 0
5223 2 607 386 991 868 0
5224 2 609 409 989 888 0
5225 2 619 424 994 900 0
5226 2 629 440 999 913 0
5227 2 639 455 1003 926 0
5228 2 648 470 1007 938 0
5229 2 658 485 1012 951 0
5230 2 668 501 1017 964 0
5231 2 710 501 1017 958 0
5232 2 713 505 1043 957 0
5233 2 716 510 1068 957 0
5234 2 783 510 1068 979 0
5235 2 772 510 1068 976 0
5236 2 761 510 1067 972 0
5237 2 751 510 1068 968 0
5238 2 740 510 1067 964 0
5239 2 730 510 1068 961 0
5240 2 719 510 1068 957 0
5241 2 715 523 1064 970 0
5242 2 711 536 1060 983 0
5243 2 706 548 1055 995 0
5244 2 700 572 1039 1030 0
5245 2 694 596 1024 1065 0
5246 2 689 628 1023 1057 0
5247 2 684 660 1022 1050 0
5248 2 654 648 994 1026 0
5249 2 668 656 1008 1038 0
5250 2 638 570 972 956 0
5251 2 646 570 998 958 0
5252 2 646 592 996 974 0
5253 2 674 583 1018 1059 0
5254 2 674 612 1018 1059 0
5255 2 674 640 1018 1058 0
5256 2 672 630 1016 1048 0
5257 2 671 619 1015 1037 0
5258 2 670 609 1014 1027 0
5259 2 669 598 1013 1016 0
5260 2 668 588 1012 1006 0
5261 2 666 577 1010 995 0
5262 2 665 567 1009 985 0
5263 2 664 556 1008 974 0
5264 2 663 546 1007 964 0
5265 2 662 535 1006 953 0
5266 2 660 525 1004 943 0
5267 2 659 514 1003 932 0
5268 2 658 504 1002 922 0
5269 2 657 493 1001 911 0
5270 2 656 483 1000 901 0
5271 2 654 472 998 890 0
5272 2 648 402 992 820 0
5273 2 705 326 1049 744 0
5274 2 715 236 1091 640 0
5275 2 725 145 1134 535 0
5276 2 730 152 1126 539 0
5277 2 791 3 1226 430 0
5278 2 791 3 1226 399 0
5279 2 806 0 1263 394 0
5280 2 806 0 1263 347 0
5281 2 806 0 1263 320 0
5282 2 739 0 1219 299 0
5283 2 672 0 1174 278 0
5284 2 628 0 1128 253 0
5285 2 585 0 1083 227 0
5286 2 523 0 1026 217 0
5287 2 455 0 973 215 0
5288 2 388 0 921 212 0
5289 2 339 0 881 212 0
5290 2 308 0 850 220 0
5291 2 277 1 819 228 0
5292 2 201 1 800 240 0
5293 2 170 1 769 240 0
5294 2 139 1 738 240 0
5295 2 89 6 688 245 0
5296 2 46 11 645 250 0
5297 2 3 16 602 255 0
5298 2 3 16 426 260 0
5299 2 3 16 426 260 0
5398 2 1255 4 1841 234 1
5399 2 1259 4 1778 201 1
5400 2 1255 4 1716 412 1
5401 2 1197 52 1687 465 1
5402 2 1177 108 1669 529 1
5403 2 1156 163 1651 591 1
5404 2 1170 181 1640 607 1
5405 2 1184 200 1630 624 1
5406 2 1178 242 1670 670 1
5407 2 1178 242 1670 670 1
5408 2 1195 302 1710 736 1
5409 2 1215 309 1736 755 1
5410 2 1233 307 1759 764 1
5411 2 1234 315 1751 767 1
5412 2 1263 372 1787 824 1
5413 2 1281 432 1812 869 1
5414 2 1289 457 1812 869 1
5415 2 1297 450 1813 859 1
5416 2 1305 444 1814 849 1
5417 2 1312 437 1815 839 1
5418 2 1320 430 1816 829 1
5419 2 1328 423 1817 818 1
5420 2 1336 416 1818 808 1
5421 2 1343 410 1818 799 1
5422 2 1351 403 1820 788 1
5423 2 1359 396 1821 778 1
5424 2 1366 389 1821 768 1
5425 2 1374 383 1822 758 1
5426 2 1382 376 1823 748 1
5427 2 1389 369 1823 737 1
5428 2 1397 362 1825 727 1
5429 2 1400 362 1828 727 1
5430 2 1402 362 1830 727 1
5431 2 1405 362 1833 727 1
5432 2 1408 362 1836 727 1
5433 2 1410 362 1838 727 1
5434 2 1413 362 1841 727 1
5435 2 1415 362 1843 727 1
5436 2 1418 362 1846 727 1
5437 2 1421 362 1849 727 1
5438 2 1423 362 1851 727 1
5439 2 1426 362 1854 727 1
5440 2 1428 362 1856 727 1
5441 2 1431 362 1859 727 0
5442 2 1434 362 1862 727 0
5443 2 1436 362 1864 727 0
5444 2 1439 362 1867 727 0
5445 2 1442 362 1870 727 0
5446 2 1444 362 1872 727 0
5447 2 1447 362 1875 727 0
5448 2 1449 362 1877 727 0
5449 2 1452 362 1880 727 0
5450 2 1455 362 1883 727 0
5451 2 1457 362 1885 727 0
5452 2 1460 362 1888 727 0
5453 2 1462 362 1890 727 0
5454 2 1465 362 1893 727 0
5455 2 1468 362 1896 727 0
5456 2 1470 362 1898 727 0
5457 2 1473 362 1901 727 0
5458 2 1475 362 1903 727 0
5459 2 1478 362 1906 727 0
5460 2 1481 362 1909 727 0
5461 2 1483 362 1911 727 0
5462 2 1486 362 1914 727 0
5463 2 1489 362 1917 727 0
5464 2 1735 271 1916 522 0
5875 2 344 0 743 109 0
5876 2 344 0 696 133 0
5877 2 344 0 649 158 0
5878 2 324 0 621 158 0
5879 2 304 0 592 158 0
5880 2 116 0 442 186 0
5881 2 46 0 364 226 0
5882 2 24 0 315 305 0
5883 2 2 0 266 384 0
5884 2 2 0 204 480 0
5885 2 2 0 142 576 0
5886 2 2 0 142 576 0
5887 2 2 0 142 576 0
5965 2 0 336 117 846 0
5966 2 0 336 180 862 0
5967 2 0 336 244 877 0
5968 2 0 336 316 910 0
5969 2 0 354 375 912 0
5970 2 0 371 435 912 0
5971 2 0 392 472 972 0
5972 2 0 413 509 1031 0
5973 2 5 433 530 1041 0
5974 2 10 452 551 1049 0
5975 2 15 472 572 1059 0
5976 2 20 492 593 1068 0
5977 2 26 512 616 1078 0
5978 2 73 588 642 1080 0
5979 2 65 610 668 1079 0
5980 2 58 632 696 1078 0
5981 2 64 630 690 1072 0
5982 2 70 629 685 1067 0
5983 2 66 656 707 1080 0
5984 2 85 658 717 1075 0
5985 2 105 660 727 1071 0
5986 2 204 652 746 1079 0
5987 2 182 655 753 1077 0
5988 2 230 661 769 1076 0
5989 2 223 677 747 1080 0
5990 2 223 677 740 1079 0
5991 2 223 678 732 1080 0
5992 2 223 678 725 1079 0
5993 2 223 679 718 1080 0
5994 2 215 665 715 1080 0
5995 2 207 651 712 1080 0
5996 2 199 636 709 1079 0
5997 2 191 622 706 1079 0
5998 2 191 595 696 1079 0
5999 2 191 568 687 1080 0
6000 2 140 530 687 1079 0
6001 2 89 493 687 1079 0
6002 2 69 454 667 1079 0
6003 2 50 415 648 1079 0
6004 2 31 376 628 1079 0
6005 2 20 327 608 1025 0
6006 2 9 277 587 970 0
6007 2 0 227 567 915 0
6008 2 0 151 550 915 0
6009 2 0 75 533 915 0
6010 2 0 61 479 888 0
6011 2 0 47 425 861 0
6012 2 0 32 371 832 0
6013 2 0 18 317 805 0
6014 2 0 3 263 777 0
6334 2 0 533 90 1074 1
6335 2 0 439 90 1074 1
6336 2 0 345 90 1074 1
6337 2 0 345 112 1074 1
6338 2 0 269 156 1074 1
6339 2 0 200 187 1074 1
6340 2 0 132 217 1074 1
6341 2 0 63 247 1073 1
6342 2 0 33 280 1044 1
6343 2 0 3 312 1014 1
6344 2 0 3 312 938 1
6345 2 0 3 312 863 1
6346 2 0 3 306 841 1
6347 2 0 3 299 818 1
6348 2 0 3 293 796 1
6349 2 0 3 279 760 1
6350 2 0 3 266 724 1
6351 2 0 3 253 687 1
6352 2 0 3 240 651 1
6353 2 0 3 153 584 1
6354 2 0 3 153 584 1
6504 2 164 4 505 215 0
6505 2 348 23 699 304 0
6506 2 531 42 891 393 0
6507 2 680 69 1023 456 0
6508 2 829 95 1156 518 0
6509 2 903 163 1244 620 0
6510 2 944 209 1297 666 0
6511 2 985 254 1350 711 0
6512 2 1019 307 1389 749 0
6513 2 1004 294 1388 714 0
6514 2 1112 420 1448 838 0
6515 2 1082 414 1424 796 0
6516 2 1060 386 1438 798 0
6517 2 1089 452 1450 833 0
6518 2 1096 490 1454 851 0
6519 2 1089 487 1441 852 0
6520 2 1076 544 1425 925 0
6521 2 1026 576 1405 991 0
6522 2 1030 586 1366 972 0
6523 2 962 626 1291 1063 0
6524 2 886 653 1241 1004 0
6525 2 824 658 1169 1005 0
6526 2 762 662 1097 1004 0
6527 2 702 666 1037 1008 0
6528 2 702 666 1050 1024 0
6529 2 584 662 962 1024 0
6530 2 566 645 944 1007 0
6531 2 548 628 926 990 0
6532 2 530 611 908 973 0
6533 2 513 594 891 956 0
6534 2 495 577 873 939 0
6535 2 477 560 855 922 0
6536 2 459 543 837 905 0
6537 2 421 543 824 893 0
6538 2 346 521 801 877 0
6539 2 349 524 801 883 0
6540 2 415 529 819 835 0
6541 2 423 532 809 844 0
6542 2 566 579 896 863 0
6543 2 612 579 953 852 0
6544 2 601 578 949 831 0
6545 2 691 598 1024 865 0
6546 2 690 600 1016 847 0
6547 2 730 666 998 934 0
6548 2 686 664 960 938 0
6549 2 680 664 956 934 0
6550 2 646 666 910 926 0
6551 2 638 666 906 922 0
6552 2 626 668 874 900 0
6553 2 596 660 840 892 0
6554 2 598 662 844 896 0
6555 2 528 632 774 826 0
6556 2 480 642 726 826 0
6557 2 514 644 762 828 0
6558 2 338 642 598 832 0
6559 2 352 644 592 826 0
6560 2 382 646 622 826 0
6561 2 274 658 524 836 0
6562 2 326 654 576 830 0
6563 2 234 686 482 888 0
6564 2 234 696 486 892 0
6565 2 254 688 506 884 0
6566 2 188 728 434 914 0
6567 2 224 714 466 900 0
6568 2 154 740 388 910 0
6569 2 124 728 368 906 0
6570 2 154 724 396 902 0
6571 2 81 693 321 909 0
6572 2 26 695 276 909 0
6573 2 14 687 232 909 0
6574 2 2 678 189 908 0
6575 2 2 678 147 898 0
6576 2 2 678 105 887 0
6577 2 2 685 65 888 0
6578 2 2 685 65 888 0
6769 3 557 626 586 663 0
6770 3 596 644 630 686 0
6771 3 636 662 674 710 0
6772 3 657 679 695 733 0
6773 3 673 704 717 760 0
6774 3 691 716 737 773 0
6775 3 709 728 757 786 0
6776 3 709 728 757 786 0
6785 2 101 738 283 901 1
6786 2 208 751 354 895 1
6787 2 246 750 392 894 1
6788 2 285 749 431 893 1
6789 2 319 760 465 904 1
6790 2 352 772 498 916 1
6791 2 388 780 534 924 1
6792 2 424 788 570 932 1
6793 2 460 796 606 940 1
6794 2 492 794 638 938 1
6795 2 524 793 670 937 1
6796 2 555 792 701 936 1
6797 2 595 792 702 944 1
6798 2 614 787 721 939 1
6799 2 633 782 740 934 1
6800 2 632 775 739 927 1
6801 2 631 767 738 919 1
6802 2 629 760 736 912 1
6803 2 628 752 735 904 1
6804 2 627 745 734 897 1
6805 2 625 737 732 889 1
6806 2 624 730 731 882 1
6807 2 622 722 729 874 1
6808 2 606 701 713 853 1
6809 2 588 655 701 812 1
6810 2 570 610 690 772 1
6811 2 559 560 673 722 1
6812 2 548 510 657 672 0
6813 2 533 455 662 634 0
6814 2 519 416 651 593 0
6815 2 505 376 639 551 0
6816 2 497 345 631 520 0
6817 2 489 315 623 490 0
6818 2 474 329 616 510 0
6819 2 460 343 609 531 0
6820 2 447 381 593 578 0
6821 2 435 419 578 625 0
6822 2 429 443 577 625 0
6823 2 415 425 563 607 0
6824 2 400 407 548 589 0
6825 2 386 389 534 571 0
6826 2 372 372 520 554 0
6827 2 358 354 506 536 0
6828 2 329 300 477 482 0
6829 2 293 257 461 465 0
6830 2 258 214 445 447 0
6831 2 235 189 444 447 0
6832 2 234 201 444 446 0
6833 2 234 214 445 447 0
6834 2 234 251 434 485 0
6835 2 231 275 431 509 0
6836 2 229 299 429 533 0
6837 2 230 271 430 505 0
6838 2 231 242 431 476 0
6839 2 232 214 432 448 0
6840 2 233 186 433 420 0
6841 2 234 157 434 391 0
6842 2 229 173 432 415 0
6843 2 224 189 430 439 0
6844 2 218 204 427 462 0
6845 2 213 220 425 485 0
6846 2 208 235 423 508 0
6847 2 203 251 422 532 0
6848 2 198 267 420 556 0
6849 2 193 282 418 578 0
6850 2 193 282 429 564 0
6851 2 193 282 439 550 0
6852 2 207 229 453 497 0
6853 2 208 240 454 508 0
6854 2 209 250 455 518 0
6855 2 210 260 456 528 0
6856 2 211 270 457 538 0
6857 2 212 281 458 549 0
6858 2 213 291 459 559 0
6859 2 214 301 460 569 0
6860 2 225 260 471 528 0
6861 2 236 220 482 488 0
6862 2 247 179 493 447 0
6863 2 258 138 504 406 0
6864 2 271 111 529 408 0
6865 2 284 83 554 409 0
6866 2 297 56 579 411 1
6867 2 310 29 603 413 1
6868 2 292 40 620 400 1
6869 2 366 130 678 522 1
6870 2 350 132 668 502 1
6871 2 344 110 662 480 1
6872 2 340 144 682 502 1
6873 2 324 110 674 476 1
6874 2 332 114 676 478 1
6875 2 286 2 650 412 1
6876 2 310 56 658 454 1
6877 2 320 1 694 395 1
6878 2 375 1 693 444 1
6879 2 342 7 702 429 1
6880 2 470 24 789 488 1
6881 2 588 34 954 396 1
6882 2 520 44 888 408 1
6883 2 731 0 1053 410 1
6884 2 865 0 1191 362 1
6885 2 872 8 1198 339 1
6886 2 1155 0 1481 299 1
6887 2 1340 0 1666 238 0
6888 2 1367 0 1666 192 0
6889 2 1645 0 1917 146 0
6898 2 1740 0 1918 256 0
6899 2 1700 0 1918 242 0
6900 2 1659 0 1918 228 0
6901 2 1624 3 1915 214 0
6902 2 1589 5 1913 200 0
6903 2 1542 5 1888 220 0
6904 2 1494 5 1862 241 0
6905 2 1446 5 1836 262 0
6906 2 1411 5 1836 278 0
6907 2 1384 5 1807 317 0
6908 2 1356 5 1778 357 0
6909 2 1326 5 1778 357 0
6910 2 1296 5 1778 357 0
6911 2 1279 5 1767 373 0
6912 2 1262 5 1757 388 0
6913 2 1245 5 1746 404 0
6914 2 1228 5 1735 419 0
6915 2 1211 5 1725 435 0
6916 2 1194 5 1714 451 0
6917 2 1116 5 1638 517 0
6918 2 1070 5 1638 559 1
6919 2 1046 15 1601 582 1
6920 2 1023 24 1565 604 1
6921 2 1015 53 1552 629 1
6922 2 1006 81 1537 654 1
6923 2 995 115 1526 676 1
6924 2 983 149 1514 698 1
6925 2 972 183 1503 720 1
6926 2 960 217 1491 742 1
6927 2 944 266 1475 771 1
6928 2 927 315 1458 799 1
6929 2 927 345 1433 837 1
6930 2 916 377 1422 869 1
6931 2 905 410 1411 902 1
6932 2 905 441 1411 902 1
6933 2 905 472 1411 902 1
6934 2 905 472 1406 946 1
6935 2 892 498 1406 946 1
6936 2 879 524 1406 946 1
6937 2 879 524 1406 985 1
6938 2 878 537 1405 998 1
6939 2 876 551 1403 1012 0
6940 2 873 551 1400 1012 0
6941 2 869 551 1396 1012 0
6942 2 866 551 1393 1012 0
6943 2 862 551 1389 1012 0
6944 2 859 551 1386 1012 0
6945 2 855 550 1382 1011 0
6946 2 852 550 1379 1011 0
6947 2 848 550 1375 1011 0
6948 2 845 550 1372 1011 0
6949 2 841 550 1368 1011 0
6950 2 838 550 1365 1011 0
6951 2 834 550 1361 1011 0
6952 2 831 550 1358 1011 0
6953 2 827 550 1354 1011 0
6954 2 824 549 1351 1010 0
6955 2 820 549 1347 1010 0
6956 2 817 549 1344 1010 0
6957 2 813 549 1340 1010 0
6958 2 810 549 1337 1010 0
6959 2 806 549 1333 1010 0
6960 2 803 549 1330 1010 0
6961 2 799 549 1326 1010 0
6962 2 796 548 1323 1009 0
6963 2 800 548 1323 1009 0
6964 2 804 548 1323 1009 0
6965 2 808 548 1323 1009 0
6966 2 813 548 1324 1009 0
6967 2 817 548 1324 1009 0
6968 2 821 548 1323 1009 0
6969 2 821 558 1323 1010 0
6970 2 821 567 1323 1010 0
6971 2 821 576 1323 1009 0
6972 2 831 576 1324 1009 0
6973 2 840 576 1323 1009 0
6974 2 840 593 1334 1057 0
6975 2 841 603 1335 1060 0
6976 2 842 613 1336 1064 0
6977 2 843 623 1337 1068 0
6978 2 844 633 1338 1071 0
6979 2 845 643 1339 1075 0
6980 2 847 654 1341 1080 0
6981 2 852 648 1346 1074 0
6982 2 857 643 1351 1069 0
6983 2 862 637 1356 1063 0
6984 2 867 632 1361 1058 0
6985 2 872 626 1366 1052 0
6986 2 883 595 1377 1021 0
6987 2 895 564 1389 990 0
6988 2 895 540 1389 989 0
6989 2 895 517 1389 989 0
6990 2 899 448 1393 920 0
6991 2 848 394 1393 885 0
6992 2 797 340 1393 850 0
6993 2 734 271 1222 759 0
6994 2 659 205 1147 693 0
6995 2 584 139 1072 627 0
6996 2 515 70 1052 563 1
6997 2 446 1 1032 499 1
6998 2 416 1 1032 468 1
6999 2 405 1 1032 400 1
7000 2 394 1 1032 331 1
7001 2 394 1 1032 292 1
7002 2 394 1 1032 252 1
7003 2 473 1 1032 205 1
7004 2 473 1 955 160 1
7005 2 473 1 879 116 1
7166 2 1635 0 1916 375 0
7167 2 1342 0 1813 454 0
7168 2 1383 5 1813 480 0
7169 2 1263 17 1652 513 0
7170 2 1157 9 1526 538 0
7171 2 990 105 1332 622 0
7172 2 968 121 1313 622 0
7173 2 947 137 1295 622 0
7174 2 925 153 1275 622 0
7175 2 949 138 1299 607 0
7176 2 973 124 1323 593 0
7177 2 996 109 1346 578 0
7178 2 1068 62 1418 495 0
7179 2 1111 32 1447 406 0
7180 2 1154 2 1476 317 0
7181 2 1114 2 1419 287 0
7182 2 1075 2 1363 258 0
7183 2 1038 2 1325 246 0
7184 2 1001 2 1288 235 1
7185 2 814 2 1105 187 1
7186 2 735 2 1026 187 1
7187 2 643 1 934 172 1
7188 2 552 0 843 157 1
7189 2 450 0 741 151 1
7190 2 348 0 639 144 1
7191 2 241 2 532 146 1
7192 2 147 2 438 146 1
7193 2 53 2 344 146 1
7194 2 4 2 270 132 1
7195 2 4 2 270 132 1
7210 2 1 0 134 331 1
7211 2 1 0 134 344 1
7212 2 1 0 134 358 1
7213 2 1 0 97 358 1
7214 2 1 0 97 358 1
7600 3 0 0 197 194 1
7601 3 0 0 220 204 1
7602 3 0 0 242 214 1
7603 3 0 0 264 224 1
7604 3 0 0 287 234 1
7605 3 0 0 309 245 1
7606 3 1 0 304 229 1
7607 3 3 0 300 213 1
7608 3 4 0 295 197 1
7609 3 6 0 291 182 1
7610 3 8 0 287 166 1
7611 3 8 0 287 159 1
7612 3 8 0 287 153 1
7613 3 8 0 287 146 1
7614 3 8 0 287 140 1
7615 3 8 0 287 134 1
7616 3 8 0 287 127 1
7617 3 8 0 287 121 1
7618 3 8 0 287 114 1
7898 3 1026 1 1305 294 1
7899 3 983 125 1262 418 1
7900 3 940 248 1219 541 1
7901 3 902 372 1181 665 1
7902 3 898 368 1184 656 1
7903 3 806 646 1046 874 1
7904 3 834 618 1094 960 1
7905 3 836 558 1126 918 1
7906 3 866 672 1116 1004 1
7907 3 864 648 1150 1012 1
7908 3 864 628 1150 996 1
7909 3 864 696 1158 1050 1
7910 3 868 666 1164 1018 1
7911 3 856 696 1150 1046 1
7912 3 866 688 1160 1034 1
7913 3 864 692 1170 1040 1
7914 3 866 686 1170 1034 1
7915 3 880 702 1176 1058 1
7916 3 874 702 1174 1052 1
7917 3 874 702 1172 1054 1
7918 3 874 700 1172 1050 1
7919 3 872 704 1170 1058 1
7920 3 872 702 1166 1062 1
7921 3 872 702 1166 1062 1
7922 3 866 706 1158 1060 1
7923 3 866 702 1160 1058 1
7924 3 866 704 1162 1062 1
7925 3 864 704 1160 1062 1
7926 3 864 704 1160 1062 1
7927 3 870 704 1166 1062 1
7928 3 891 721 1119 1054 1
7929 3 872 698 1166 1058 1
7930 3 884 674 1170 1028 1
7931 3 888 698 1162 996 1
7932 3 886 706 1160 1002 1
7933 3 880 690 1168 1066 1
7934 3 880 686 1168 1058 1
7935 3 913 754 1153 1075 1
7936 3 917 756 1153 1075 1
7937 3 920 758 1152 1075 1
7938 3 924 760 1153 1075 1
7939 3 928 763 1153 1076 1
7940 3 932 765 1153 1076 1
7941 3 935 767 1152 1076 1
7942 3 939 769 1153 1076 1
7943 3 943 771 1153 1076 1
7944 3 947 773 1153 1076 1
7945 3 950 775 1152 1075 1
7946 3 954 777 1153 1075 1
7947 3 958 779 1153 1075 1
7948 3 950 779 1151 1076 1
7949 3 942 778 1150 1076 1
7950 3 934 777 1149 1075 1
7951 3 925 777 1146 1076 1
7952 3 917 776 1145 1076 1
7953 3 909 775 1143 1075 1
7954 3 901 774 1142 1075 1
7955 3 893 774 1141 1076 1
7956 3 889 772 1136 1074 1
7957 3 884 770 1130 1071 1
7958 3 880 768 1126 1069 1
7959 3 876 766 1121 1067 1
7960 3 871 765 1115 1065 1
7961 3 867 763 1111 1063 1
7962 3 873 760 1116 1061 1
7963 3 880 757 1122 1059 1
7964 3 886 754 1128 1056 1
7965 3 892 751 1133 1054 1
7966 3 899 749 1139 1053 1
7967 3 905 746 1145 1051 1
7968 3 911 743 1150 1048 1
7969 3 918 740 1156 1046 1
7970 3 924 737 1161 1044 1
7971 3 930 734 1167 1042 1
7972 3 936 732 1172 1040 1
7973 3 943 729 1178 1038 1
7974 3 949 726 1184 1036 1
7975 3 955 723 1189 1033 1
7976 3 962 720 1195 1031 1
7977 3 968 717 1201 1029 1
7978 3 974 715 1206 1028 1
7979 3 981 712 1212 1025 1
7980 3 987 709 1217 1023 1
7981 3 993 706 1223 1021 1
7982 3 1000 703 1229 1019 1
7983 3 1006 700 1234 1016 1
7984 3 1012 698 1240 1015 1
7985 3 1019 695 1246 1013 1
7986 3 1025 692 1251 1011 1
7987 3 1031 689 1257 1008 1
7988 3 1038 686 1263 1006 1
7989 3 1108 667 1334 978 1
7990 3 1177 648 1405 949 1
7991 3 1247 616 1488 927 1
7992 3 1320 585 1564 905 1
7993 3 1393 553 1640 883 1
7994 3 1444 532 1700 867 1
7995 3 1495 511 1759 851 1
7996 3 1546 489 1818 834 1
7997 3 1574 469 1853 835 1
7998 3 1603 448 1888 835 1
7999 3 1609 448 1890 836 1
8000 3 1615 448 1893 837 1
8001 3 1620 448 1894 839 1
8002 3 1626 448 1896 840 1
8003 3 1632 448 1898 841 1
8004 3 1638 448 1900 842 1
8005 3 1644 448 1902 844 1
8006 3 1650 448 1905 845 1
8007 3 1656 448 1907 846 1
8008 3 1662 448 1909 847 1
8009 3 1668 448 1911 849 1
8010 3 1674 448 1913 850 1
8011 3 1680 448 1916 851 1
8012 3 1686 448 1918 852 1
8013 3 1692 448 1920 854 1
8014 3 1687 445 1919 852 1
8015 3 1683 442 1919 850 1
8016 3 1679 439 1919 848 1
8017 3 1675 436 1919 846 1
8018 3 1671 433 1919 845 1
8019 3 1667 430 1919 843 1
8020 3 1663 427 1919 841 1
8021 3 1659 424 1920 839 1
8022 3 1655 421 1920 837 1
8023 3 1651 418 1920 835 1
8024 3 1647 415 1920 833 1
8025 3 1643 412 1920 832 1
8026 3 1639 409 1920 830 1
8027 3 1635 406 1920 828 1
8028 3 1631 403 1920 826 1
8029 3 1627 400 1920 824 1
8030 3 1622 397 1919 822 1
8031 3 1618 394 1919 820 1
8032 3 1614 391 1919 819 1
8033 3 1610 388 1919 817 1
8034 3 1603 424 1920 849 1
8035 3 1596 461 1920 881 1
8036 3 1596 441 1920 861 1
8037 3 1596 421 1920 841 1
8038 3 1596 402 1920 822 1
8039 3 1596 382 1920 802 1
8040 3 1596 362 1920 782 1
8041 3 1596 342 1920 762 1
8042 3 1596 323 1920 743 1
8043 3 1598 322 1919 744 1
8044 3 1601 320 1920 743 1
8045 3 1603 319 1919 743 1
8046 3 1606 318 1920 743 1
8047 3 1608 317 1919 743 1
8048 3 1611 316 1920 744 1
8049 3 1613 314 1919 743 1
8050 3 1616 313 1920 743 1
8051 3 1619 312 1920 743 1
8052 3 1621 311 1920 743 1
8053 3 1624 310 1920 744 1
8054 3 1626 308 1919 743 1
8055 3 1629 307 1920 743 1
8056 3 1631 306 1919 743 1
8057 3 1635 325 1919 743 1
8058 3 1641 323 1919 744 1
8059 3 1647 320 1919 743 1
8060 3 1653 318 1919 743 1
8061 3 1659 316 1920 743 1
8062 3 1665 313 1920 743 1
8063 3 1671 311 1920 743 1
8064 3 1677 309 1920 743 1
8065 3 1683 307 1920 744 1
8066 3 1689 304 1920 743 1
8067 3 1694 302 1919 743 1
8068 3 1700 300 1919 743 1
8069 3 1700 284 1919 724 1
8070 3 1700 268 1919 704 1
8071 3 1700 252 1919 685 1
8072 3 1713 239 1920 679 1
8073 3 1725 226 1919 673 1
8074 3 1737 214 1919 667 1
8075 3 1737 211 1919 667 1
8076 3 1737 209 1919 667 1
8077 3 1737 207 1919 667 1
8078 3 1737 204 1919 667 1
8079 3 1737 202 1919 667 1
8080 3 1737 199 1919 667 1
8081 3 1737 197 1919 667 1
8082 3 1822 159 1919 550 1
8083 3 1842 165 1919 517 1
8084 3 1862 172 1919 486 1
8085 3 1885 226 1919 485 0
8086 3 1885 226 1919 485 0
8093 2 1 547 126 905 1
8094 2 1 486 176 862 1
8095 2 1 425 227 819 1
8096 2 1 374 282 761 1
8097 2 1 323 334 707 1
8098 2 1 271 385 653 1
8099 2 1 220 385 652 1
8100 2 20 163 405 576 1
8101 2 40 105 425 498 1
8102 2 38 100 425 493 1
8103 2 37 95 426 489 1
8104 2 35 90 426 484 1
8105 2 34 85 427 479 1
8106 2 32 80 427 474 1
8107 2 31 75 428 469 1
8108 2 29 70 428 465 1
8109 2 28 65 429 460 1
8110 2 26 60 429 455 1
8111 2 25 55 430 450 1
8112 2 23 50 430 445 1
8113 2 22 45 431 440 1
8114 2 20 40 431 436 1
8115 2 19 35 432 431 1
8116 2 17 30 432 426 1
8117 2 16 25 433 421 1
8118 2 14 20 433 416 1
8119 2 13 60 406 457 1
8120 2 11 99 378 496 1
8121 2 9 139 350 536 1
8122 2 8 178 323 575 1
8123 2 6 218 294 615 1
8124 2 4 312 228 709 1
8125 2 2 406 161 803 1
8126 2 2 406 161 803 1
8131 3 1873 245 1919 565 0
8132 3 1854 245 1919 616 0
8133 3 1835 245 1919 667 0
8134 3 1814 252 1919 678 0
8135 3 1793 259 1920 688 0
8136 3 1781 259 1920 696 0
8137 3 1769 259 1920 705 0
8138 3 1756 259 1919 713 0
8139 3 1744 259 1919 721 0
8140 3 1732 259 1919 729 0
8141 3 1726 268 1919 728 0
8142 3 1720 278 1919 729 0
8143 3 1714 288 1919 729 0
8144 3 1708 298 1919 729 0
8145 3 1702 308 1919 729 0
8146 3 1696 317 1919 728 0
8147 3 1695 323 1918 734 1
8148 3 1695 328 1918 739 1
8149 3 1695 333 1918 744 1
8150 3 1694 338 1917 749 1
8151 3 1694 344 1917 755 1
8152 3 1693 349 1916 760 1
8153 3 1693 354 1916 765 1
8154 3 1693 360 1916 771 1
8155 3 1692 365 1915 776 1
8156 3 1689 367 1916 780 1
8157 3 1685 368 1916 783 1
8158 3 1681 370 1915 786 1
8159 3 1678 372 1916 790 1
8160 3 1674 374 1916 794 1
8161 3 1670 376 1915 797 1
8162 3 1667 378 1916 801 1
8163 3 1663 379 1915 804 1
8164 3 1659 381 1915 807 1
8165 3 1656 383 1916 811 1
8166 3 1652 385 1915 815 1
8167 3 1648 387 1915 818 1
8168 3 1645 388 1916 821 1
8169 3 1641 390 1915 825 1
8170 3 1638 392 1916 828 1
8171 3 1634 394 1916 832 1
8172 3 1630 396 1915 836 1
8173 3 1627 398 1916 839 1
8174 3 1623 399 1916 842 1
8175 3 1619 401 1915 846 1
8176 3 1616 403 1916 849 1
8177 3 1612 405 1915 853 1
8178 3 1613 405 1916 853 1
8179 3 1614 405 1916 853 1
8180 3 1615 405 1916 853 1
8181 3 1616 405 1916 853 1
8182 3 1617 405 1916 853 1
8183 3 1617 405 1915 853 1
8184 3 1618 405 1915 853 1
8185 3 1619 405 1915 853 1
8186 3 1620 405 1915 853 1
8187 3 1621 405 1915 853 1
8188 3 1622 405 1916 852 1
8189 3 1623 405 1916 852 1
8190 3 1624 405 1916 852 1
8191 3 1625 405 1916 852 1
8192 3 1626 406 1916 853 1
8193 3 1626 406 1915 853 1
8194 3 1627 406 1915 853 1
8195 3 1628 406 1915 853 1
8196 3 1629 406 1915 853 1
8197 3 1630 406 1915 853 1
8198 3 1631 406 1916 853 1
8199 3 1632 406 1916 853 1
8200 3 1633 406 1916 853 1
8201 3 1634 406 1916 853 1
8202 3 1635 406 1916 853 1
8203 3 1635 406 1915 853 1
8204 3 1636 406 1915 853 1
8205 3 1637 406 1915 853 1
8206 3 1638 406 1915 853 1
8207 3 1639 406 1915 853 1
8208 3 1640 406 1916 853 1
8209 3 1641 406 1916 853 1
8210 3 1642 406 1916 853 1
8211 3 1643 406 1916 853 1
8212 3 1644 406 1916 853 1
8213 3 1644 406 1915 852 1
8214 3 1645 406 1915 852 1
8215 3 1646 406 1915 852 1
8216 3 1647 406 1915 852 1
8217 3 1648 407 1915 853 1
8218 3 1649 407 1916 853 1
8219 3 1650 407 1916 853 1
8220 3 1651 407 1916 853 1
8221 3 1652 407 1916 853 1
8222 3 1653 407 1916 853 1
8223 3 1653 407 1915 853 1
8224 3 1654 407 1915 853 1
8225 3 1655 407 1915 853 1
8226 3 1656 407 1915 853 1
8227 3 1657 407 1915 853 1
8228 3 1658 407 1916 853 1
8229 3 1659 407 1916 853 1
8230 3 1660 407 1916 853 1
8231 3 1661 407 1916 853 1
8232 3 1662 407 1916 853 1
8233 3 1662 407 1915 853 1
8234 3 1663 407 1915 853 1
8235 3 1664 407 1915 853 1
8236 3 1665 407 1915 853 1
8237 3 1666 407 1915 852 1
8238 3 1667 407 1916 852 1
8239 3 1668 407 1916 852 1
8240 3 1669 407 1916 852 1
8241 3 1670 408 1916 853 1
8242 3 1671 408 1916 853 1
8243 3 1671 408 1915 853 1
8244 3 1672 408 1915 853 1
8245 3 1673 408 1915 853 1
8246 3 1674 408 1915 853 1
8247 3 1675 408 1915 853 1
8248 3 1676 408 1916 853 1
8249 3 1677 408 1916 853 1
8250 3 1678 408 1916 853 1
8251 3 1679 408 1916 853 1
8252 3 1680 408 1916 853 1
8253 3 1681 408 1916 853 1
8254 3 1681 408 1915 853 1
8255 3 1682 408 1915 853 1
8256 3 1683 408 1915 853 1
8257 3 1684 408 1915 853 1
8258 3 1685 408 1915 853 1
8259 3 1686 408 1916 853 1
8260 3 1687 408 1916 853 1
8261 3 1688 408 1916 853 1
8262 3 1689 408 1916 852 1
8263 3 1690 408 1916 852 1
8264 3 1690 408 1915 852 1
8265 3 1691 408 1915 852 1
8266 3 1692 409 1915 853 1
8267 3 1682 409 1916 848 1
8268 3 1671 409 1915 842 1
8269 3 1661 409 1915 836 1
8270 3 1651 409 1916 831 1
8271 3 1640 409 1915 825 1
8272 3 1630 409 1916 820 1
8273 3 1620 409 1916 814 1
8274 3 1609 409 1915 808 1
8275 3 1599 409 1916 803 1
8276 3 1588 409 1915 797 1
8277 3 1578 409 1915 792 1
8278 3 1568 409 1916 786 1
8279 3 1557 409 1915 780 1
8280 3 1557 409 1892 780 1
8281 3 1557 409 1869 780 1
8282 3 1557 409 1846 780 1
8283 3 1557 409 1823 780 1
8284 3 1557 409 1800 780 1
8285 3 1557 409 1776 780 1
8286 3 1557 409 1753 780 1
8287 3 1488 409 1754 780 1
8288 3 1419 409 1754 780 1
8289 3 1401 409 1724 774 1
8290 3 1382 409 1693 768 1
8291 3 1364 409 1662 762 1
8292 3 1352 427 1654 774 1
8293 3 1340 445 1646 786 1
8294 3 1328 463 1637 798 1
8295 3 1331 466 1640 801 1
8296 3 1335 469 1644 804 1
8297 3 1339 472 1647 807 1
8298 3 1342 475 1650 810 1
8299 3 1346 478 1654 813 1
8300 3 1350 481 1657 816 1
8301 3 1353 484 1660 819 1
8302 3 1357 487 1664 822 1
8303 3 1360 490 1666 825 1
8304 3 1364 493 1670 828 1
8305 3 1368 496 1674 831 1
8306 3 1346 499 1628 840 1
8307 3 1324 502 1582 849 1
8308 3 1244 528 1528 869 1
8309 3 1164 554 1473 889 1
8310 3 1161 557 1470 892 1
8311 3 1159 559 1468 894 1
8312 3 1156 562 1465 897 1
8313 3 1154 564 1463 899 1
8314 3 1152 566 1461 901 1
8315 3 1149 569 1458 904 1
8316 3 1147 571 1456 906 1
8317 3 1144 574 1453 909 1
8318 3 1142 576 1451 911 1
8319 3 1140 578 1449 913 1
8320 3 1137 581 1446 916 1
8321 3 1135 583 1444 918 1
8322 3 1132 586 1441 921 1
8323 3 1130 588 1439 923 1
8324 3 1128 590 1437 925 1
8325 3 1125 593 1434 928 1
8326 3 1123 595 1432 930 1
8327 3 1120 598 1429 933 1
8328 3 1118 600 1427 935 1
8329 3 1116 602 1425 937 1
8330 3 1113 605 1422 940 1
8331 3 1111 607 1420 942 1
8332 3 1108 610 1417 945 1
8333 3 1106 612 1415 947 1
8334 3 1104 614 1413 949 1
8335 3 1101 617 1410 952 1
8336 3 1099 619 1408 954 1
8337 3 1096 622 1405 957 1
8338 3 1094 624 1403 959 1
8339 3 1092 626 1401 961 1
8340 3 1089 629 1398 964 1
8341 3 1087 631 1396 966 1
8342 3 1084 634 1393 969 1
8343 3 1082 636 1391 971 1
8344 3 1080 638 1389 973 1
8345 3 1077 641 1386 976 1
8346 3 1075 643 1384 978 1
8347 3 1072 646 1381 981 1
8348 3 1070 648 1379 983 1
8349 3 1068 650 1377 985 1
8350 3 1065 653 1374 988 1
8351 3 1085 631 1360 968 1
8352 3 1105 609 1345 948 1
8353 3 1043 543 1352 878 1
8354 3 1035 552 1344 887 1
8355 3 1027 561 1336 896 1
8356 3 1019 570 1328 905 1
8357 3 1011 579 1320 914 1
8358 3 1003 588 1312 923 1
8359 3 996 597 1305 932 1
8360 3 988 606 1297 941 1
8361 3 980 615 1289 950 1
8362 3 972 624 1281 959 1
8363 3 964 633 1273 968 1
8364 3 956 642 1265 977 1
8365 3 943 649 1252 984 1
8366 3 929 656 1238 991 1
8367 3 916 662 1225 997 1
8368 3 903 669 1212 1004 1
8369 3 890 676 1199 1011 1
8370 3 877 683 1186 1018 1
8371 3 864 690 1173 1025 1
8372 3 851 697 1160 1032 1
8373 3 880 684 1189 1019 1
8374 3 909 672 1218 1007 1
8375 3 938 659 1247 994 1
8376 3 967 647 1276 982 1
8377 3 996 635 1305 970 1
8378 3 1025 622 1334 957 1
8379 3 1054 610 1363 945 1
8380 3 1083 597 1392 932 1
8381 3 1113 585 1422 920 1
8382 3 1142 573 1451 908 1
8383 3 1193 589 1502 924 1
8384 3 1244 605 1553 940 1
8385 3 1275 605 1584 940 1
8386 3 1306 605 1615 940 1
8387 3 1337 605 1646 940 1
8388 3 1368 605 1677 940 1
8389 3 1377 596 1686 931 1
8390 3 1387 587 1696 922 1
8391 3 1397 578 1706 913 1
8392 3 1407 569 1716 904 1
8393 3 1416 560 1725 895 1
8394 3 1426 551 1735 886 1
8395 3 1441 546 1750 881 1
8396 3 1455 542 1764 877 1
8397 3 1470 537 1779 872 1
8398 3 1484 532 1793 867 1
8399 3 1499 528 1808 863 1
8400 3 1514 523 1823 858 1
8401 3 1528 519 1837 854 1
8402 3 1543 514 1852 849 1
8403 3 1537 503 1846 838 1
8404 3 1532 491 1841 826 1
8405 3 1526 479 1835 814 1
8406 3 1521 468 1830 803 1
8407 3 1515 456 1824 791 1
8408 3 1510 444 1819 779 1
8409 3 1504 433 1813 768 1
8410 3 1499 421 1808 756 1
8411 3 1494 409 1803 744 1
8412 3 1488 398 1797 733 1
8413 3 1499 393 1808 728 1
8414 3 1509 389 1818 724 1
8415 3 1520 384 1829 719 0
8416 3 1530 380 1839 715 0
8417 3 1541 375 1850 710 0
8418 3 1551 371 1860 706 0
8419 3 1562 366 1871 701 0
8420 3 1572 362 1881 697 0
8421 3 1583 357 1892 692 0
8422 3 1619 351 1899 720 0
8423 3 1656 345 1907 748 0
8424 3 1692 339 1914 776 0
8425 3 1702 343 1914 776 0
8426 3 1712 347 1914 776 0
8427 3 1722 351 1914 776 0
8428 3 1731 355 1914 776 0
8429 3 1741 359 1914 776 0
8430 3 1751 364 1914 777 0
8431 3 1761 368 1914 777 0
8432 3 1776 368 1914 775 0
8433 3 1792 368 1915 773 0
8434 3 1807 368 1914 772 0
8435 3 1832 368 1914 772 0
8436 3 1857 368 1914 772 0
8509 2 0 600 434 1077 0
8510 2 105 595 540 1072 0
8511 2 210 590 645 1067 0
8512 2 118 614 642 1073 0
8513 2 303 666 767 1077 0
8514 2 337 657 782 1063 0
8515 2 371 649 797 1051 0
8516 2 405 640 811 1037 0
8517 2 440 632 827 1024 0
8518 2 474 623 842 1010 0
8519 2 464 623 832 1010 0
8520 2 455 623 823 1010 0
8521 2 445 623 813 1010 0
8522 2 435 623 803 1010 0
8523 2 426 623 794 1010 0
8524 2 416 623 784 1010 0
8525 2 370 631 738 1018 0
8526 2 323 639 691 1026 0
8527 2 277 647 645 1034 0
8528 2 254 643 622 1030 0
8529 2 231 639 599 1026 0
8530 2 208 635 576 1022 0
8531 2 185 631 553 1018 0
8532 2 163 636 531 1023 0
8533 2 142 640 510 1027 0
8534 2 121 644 489 1031 0
8535 2 72 645 459 1030 0
8536 2 23 647 429 1031 0
8537 2 18 647 409 1031 0
8538 2 13 647 389 1031 0
8539 2 8 647 369 1031 0
8540 2 4 647 349 1031 0
8541 2 4 647 327 1039 0
8542 2 4 647 305 1047 0
8543 2 4 647 283 1054 0
8544 2 4 647 261 1062 0
8545 2 4 668 231 1062 0
8546 2 4 689 201 1062 0
8547 2 4 710 172 1062 0
8548 2 2 761 114 1065 0
8549 2 0 812 57 1069 0
8550 2 0 812 57 1069 0
8554 3 1858 282 1918 648 1
8555 3 1827 294 1918 692 1
8556 3 1797 307 1919 738 1
8557 3 1776 307 1918 734 1
8558 3 1755 307 1918 731 1
8559 3 1757 287 1920 711 1
8560 3 1756 275 1919 699 1
8561 3 1755 263 1918 687 1
8562 3 1711 303 1898 721 1
8563 3 1667 344 1877 756 1
8564 3 1623 385 1857 791 1
8565 3 1476 458 1700 837 1
8566 3 1356 505 1582 875 1
8567 3 1236 553 1465 914 1
8568 3 1201 554 1430 915 1
8569 3 1166 556 1395 917 1
8570 3 1131 558 1360 919 1
8571 3 1142 554 1371 915 1
8572 3 1153 549 1382 910 1
8573 3 1165 545 1394 906 1
8574 3 1176 540 1405 901 1
8575 3 1187 536 1416 897 1
8576 3 1199 531 1428 892 1
8577 3 1210 527 1439 888 1
8578 3 1222 522 1451 883 1
8579 3 1285 484 1514 845 1
8580 3 1346 504 1575 865 1
8581 3 1407 525 1636 886 1
8582 3 1448 553 1677 914 1
8583 3 1490 580 1719 941 1
8584 3 1508 566 1773 944 1
8585 3 1526 553 1828 947 1
8586 3 1545 539 1884 950 1
8587 3 1559 481 1898 892 1
8588 3 1587 419 1906 831 1
8589 3 1614 357 1914 770 1
8590 3 1607 393 1907 806 1
8591 3 1600 429 1900 842 1
8592 3 1593 464 1893 877 1
8593 3 1586 500 1886 913 1
8594 3 1566 463 1866 876 1
8595 3 1546 426 1846 839 1
8596 3 1526 390 1826 803 1
8597 3 1507 353 1807 766 1
8598 3 1487 316 1787 729 1
8599 3 1478 263 1778 676 1
8600 3 1468 210 1768 623 1
8601 3 1459 157 1759 570 1
8602 3 1434 211 1734 624 1
8603 3 1410 265 1710 678 1
8604 3 1386 319 1686 732 1
8605 3 1386 319 1668 706 1
8606 3 1386 319 1651 681 1
8607 3 1386 319 1633 655 1
8608 3 1399 316 1646 652 1
8609 3 1413 312 1660 648 1
8610 3 1427 309 1674 645 1
8611 3 1441 305 1688 641 1
8612 3 1455 301 1702 637 1
8613 3 1469 298 1716 634 1
8614 3 1483 294 1730 630 1
8615 3 1497 291 1744 627 1
8616 3 1503 294 1750 630 1
8617 3 1510 297 1757 633 1
8618 3 1517 300 1764 636 1
8619 3 1523 303 1770 639 1
8620 3 1530 307 1777 643 1
8621 3 1537 310 1784 646 1
8622 3 1543 313 1790 649 1
8623 3 1550 316 1797 652 1
8624 3 1557 319 1804 655 1
8625 3 1563 322 1810 658 1
8626 3 1570 326 1817 662 1
8627 3 1576 329 1823 665 1
8628 3 1490 456 1737 792 1
8629 3 1392 529 1639 865 1
8630 3 1298 572 1545 908 1
8631 3 1205 614 1452 950 1
8632 3 1135 596 1395 964 1
8633 3 1102 582 1362 950 1
8634 3 1068 567 1328 935 1
8635 3 1063 571 1323 939 1
8636 3 1057 575 1317 943 1
8637 3 1052 579 1312 947 1
8638 3 1046 583 1306 951 1
8639 3 1041 587 1301 955 1
8640 3 1035 591 1295 959 1
8641 3 1030 594 1290 962 1
8642 3 1024 598 1284 966 1
8643 3 1019 602 1279 970 1
8644 3 1014 606 1274 974 1
8645 3 1008 610 1268 978 1
8646 3 1003 614 1263 982 1
8647 3 997 618 1257 986 1
8648 3 992 622 1252 990 1
8649 3 986 626 1246 994 1
8650 3 981 629 1241 997 1
8651 3 975 633 1235 1001 1
8652 3 970 637 1230 1005 1
8653 3 979 637 1229 987 1
8654 3 989 637 1230 970 1
8655 3 998 637 1229 953 1
8656 3 1008 637 1230 936 1
8657 3 1018 637 1230 918 1
8658 3 1037 565 1249 846 1
8659 3 1099 488 1322 761 1
8660 3 1161 411 1395 676 1
8661 3 1233 322 1481 592 1
8662 3 1305 234 1567 510 1
8663 3 1391 172 1689 483 1
8664 3 1477 111 1789 464 1
8665 3 1563 51 1889 447 1
8666 3 1580 75 1903 454 1
8667 3 1684 99 1917 519 1
8668 3 1715 171 1917 584 1
8669 3 1756 227 1917 635 1
8670 3 1797 282 1917 686 1
8671 3 1797 282 1917 686 1
8688 2 2 621 38 956 1
8689 2 2 632 38 967 1
8690 2 2 643 38 978 1
8691 2 2 654 38 989 1
8692 2 2 665 38 1000 1
8693 2 2 677 38 1012 1
8694 2 2 688 38 1023 1
8695 2 2 669 61 1023 1
8696 2 2 650 84 1023 1
8697 2 2 623 101 1023 1
8698 2 2 596 118 1023 1
8699 2 4 529 120 956 1
8700 2 4 484 151 901 1
8701 2 4 440 182 846 1
8702 2 3 452 181 866 1
8703 2 3 463 181 884 1
8704 2 2 475 180 904 1
8705 2 2 486 180 923 1
8706 2 1 498 179 942 1
8707 2 1 505 188 954 1
8708 2 1 513 198 967 1
8709 2 1 513 212 954 1
8710 2 1 513 226 941 1
8711 2 1 513 240 928 1
8712 2 1 513 254 915 1
8713 2 1 513 268 902 1
8714 2 1 505 268 901 1
8715 2 1 498 268 902 1
8716 2 1 491 268 902 1
8717 2 1 483 268 901 1
8718 2 1 476 268 902 1
8719 2 1 469 268 902 1
8720 2 1 461 268 901 1
8721 2 1 454 268 902 1
8722 2 1 447 268 902 1
8723 2 1 440 268 902 1
8724 2 1 432 268 902 1
8725 2 2 445 269 915 1
8726 2 2 457 269 927 1
8727 2 2 469 269 939 1
8728 2 2 482 269 952 1
8729 2 3 494 270 964 1
8730 2 3 479 289 938 1
8731 2 3 463 307 911 1
8732 2 3 448 326 886 1
8733 2 14 450 337 888 1
8734 2 24 452 347 890 1
8735 2 35 453 358 891 1
8736 2 46 455 369 893 1
8737 2 56 457 379 895 1
8738 2 67 459 390 897 1
8739 2 78 460 401 898 1
8740 2 88 462 411 900 1
8741 2 99 464 422 902 1
8742 2 110 466 433 904 1
8743 2 120 467 443 905 1
8744 2 131 469 454 907 1
8745 2 142 471 465 909 1
8746 2 152 473 475 911 1
8747 2 163 475 486 913 1
8748 2 174 476 497 914 1
8749 2 184 478 507 916 1
8750 2 195 480 518 918 1
8751 2 241 512 578 924 1
8752 2 287 545 637 932 1
8753 2 322 548 672 935 1
8754 2 357 550 707 937 1
8755 2 392 553 742 940 1
8756 2 384 553 736 940 1
8757 2 375 553 729 941 1
8758 2 367 553 722 942 1
8759 2 358 552 715 941 1
8760 2 350 552 709 942 1
8761 2 341 552 702 942 1
8762 2 333 552 695 943 1
8763 2 325 552 689 943 1
8764 2 316 552 682 944 1
8765 2 308 551 675 944 1
8766 2 299 551 668 944 1
8767 2 291 551 662 945 1
8768 2 283 551 656 945 1
8769 2 274 551 648 946 1
8770 2 266 551 642 947 1
8771 2 257 550 635 946 1
8772 2 249 550 628 947 1
8773 2 240 550 621 947 1
8774 2 232 550 615 948 1
8775 2 224 550 609 949 1
8776 2 215 550 601 949 1
8777 2 207 550 595 950 1
8778 2 198 549 588 949 1
8779 2 190 549 581 950 1
8780 2 0 546 203 958 0
8781 2 0 546 203 958 0
8783 3 1633 167 1851 524 1
8784 3 1445 131 1667 490 1
8785 3 1257 94 1483 454 1
8786 3 1104 80 1358 411 1
8787 3 990 44 1232 385 1
8788 3 877 8 1107 359 1
8789 3 772 8 1010 330 1
8790 3 666 8 911 301 1
8791 3 570 8 820 258 1
8792 3 493 8 743 219 1
8793 3 416 8 666 181 1
8794 3 354 4 593 128 1
8795 3 292 0 519 76 1
8861 2 2 448 51 740 0
8862 2 2 410 54 757 0
8863 2 2 371 56 773 0
8892 2 3 210 123 743 1
8893 2 3 224 112 743 1
8894 2 3 239 102 744 1
8895 2 3 253 92 743 1
8923 3 891 2 1142 78 1
8924 3 891 2 1162 106 1
8925 3 891 2 1182 135 1
8926 3 891 2 1182 147 1
8927 3 891 2 1182 160 1
8928 3 891 2 1182 209 1
8929 3 891 2 1182 225 1
8930 3 891 2 1182 241 1
8931 3 891 2 1182 257 1
8932 3 885 22 1173 304 1
8933 3 879 42 1163 351 1
8934 3 873 62 1153 398 1
8935 3 868 82 1145 445 1
8936 3 862 102 1135 492 1
8937 3 856 122 1125 539 1
8938 3 850 172 1125 582 1
8939 3 844 223 1125 627 1
8940 3 842 253 1113 653 1
8941 3 840 283 1101 680 1
8942 3 838 313 1089 706 1
8943 3 835 318 1083 706 1
8944 3 833 324 1078 706 1
8945 3 830 329 1071 706 1
8946 3 827 335 1065 706 1
8947 3 824 340 1059 706 1
8948 3 822 345 1054 706 1
8949 3 819 351 1048 706 1
8950 3 816 356 1042 706 1
8951 3 804 356 1029 706 1
8952 3 792 356 1016 706 1
8953 3 780 356 1004 706 1
8954 3 768 356 991 706 1
8955 3 756 356 979 706 1
8956 3 744 356 966 706 1
8957 3 732 356 953 706 1
8958 3 736 360 957 709 1
8959 3 740 363 960 711 1
8960 3 744 366 964 714 1
8961 3 748 370 967 717 1
8962 3 752 373 971 719 1
8963 3 756 377 974 723 1
8964 3 760 380 978 725 1
8965 3 764 383 981 727 1
8966 3 768 387 985 731 1
8967 3 772 390 988 733 1
8968 3 775 394 991 736 1
8969 3 779 397 994 738 1
8970 3 783 400 998 741 1
8971 3 787 404 1001 744 1
8972 3 791 407 1005 746 1
8973 3 795 411 1008 750 1
8974 3 807 411 1024 750 1
8975 3 819 411 1040 751 1
8976 3 831 411 1057 752 1
8977 3 843 411 1073 753 1
8978 3 854 411 1088 753 1
8979 3 866 411 1104 754 1
8980 3 898 411 1132 735 1
8981 3 929 411 1159 716 1
8982 3 945 402 1180 724 1
8983 3 960 394 1200 733 1
8984 3 976 386 1222 741 1
8985 3 992 377 1243 749 1
8986 3 995 362 1247 734 1
8987 3 999 348 1253 720 1
8988 3 1002 333 1257 705 1
8989 3 1006 319 1262 691 1
8990 3 1009 304 1267 676 1
8991 3 1013 289 1272 661 1
8992 3 1000 224 1272 582 1
8993 3 988 159 1272 502 1
8994 3 984 67 1210 414 1
8995 3 968 67 1215 432 1
8996 3 866 10 1110 203 0
