0 1 1276 0 1381 102 0
1 1 1274 0 1384 100 0
2 1 1279 0 1384 102 0
3 1 1279 0 1386 100 0
4 1 1281 0 1386 100 0
5 1 1282 0 1388 96 0
6 1 1282 0 1389 98 0
7 1 1285 0 1392 98 0
8 1 1286 0 1393 98 0
9 1 1289 0 1395 98 0
10 1 1289 0 1395 98 0
11 1 1289 0 1395 97 0
12 1 1289 0 1395 96 0
13 1 1288 0 1393 93 0
14 1 1288 0 1394 93 0
15 1 1286 0 1394 92 0
16 1 1286 0 1394 92 0
17 1 1286 0 1394 90 0
18 1 1286 0 1394 90 0
19 1 1286 0 1394 88 0
20 1 1286 0 1394 88 0
21 1 1288 0 1394 89 0
22 1 1288 0 1394 86 0
23 1 1289 0 1397 86 0
24 1 1289 0 1395 83 0
25 1 1296 0 1402 80 0
26 1 1311 0 1417 65 0
27 1 1342 0 1440 52 0
50 1 1453 1 1520 54 0
51 1 1419 1 1525 62 0
52 1 1380 1 1487 62 0
53 1 1308 1 1392 76 0
54 1 1191 1 1256 95 0
62 1 393 0 432 32 0
63 1 377 0 426 28 0
64 1 372 0 416 32 0
65 1 367 0 412 40 0
66 1 363 0 411 50 0
67 1 350 0 410 66 0
68 1 333 0 407 82 0
69 1 324 0 404 92 0
70 1 304 0 405 107 0
71 1 277 0 423 121 0
72 1 258 0 399 133 0
73 1 239 0 367 160 0
74 1 206 0 315 183 0
75 1 182 15 306 183 0
76 1 186 40 326 214 0
77 1 178 61 318 248 0
78 1 176 98 311 271 0
79 1 169 123 317 300 0
80 1 162 142 316 325 0
81 1 170 160 306 344 0
82 1 155 173 303 352 0
83 1 151 185 297 374 0
84 1 141 185 292 382 0
85 1 131 195 276 394 0
86 1 115 204 255 400 0
87 1 101 210 246 412 0
88 1 86 224 227 417 0
89 1 72 230 215 425 0
90 1 62 246 207 448 0
91 1 43 253 190 453 0
92 1 33 248 180 458 0
93 1 14 247 169 457 0
94 1 12 272 151 483 0
95 1 1 341 111 536 0
1299 1 983 756 1017 808 0
1300 1 998 746 1038 803 0
1301 1 1017 742 1057 801 0
1302 1 1032 749 1074 803 0
1303 1 1042 754 1079 815 0
1304 1 1054 763 1088 826 0
1305 1 1055 773 1098 839 0
1306 1 1055 784 1103 847 0
1307 1 1048 794 1092 856 0
1308 1 1027 796 1073 856 0
1309 1 1013 790 1060 850 0
1310 1 993 778 1043 841 0
1311 1 989 761 1030 829 0
1312 1 986 740 1024 810 0
1313 1 981 721 1024 792 0
1314 1 968 704 1016 775 0
1315 1 957 700 1009 769 0
1316 1 946 697 992 762 0
1317 1 924 700 973 766 0
1318 1 899 704 954 770 0
1319 1 882 711 938 780 0
1320 1 871 719 925 788 0
1321 1 865 726 915 797 0
1322 1 862 728 903 805 0
1323 1 865 731 912 806 0
1324 1 876 732 922 804 0
1325 1 888 735 935 810 0
1326 1 895 729 949 808 0
1327 1 913 725 961 809 0
1328 1 929 719 975 801 0
1329 1 937 711 992 803 0
1330 1 949 703 1007 794 0
1331 1 981 694 1023 760 0
1332 1 986 697 1031 777 0
1333 1 1000 702 1047 773 0
1334 1 1007 705 1054 776 0
1335 1 1013 708 1061 765 0
1336 1 1013 707 1060 769 0
1337 1 1012 705 1057 759 0
1338 1 1012 705 1058 762 0
1339 1 1007 699 1053 750 0
1340 1 999 702 1048 753 0
1341 1 997 706 1046 757 0
1342 1 996 709 1047 760 0
1343 1 997 713 1044 765 0
1344 1 996 716 1047 768 0
1345 1 995 723 1043 778 0
1346 1 988 731 1042 788 0
1347 1 989 740 1035 798 0
1348 1 980 752 1029 810 0
1349 1 979 763 1028 814 0
1350 1 978 772 1026 835 0
1351 1 983 781 1030 845 0
1352 1 988 790 1035 859 0
1353 1 998 800 1044 861 0
1354 1 1009 812 1060 875 0
1355 1 1028 829 1075 889 0
1356 1 1057 872 1100 936 0
1357 1 1065 879 1114 938 0
1358 1 1074 879 1131 939 0
1359 1 1083 882 1146 942 0
1360 1 1118 843 1168 942 0
1361 1 1148 830 1193 929 0
1362 1 1145 834 1187 931 0
1363 1 1157 829 1213 930 0
1364 1 1169 830 1218 935 0
1365 1 1177 833 1233 938 0
1366 1 1185 836 1249 940 0
1367 1 1193 832 1259 942 0
1368 1 1201 835 1264 945 0
1369 1 1209 836 1272 947 0
1370 1 1217 833 1284 949 0
1371 1 1225 840 1299 951 0
1372 1 1241 830 1311 941 0
1373 1 1259 815 1330 914 0
1374 1 1267 805 1349 917 0
1375 1 1283 798 1361 903 0
1376 1 1291 797 1381 908 0
1377 1 1312 802 1394 910 0
1378 1 1319 797 1400 913 0
1379 1 1326 803 1415 917 0
1380 1 1333 801 1429 920 0
1381 1 1341 799 1438 923 0
1382 1 1364 789 1452 913 0
1383 1 1371 782 1465 905 0
1384 1 1378 772 1469 900 0
1385 1 1360 766 1458 904 0
1386 1 1345 765 1450 888 0
1387 1 1356 756 1437 890 0
1388 1 1333 749 1432 897 0
1389 1 1323 755 1415 896 0
1390 1 1317 764 1416 898 0
1391 1 1306 771 1415 917 0
1392 1 1307 778 1423 920 0
1393 1 1318 784 1420 917 0
1394 1 1317 790 1428 939 0
1395 1 1316 805 1428 962 0
1396 1 1315 808 1420 962 0
1397 1 1306 810 1424 972 0
1398 1 1307 808 1421 975 0
1399 1 1304 813 1416 978 1
1400 1 1303 816 1426 981 1
1401 1 1312 828 1437 985 1
1402 1 1307 826 1447 988 1
1403 1 1306 824 1447 992 1
1404 1 1309 831 1452 1014 1
1405 1 1289 847 1452 1020 1
1406 1 1288 847 1463 1022 1
1407 1 1300 852 1475 1025 1
1408 1 1317 859 1468 1027 1
1409 1 1329 862 1481 1056 1
1410 1 1341 869 1493 1080 1
1411 1 1321 878 1505 1079 1
1412 1 1338 888 1517 1079 1
1413 1 1369 899 1530 1079 1
1414 1 1372 913 1528 1079 1
1415 1 1385 923 1491 1079 1
1416 1 1400 936 1503 1079 1
1417 1 1420 938 1520 1079 1
1418 1 1415 953 1538 1078 1
1419 1 1440 961 1566 1079 1
1420 1 1465 956 1606 1079 1
1421 1 1490 948 1638 1078 1
1422 1 1538 952 1663 1079 1
1423 1 1560 959 1694 1078 0
1424 1 1582 979 1724 1078 0
1425 1 1604 985 1745 1078 0
1426 1 1625 987 1772 1078 0
1427 1 1647 993 1795 1078 0
1428 1 1669 994 1828 1078 0
1429 1 1691 991 1851 1078 0
1430 1 1709 990 1861 1077 0
1431 1 1725 981 1866 1077 0
1432 1 1720 971 1775 1081 0
1433 1 1717 958 1779 1079 0
1434 1 1713 945 1780 1079 0
1435 1 1707 923 1773 1079 0
1436 1 1701 909 1772 1078 0
1437 1 1696 884 1771 1078 0
1438 1 1687 858 1776 1048 0
1439 1 1689 848 1784 1048 0
1440 1 1694 834 1799 1023 0
1441 1 1702 828 1823 1016 0
1442 1 1718 812 1843 1011 0
1443 1 1741 801 1866 1008 0
1444 1 1757 785 1896 1002 0
1445 1 1772 785 1918 1002 0
1446 1 1795 772 1920 1002 0
1447 1 1794 777 1920 995 0
1448 1 1830 825 1920 984 0
1449 1 1856 829 1920 984 1
1450 1 1888 860 1919 978 1
1451 1 1904 900 1919 978 1
1543 1 1823 656 1919 773 1
1544 1 1762 565 1919 773 1
1545 1 1708 558 1880 773 1
1546 1 1684 546 1848 759 1
1547 1 1660 531 1830 746 1
1548 1 1657 522 1817 738 1
1549 1 1639 518 1805 733 1
1550 1 1616 507 1784 730 1
1551 1 1597 501 1766 726 1
1552 1 1589 497 1755 727 1
1553 1 1580 489 1747 721 0
1554 1 1568 482 1738 717 0
1555 1 1563 470 1731 713 0
1556 1 1555 461 1724 707 0
1557 1 1550 451 1727 700 0
1558 1 1547 440 1717 692 0
1559 1 1532 427 1707 683 0
1560 1 1527 412 1709 675 0
1561 1 1522 401 1710 667 0
1562 1 1519 392 1705 656 0
1563 1 1520 380 1707 648 0
1564 1 1516 372 1707 640 0
1565 1 1517 360 1708 633 0
1566 1 1514 346 1708 626 0
1567 1 1514 342 1709 618 0
1568 1 1513 340 1714 617 0
1569 1 1517 340 1719 614 0
1570 1 1526 338 1728 612 1
1571 1 1535 334 1736 614 1
1572 1 1539 349 1739 617 1
1573 1 1541 349 1745 623 1
1574 1 1541 361 1747 629 1
1575 1 1546 365 1752 627 1
1576 1 1555 366 1758 630 1
1577 1 1563 367 1768 628 1
1578 1 1575 364 1778 627 1
1579 1 1588 366 1792 623 1
1580 1 1596 363 1798 619 1
1581 1 1604 360 1809 621 1
1582 1 1617 368 1822 623 1
1583 1 1625 377 1831 627 1
1584 1 1638 381 1845 630 1
1585 1 1675 399 1860 639 1
1586 1 1694 403 1879 650 1
1587 1 1721 419 1899 659 1
1588 1 1756 419 1919 654 1
1589 1 1810 396 1919 636 1
1659 1 1813 616 1919 801 0
1660 1 1780 607 1919 788 0
1661 1 1760 595 1906 782 0
1662 1 1745 585 1891 775 0
1663 1 1731 582 1880 769 0
1664 1 1721 574 1868 766 0
1665 1 1706 567 1856 756 0
1666 1 1697 555 1843 745 0
1667 1 1688 545 1833 737 0
1668 1 1679 537 1825 726 0
1669 1 1672 529 1816 719 0
1670 1 1666 525 1810 717 0
1671 1 1664 528 1805 720 0
1672 1 1661 529 1802 723 0
1673 1 1660 525 1801 722 0
1674 1 1657 520 1798 716 0
1675 1 1654 506 1793 704 0
1676 1 1649 490 1789 691 0
1677 1 1643 475 1785 678 0
1678 1 1634 460 1778 664 0
1679 1 1629 445 1771 649 0
1680 1 1620 428 1762 635 0
1681 1 1615 419 1757 621 0
1682 1 1609 410 1753 612 0
1683 1 1606 403 1747 607 0
1684 1 1601 402 1745 607 0
1685 1 1598 402 1743 610 0
1686 1 1596 405 1739 612 0
1687 1 1596 406 1739 614 0
1688 1 1595 407 1740 614 0
1689 1 1600 412 1743 621 0
1690 1 1605 417 1746 625 0
1691 1 1606 422 1747 626 0
1692 1 1614 421 1752 630 0
1693 1 1615 419 1756 627 0
1694 1 1616 411 1759 623 0
1695 1 1616 409 1760 623 0
1696 1 1621 412 1761 622 0
1697 1 1622 410 1763 618 0
1698 1 1624 411 1764 617 0
1699 1 1626 404 1764 610 0
1700 1 1618 391 1764 603 0
1701 1 1622 386 1766 598 0
1702 1 1624 380 1766 592 0
1703 1 1622 373 1769 587 0
1704 1 1625 363 1770 575 0
1705 1 1628 352 1768 567 0
1706 1 1625 342 1767 557 0
1707 1 1619 333 1765 549 0
1708 1 1618 323 1763 539 0
1709 1 1615 312 1759 531 0
1710 1 1617 297 1758 522 0
1711 1 1616 292 1757 516 0
1712 1 1614 281 1753 508 0
1713 1 1610 270 1750 498 0
1714 1 1598 250 1742 481 0
1715 1 1580 228 1732 461 0
1716 1 1559 202 1716 440 0
1717 1 1545 180 1701 425 0
1718 1 1520 154 1686 403 0
1719 1 1499 128 1666 385 0
1720 1 1474 93 1645 359 0
1721 1 1441 59 1615 329 0
1722 1 1406 20 1594 280 0
1723 1 1382 0 1571 248 0
1724 1 1357 0 1555 219 0
1725 1 1326 0 1555 223 0
1726 1 1314 0 1550 197 0
1727 1 1300 0 1548 180 0
1728 1 1279 0 1525 161 0
1729 1 1251 0 1470 140 0
1730 1 1224 0 1435 132 0
1731 1 1183 0 1385 121 0
1732 1 1138 0 1366 113 0
1733 1 1103 0 1337 108 0
1734 1 1068 0 1314 108 0
1735 1 1047 0 1291 104 0
1736 1 1014 0 1266 104 0
1737 1 990 0 1247 99 0
1738 1 961 0 1225 88 0
1739 1 929 0 1214 80 0
1740 1 897 0 1199 77 0
1741 1 872 0 1196 77 0
1742 1 860 0 1199 84 0
1743 1 860 0 1208 96 0
1744 1 860 0 1218 108 0
1745 1 860 0 1227 116 0
1746 1 854 0 1236 123 0
1747 1 844 0 1248 132 0
1748 1 834 0 1247 132 0
1749 1 825 0 1258 132 0
1750 1 825 0 1271 129 0
1751 1 824 0 1272 123 0
1752 1 827 0 1287 115 0
1753 1 805 0 1295 90 0
1754 1 862 0 1297 63 0
1755 1 1088 0 1302 30 0
2424 1 1691 0 1739 41 0
2425 1 1679 0 1745 65 0
2426 1 1679 0 1816 161 0
2427 1 1652 0 1806 184 0
2428 1 1653 0 1803 181 0
2429 1 1657 0 1801 157 0
2430 1 1683 0 1801 125 0
2431 1 1683 0 1775 109 0
2432 1 1678 0 1775 63 0
2441 1 1541 0 1635 121 0
2442 1 1535 0 1632 139 0
2443 1 1534 0 1634 164 0
2444 1 1535 0 1620 192 0
2445 1 1535 21 1618 206 0
2446 1 1533 57 1613 223 0
2447 1 1528 84 1611 237 0
2448 1 1519 100 1617 257 0
2449 1 1518 121 1601 269 0
2450 1 1518 138 1614 287 0
2451 1 1527 154 1610 298 0
2452 1 1540 168 1627 304 0
2453 1 1550 172 1638 310 0
2454 1 1559 186 1652 306 0
2455 1 1564 199 1684 334 0
2456 1 1568 209 1658 332 0
2457 1 1576 219 1667 341 0
2458 1 1583 227 1681 344 0
2459 1 1588 237 1689 361 0
2460 1 1598 253 1697 375 0
2461 1 1602 261 1703 387 0
2462 1 1600 268 1698 389 0
2463 1 1596 269 1697 389 0
2464 1 1594 265 1697 387 0
2465 1 1590 258 1687 379 0
2466 1 1587 250 1688 375 0
2467 1 1584 245 1690 371 0
2468 1 1569 234 1663 360 0
2469 1 1552 223 1659 350 0
2470 1 1531 215 1616 345 0
2471 1 1507 206 1612 341 0
2472 1 1489 200 1589 338 0
2473 1 1471 197 1573 332 0
2474 1 1463 192 1573 327 1
2475 1 1457 184 1564 321 1
2476 1 1456 180 1541 311 1
2477 1 1451 166 1533 297 1
2478 1 1449 154 1551 283 1
2479 1 1448 144 1551 275 1
2480 1 1450 134 1530 265 1
2481 1 1446 130 1526 265 1
2482 1 1446 138 1529 273 1
2483 1 1442 147 1524 287 1
2484 1 1424 157 1513 309 1
2485 1 1399 187 1485 331 1
2486 1 1382 204 1461 341 1
2487 1 1364 218 1442 362 1
2488 1 1342 230 1420 368 1
2489 1 1327 228 1404 376 1
2490 1 1321 236 1396 364 1
2491 1 1323 176 1435 356 1
2492 1 1316 253 1399 386 1
2493 1 1314 256 1396 406 1
2494 1 1317 282 1397 424 1
2495 1 1316 285 1396 431 1
2496 1 1315 283 1412 449 1
2497 1 1323 292 1417 459 1
2498 1 1327 293 1432 451 1
2499 1 1333 297 1441 455 1
2500 1 1343 302 1460 460 1
2501 1 1354 310 1473 476 1
2502 1 1372 320 1487 491 1
2503 1 1387 327 1503 496 1
2504 1 1400 337 1513 507 1
2505 1 1412 337 1525 511 1
2506 1 1423 338 1537 512 0
2507 1 1432 340 1546 513 0
2508 1 1443 340 1560 515 0
2509 1 1458 343 1574 519 0
2510 1 1475 343 1588 523 0
2511 1 1492 344 1605 526 0
2512 1 1509 351 1626 532 0
2513 1 1534 355 1648 544 0
2514 1 1548 366 1666 548 0
2515 1 1567 373 1674 557 0
2516 1 1573 384 1680 566 0
2517 1 1581 400 1685 584 0
2518 1 1582 416 1689 598 0
2519 1 1590 428 1695 606 0
2520 1 1597 436 1702 620 0
2521 1 1597 447 1704 629 0
2522 1 1598 452 1702 642 0
2523 1 1591 464 1697 648 0
2524 1 1587 478 1689 655 0
2525 1 1579 491 1684 667 0
2526 1 1575 502 1679 673 0
2527 1 1575 511 1676 681 0
2528 1 1568 511 1669 682 0
2529 1 1560 513 1662 683 0
2530 1 1551 519 1655 684 0
2531 1 1537 510 1639 678 0
2532 1 1517 505 1625 672 0
2533 1 1509 493 1612 660 0
2534 1 1505 482 1607 646 0
2535 1 1503 468 1606 632 0
2536 1 1496 453 1603 617 0
2537 1 1473 428 1585 592 0
2538 1 1449 396 1549 559 0
2539 1 1404 371 1518 526 0
2540 1 1361 337 1481 497 0
2541 1 1321 311 1433 464 0
2542 1 1271 292 1397 437 0
2543 1 1245 298 1361 443 0
2544 1 1217 317 1330 465 0
2545 1 1208 339 1319 480 0
2546 1 1196 353 1309 490 0
2547 1 1185 365 1298 503 0
2548 1 1175 382 1285 511 0
2549 1 1167 387 1277 523 0
2550 1 1156 391 1262 517 0
2551 1 1140 387 1247 517 0
2552 1 1134 383 1241 511 0
2553 1 1125 383 1229 515 0
2554 1 1117 381 1218 510 0
2555 1 1110 382 1209 512 0
2556 1 1110 393 1206 527 0
2557 1 1114 413 1206 555 0
2558 1 1114 443 1206 576 0
2559 1 1115 464 1205 602 0
2560 1 1114 487 1203 628 0
2561 1 1112 516 1202 654 0
2562 1 1110 534 1204 694 0
2563 1 1110 552 1199 686 0
2564 1 1108 564 1196 690 0
2565 1 1104 562 1192 688 0
2566 1 1102 560 1191 683 0
2567 1 1098 559 1185 683 0
2568 1 1096 556 1184 679 0
2569 1 1098 553 1184 677 0
2570 1 1102 548 1189 675 0
2571 1 1108 543 1195 668 0
2572 1 1113 535 1206 663 0
2573 1 1120 523 1209 653 0
2574 1 1125 506 1215 638 0
2575 1 1125 487 1214 618 0
2576 1 1121 478 1211 605 0
2577 1 1121 476 1212 611 0
2578 1 1116 496 1207 635 0
2579 1 1108 520 1200 658 0
2580 1 1101 534 1194 671 0
2581 1 1098 534 1194 668 0
2582 1 1097 529 1196 662 0
2583 1 1109 522 1205 657 0
2584 1 1120 517 1218 651 0
2585 1 1126 511 1227 647 0
2586 1 1131 507 1232 641 0
2587 1 1145 505 1247 643 0
2588 1 1155 504 1258 645 0
2589 1 1166 504 1268 645 0
2590 1 1168 497 1271 641 0
2591 1 1172 485 1276 629 0
2592 1 1176 471 1279 619 0
2593 1 1176 462 1280 609 0
2594 1 1177 457 1285 605 0
2595 1 1177 451 1285 604 0
2596 1 1173 448 1283 597 0
2597 1 1172 450 1282 603 0
2598 1 1172 451 1285 606 0
2599 1 1173 449 1289 601 0
2600 1 1168 442 1285 599 0
2601 1 1164 441 1282 601 0
2602 1 1161 442 1280 600 0
2603 1 1159 445 1279 605 0
2604 1 1156 453 1277 621 0
2605 1 1153 466 1272 637 0
2606 1 1143 483 1266 655 0
2607 1 1129 495 1249 669 0
2608 1 1116 518 1240 688 0
2609 1 1102 538 1223 714 0
2610 1 1087 563 1209 736 0
2611 1 1074 580 1198 750 0
2612 1 1061 592 1187 758 0
2613 1 1053 594 1178 757 0
2614 1 1048 589 1171 750 0
2615 1 1051 574 1174 733 0
2616 1 1057 559 1181 725 0
2617 1 1070 552 1193 714 0
2618 1 1088 545 1208 704 0
2619 1 1121 530 1232 689 0
2620 1 1146 518 1267 679 0
2621 1 1166 517 1287 674 0
2622 1 1185 512 1302 671 0
2623 1 1199 509 1316 671 0
2624 1 1210 512 1323 669 0
2625 1 1219 505 1332 661 0
2626 1 1226 499 1337 659 0
2627 1 1229 493 1341 651 0
2628 1 1234 494 1345 648 0
2629 1 1239 497 1350 655 0
2630 1 1239 512 1349 671 0
2631 1 1238 528 1348 695 0
2632 1 1238 554 1347 723 0
2633 1 1235 582 1346 750 0
2634 1 1234 605 1346 765 0
2635 1 1235 617 1347 776 0
2636 1 1235 622 1349 779 0
2637 1 1237 611 1351 768 0
2638 1 1237 599 1350 756 0
2639 1 1233 589 1348 748 0
2640 1 1227 579 1343 739 0
2641 1 1217 571 1332 730 0
2642 1 1206 561 1320 722 0
2643 1 1198 550 1312 715 0
2644 1 1191 534 1307 701 0
2645 1 1190 527 1302 685 0
2646 1 1192 506 1305 670 0
2647 1 1197 485 1310 655 0
2648 1 1201 454 1317 628 0
2649 1 1204 424 1319 601 0
2650 1 1208 390 1322 574 0
2651 1 1208 347 1324 532 0
2652 1 1212 304 1330 492 0
2653 1 1219 254 1339 432 0
2654 1 1227 199 1349 385 0
2655 1 1237 176 1359 352 0
2656 1 1243 160 1365 336 0
2657 1 1243 159 1364 329 0
2658 1 1238 155 1360 329 0
2659 1 1231 158 1352 334 0
2660 1 1227 161 1349 338 0
2661 1 1227 164 1350 341 0
2662 1 1229 160 1351 342 0
2663 1 1232 164 1356 339 0
2664 1 1234 171 1357 345 0
2665 1 1239 181 1360 358 0
2666 1 1242 191 1362 371 0
2667 1 1243 207 1366 388 0
2668 1 1244 227 1364 404 0
2669 1 1242 240 1363 421 0
2670 1 1241 259 1360 436 0
2671 1 1237 272 1357 449 0
2672 1 1236 281 1359 460 0
2673 1 1235 282 1355 460 0
2674 1 1232 292 1353 471 0
2675 1 1230 304 1349 483 0
2676 1 1227 313 1347 487 0
2677 1 1229 327 1347 502 0
2678 1 1227 341 1345 514 0
2679 1 1225 349 1342 525 0
2680 1 1223 364 1340 536 0
2681 1 1219 376 1336 548 0
2682 1 1214 392 1330 563 0
2683 1 1207 410 1323 580 0
2684 1 1198 426 1315 606 0
2685 1 1191 458 1307 634 0
2686 1 1183 495 1297 673 0
2687 1 1177 522 1289 704 0
2688 1 1174 552 1287 723 0
2689 1 1178 561 1288 731 0
2690 1 1190 558 1306 726 0
2691 1 1206 523 1322 698 0
2692 1 1224 476 1342 637 0
2693 1 1242 390 1358 555 0
2694 1 1245 311 1356 479 0
2695 1 1239 210 1357 379 0
2696 1 1232 168 1348 321 0
2697 1 1224 122 1344 287 0
2698 1 1222 114 1343 277 0
2699 1 1234 120 1353 291 0
2700 1 1244 144 1362 319 0
2701 1 1260 160 1379 338 0
2702 1 1270 174 1394 344 0
2703 1 1284 177 1403 343 0
2704 1 1295 170 1412 334 0
2705 1 1301 170 1414 335 0
2706 1 1300 173 1414 344 0
2707 1 1299 188 1410 360 0
2708 1 1301 200 1415 369 0
2709 1 1306 205 1419 372 0
2710 1 1316 193 1427 365 0
2711 1 1322 167 1432 343 0
2712 1 1329 135 1438 312 0
2713 1 1329 123 1440 287 0
2714 1 1326 117 1436 283 0
2715 1 1324 117 1434 289 0
2716 1 1324 123 1435 291 0
2717 1 1328 120 1439 288 0
2718 1 1331 118 1440 287 0
2719 1 1331 121 1441 290 0
2720 1 1328 127 1436 298 0
2721 1 1321 138 1433 310 0
2722 1 1316 144 1430 316 0
2723 1 1316 153 1428 321 0
2724 1 1318 147 1429 317 0
2725 1 1298 112 1440 300 0
2726 1 1311 131 1424 297 0
2727 1 1306 129 1419 296 0
2728 1 1303 128 1416 295 0
2729 1 1303 130 1415 297 0
2730 1 1304 133 1417 299 0
2731 1 1304 132 1415 301 0
2732 1 1305 134 1418 301 0
2733 1 1304 137 1417 303 0
2734 1 1304 137 1417 307 0
2735 1 1306 140 1419 311 0
2736 1 1316 148 1426 313 0
2737 1 1332 155 1444 315 0
2738 1 1357 150 1473 315 0
2739 1 1401 155 1515 317 0
2740 1 1448 144 1563 318 0
2741 1 1500 143 1613 314 0
2742 1 1558 150 1670 313 0
2743 1 1626 140 1725 316 0
2744 1 1684 154 1793 324 0
2745 1 1741 156 1846 327 0
2746 1 1792 164 1879 319 0
2747 1 1835 182 1919 355 0
2748 1 1863 196 1919 368 0
2749 1 1874 202 1920 368 0
2750 1 1885 215 1919 369 0
2751 1 1875 228 1919 369 0
2752 1 1853 236 1919 382 0
2753 1 1825 255 1904 415 0
2754 1 1786 258 1875 425 0
2755 1 1750 268 1845 435 0
2756 1 1726 278 1820 439 0
2757 1 1709 280 1802 446 0
2758 1 1695 278 1785 448 0
2759 1 1678 279 1773 449 0
2760 1 1672 280 1769 454 0
2761 1 1670 278 1764 454 0
2762 1 1669 282 1768 458 0
2763 1 1670 282 1766 458 0
2764 1 1669 270 1767 448 0
2765 1 1669 266 1764 444 0
2766 1 1668 264 1765 439 0
2767 1 1670 259 1765 436 0
2768 1 1672 259 1768 433 0
2769 1 1677 254 1775 432 0
2770 1 1682 249 1777 430 0
2771 1 1685 247 1778 427 0
2772 1 1678 251 1775 427 0
2773 1 1676 251 1769 430 0
2774 1 1659 253 1757 431 0
2775 1 1645 265 1743 439 0
2776 1 1624 268 1727 445 0
2777 1 1611 284 1708 453 0
2778 1 1600 293 1695 467 0
2779 1 1589 313 1688 485 0
2780 1 1579 319 1675 489 0
2781 1 1568 332 1664 503 0
2782 1 1560 346 1655 513 0
2783 1 1552 353 1649 515 0
2784 1 1553 363 1649 521 0
2785 1 1558 361 1654 527 0
2786 1 1569 353 1663 514 0
2787 1 1578 342 1671 506 0
2788 1 1588 334 1678 493 0
2789 1 1596 325 1687 484 0
2790 1 1601 319 1691 477 0
2791 1 1606 313 1696 470 0
2792 1 1612 304 1701 465 0
2793 1 1619 309 1709 461 0
2794 1 1626 297 1715 453 0
2795 1 1633 294 1722 449 0
2796 1 1638 292 1727 447 0
2797 1 1643 287 1729 445 0
2798 1 1649 295 1734 449 0
2799 1 1654 292 1740 448 0
2800 1 1663 290 1749 448 0
2801 1 1670 288 1757 451 0
2802 1 1676 291 1764 454 0
2803 1 1682 294 1771 458 0
2804 1 1693 299 1778 463 0
2805 1 1696 303 1783 465 0
2806 1 1708 317 1790 471 0
2807 1 1715 318 1799 475 0
2808 1 1721 319 1807 483 0
2809 1 1729 322 1812 483 0
2810 1 1734 324 1819 483 0
2811 1 1736 324 1824 484 0
2812 1 1746 323 1829 480 0
2813 1 1748 321 1833 482 0
2814 1 1752 319 1835 479 0
2815 1 1761 320 1843 478 0
2816 1 1762 318 1848 478 0
2817 1 1770 321 1853 479 0
2818 1 1770 323 1856 479 0
2819 1 1774 321 1858 479 0
2820 1 1772 321 1860 479 0
2821 1 1777 319 1862 479 0
2822 1 1774 318 1861 480 0
2823 1 1775 318 1861 478 0
2824 1 1775 317 1863 477 0
2825 1 1779 318 1863 476 0
2826 1 1779 316 1863 477 0
2827 1 1775 311 1863 473 0
2828 1 1779 312 1863 474 0
2829 1 1774 314 1861 472 0
2830 1 1772 308 1860 471 0
2831 1 1772 314 1860 471 0
2832 1 1772 312 1858 472 0
2833 1 1770 312 1858 472 0
2834 1 1772 312 1859 473 0
2835 1 1772 313 1858 471 0
2836 1 1773 315 1858 471 0
2837 1 1773 311 1858 471 0
2838 1 1772 314 1858 470 0
2839 1 1773 312 1858 472 0
2840 1 1772 313 1856 471 0
2841 1 1773 316 1857 472 0
2842 1 1774 313 1858 475 0
2843 1 1775 317 1858 477 0
2844 1 1774 323 1859 478 0
2845 1 1774 321 1859 481 0
2846 1 1774 324 1859 483 0
2847 1 1773 323 1858 482 0
2848 1 1774 326 1860 482 0
2849 1 1777 321 1862 482 0
2850 1 1781 321 1866 479 0
2851 1 1785 323 1869 479 0
2852 1 1789 319 1873 478 0
2853 1 1794 316 1878 477 0
2854 1 1797 323 1881 477 0
2855 1 1799 318 1883 479 0
2856 1 1799 318 1882 480 0
2857 1 1798 321 1882 482 0
2858 1 1799 323 1882 483 0
2859 1 1799 324 1883 485 0
2860 1 1801 323 1884 485 0
2861 1 1800 331 1884 487 0
2862 1 1801 329 1884 489 0
2863 1 1801 329 1884 486 0
2864 1 1802 328 1884 487 0
2865 1 1802 330 1885 488 0
2866 1 1802 328 1885 488 0
2867 1 1801 330 1885 489 0
2868 1 1802 328 1885 488 0
2869 1 1802 329 1884 489 0
2870 1 1801 335 1884 490 0
2871 1 1800 329 1884 489 0
2872 1 1799 328 1882 491 0
2873 1 1798 327 1875 487 0
2874 1 1796 329 1882 487 0
2875 1 1798 329 1882 487 0
2876 1 1800 323 1883 484 0
2877 1 1801 324 1884 481 0
2878 1 1802 320 1886 480 0
2879 1 1802 319 1886 481 0
2880 1 1806 322 1889 480 0
2881 1 1810 320 1891 482 0
2882 1 1810 317 1893 480 0
2883 1 1809 320 1892 480 0
2884 1 1809 322 1894 482 0
2885 1 1810 323 1892 485 0
2886 1 1809 328 1893 489 0
2887 1 1808 333 1891 492 0
2888 1 1808 335 1891 493 0
2889 1 1807 336 1889 493 0
2890 1 1805 337 1888 493 0
2891 1 1803 335 1885 493 0
2892 1 1801 336 1884 496 0
2893 1 1797 340 1882 499 0
2894 1 1799 340 1882 502 0
2895 1 1796 339 1879 505 0
2896 1 1796 346 1877 503 0
2897 1 1795 351 1877 511 0
2898 1 1796 354 1879 515 0
2899 1 1795 359 1878 519 0
2900 1 1794 360 1877 524 0
2901 1 1791 362 1874 528 0
2902 1 1790 373 1872 537 0
2903 1 1789 376 1872 543 0
2904 1 1789 386 1872 547 0
2905 1 1794 389 1877 549 0
2906 1 1799 389 1881 547 0
2907 1 1803 386 1885 547 0
2908 1 1805 386 1887 546 0
2909 1 1804 386 1886 547 0
2910 1 1801 384 1885 543 0
2911 1 1797 382 1882 542 0
2912 1 1795 381 1878 538 0
2913 1 1792 372 1876 529 0
2914 1 1793 361 1875 516 0
2915 1 1784 338 1872 501 0
2916 1 1782 312 1867 470 0
2917 1 1772 287 1862 454 0
2918 1 1767 263 1859 421 0
2919 1 1766 246 1854 403 0
2920 1 1768 233 1848 388 0
2921 1 1761 220 1843 381 0
2922 1 1753 211 1840 369 0
2923 1 1750 200 1835 358 0
2924 1 1748 196 1835 351 0
2925 1 1748 185 1834 346 0
2926 1 1752 183 1838 339 0
2927 1 1753 177 1841 331 0
2928 1 1755 168 1842 323 0
2929 1 1757 166 1844 320 0
2930 1 1759 159 1844 313 0
2931 1 1758 158 1845 311 0
2932 1 1758 155 1845 309 0
2933 1 1760 154 1848 307 0
2934 1 1763 153 1851 306 0
2935 1 1767 151 1853 305 0
2936 1 1769 150 1855 301 0
2937 1 1772 149 1858 302 0
2938 1 1775 147 1861 301 0
2939 1 1778 145 1864 299 0
2940 1 1779 145 1865 295 0
2941 1 1779 139 1866 291 0
2942 1 1779 134 1866 286 0
2943 1 1780 132 1866 283 0
2944 1 1780 129 1866 280 0
2945 1 1781 129 1866 277 0
2946 1 1783 125 1867 273 0
2947 1 1782 125 1867 273 0
2948 1 1781 123 1866 275 0
2949 1 1778 123 1864 271 0
2950 1 1776 118 1862 272 0
2951 1 1774 118 1861 269 0
2952 1 1772 116 1859 265 0
2953 1 1766 112 1853 257 0
2954 1 1758 102 1848 249 0
2955 1 1753 95 1844 243 0
2956 1 1751 91 1841 240 0
2957 1 1750 83 1838 233 0
2958 1 1748 80 1837 229 0
2959 1 1745 75 1834 222 0
2960 1 1740 69 1829 219 0
2961 1 1737 67 1826 216 0
2962 1 1731 62 1821 211 0
2963 1 1730 60 1818 209 0
2964 1 1724 54 1813 206 0
2965 1 1719 50 1808 199 0
2966 1 1712 46 1802 193 0
2967 1 1703 45 1793 192 0
2968 1 1695 37 1786 187 0
2969 1 1687 30 1780 179 0
2970 1 1681 25 1774 173 0
2971 1 1677 18 1769 165 0
2972 1 1674 11 1765 156 0
2973 1 1668 0 1758 152 0
2974 1 1668 0 1753 141 0
2975 1 1662 0 1749 127 0
2976 1 1655 0 1741 123 0
2977 1 1645 0 1738 112 0
2978 1 1649 0 1738 107 0
2979 1 1653 0 1743 108 0
2980 1 1661 0 1751 105 0
2981 1 1670 0 1760 109 0
2982 1 1680 0 1768 118 0
2983 1 1686 0 1774 127 0
2984 1 1694 0 1778 133 0
2985 1 1695 0 1780 133 0
2986 1 1695 0 1780 137 0
2987 1 1697 0 1783 139 0
2988 1 1697 0 1782 139 0
2989 1 1700 0 1785 140 0
2990 1 1701 0 1789 148 0
2991 1 1710 0 1793 155 0
2992 1 1718 16 1802 161 0
2993 1 1725 19 1814 166 0
2994 1 1736 21 1822 171 0
2995 1 1739 19 1824 172 0
2996 1 1739 22 1825 169 0
2997 1 1734 13 1821 169 0
2998 1 1731 15 1818 168 0
2999 1 1731 14 1818 167 0
3000 1 1730 14 1818 166 0
3001 1 1730 18 1818 166 0
3002 1 1732 18 1817 173 0
3003 1 1731 24 1816 179 0
3004 1 1734 34 1820 190 0
3005 1 1741 42 1826 194 0
3006 1 1745 50 1831 202 0
3007 1 1748 57 1833 210 0
3008 1 1751 61 1837 215 0
3009 1 1753 62 1837 220 0
3010 1 1752 66 1838 219 0
3011 1 1751 70 1837 226 0
3012 1 1751 73 1837 231 0
3013 1 1754 82 1840 237 0
3014 1 1756 89 1842 242 0
3015 1 1759 94 1843 247 0
3016 1 1763 97 1847 252 0
3017 1 1766 101 1850 258 0
3018 1 1768 106 1854 265 0
3019 1 1772 112 1856 265 0
3020 1 1776 118 1860 271 0
3021 1 1778 120 1862 277 0
3022 1 1778 126 1862 279 0
3023 1 1778 129 1862 284 0
3024 1 1778 131 1863 288 0
3025 1 1779 139 1863 295 0
3026 1 1779 142 1864 296 0
3027 1 1780 145 1865 301 0
3028 1 1782 148 1868 305 0
3029 1 1782 150 1867 305 0
3030 1 1780 149 1866 303 0
3031 1 1773 152 1862 304 0
3032 1 1775 150 1861 307 0
3033 1 1774 152 1860 309 0
3034 1 1776 158 1862 313 0
3035 1 1778 158 1863 313 0
3036 1 1782 162 1866 317 0
3037 1 1783 168 1868 321 0
3038 1 1781 173 1868 324 0
3039 1 1784 173 1867 325 0
3040 1 1782 175 1866 327 0
3041 1 1781 175 1865 330 0
3042 1 1780 175 1864 331 0
3043 1 1779 176 1864 331 0
3044 1 1779 178 1864 331 0
3045 1 1777 177 1864 332 0
3046 1 1776 176 1861 331 0
3047 1 1773 177 1859 331 0
3048 1 1772 177 1858 332 0
3049 1 1770 179 1857 336 0
3050 1 1770 181 1856 337 0
3051 1 1767 179 1851 336 0
3052 1 1759 181 1845 334 0
3053 1 1756 178 1840 334 0
3054 1 1747 180 1834 335 0
3055 1 1741 176 1829 331 0
3056 1 1736 173 1825 328 0
3057 1 1732 168 1821 321 0
3058 1 1732 166 1820 324 0
3059 1 1732 167 1820 322 0
3060 1 1733 170 1821 321 0
3061 1 1735 168 1821 321 0
3062 1 1733 162 1820 318 0
3063 1 1732 157 1820 313 0
3064 1 1734 155 1821 307 0
3065 1 1733 146 1820 303 0
3066 1 1727 140 1817 297 0
3067 1 1726 131 1814 288 0
3068 1 1724 123 1812 275 0
3069 1 1720 109 1811 262 0
3070 1 1722 95 1812 249 0
3071 1 1724 83 1812 233 0
3072 1 1725 69 1814 221 0
3073 1 1724 57 1812 209 0
3074 1 1728 45 1812 199 0
3075 1 1724 33 1808 187 0
3076 1 1718 23 1802 175 0
3077 1 1713 17 1799 168 0
3078 1 1708 6 1793 158 0
3079 1 1704 0 1790 149 0
3080 1 1700 0 1786 138 0
3081 1 1693 0 1778 124 0
3082 1 1686 0 1771 109 0
3083 1 1675 0 1759 92 0
3084 1 1665 0 1747 73 0
3085 1 1657 0 1727 52 0
3086 1 1661 0 1714 38 0
3087 1 1652 0 1698 20 0
3106 1 1555 0 1599 14 0
3107 1 1563 0 1617 21 0
3108 1 1580 0 1632 29 0
3109 1 1585 0 1644 32 0
3110 1 1593 0 1662 34 0
3111 1 1603 0 1678 40 0
3112 1 1617 0 1692 43 0
3113 1 1630 0 1703 48 0
3114 1 1635 0 1713 58 0
3115 1 1638 0 1717 66 0
3116 1 1639 0 1719 68 0
3117 1 1637 0 1718 74 0
3118 1 1635 0 1720 72 0
3119 1 1635 0 1713 66 0
3120 1 1631 0 1711 62 0
3121 1 1630 0 1710 54 0
3122 1 1630 0 1703 49 0
3123 1 1626 0 1697 43 0
3124 1 1626 0 1694 40 0
3125 1 1623 0 1688 31 0
3443 1 1712 0 1756 17 0
3444 1 1722 1 1770 28 0
3445 1 1732 1 1786 29 0
3446 1 1739 0 1794 29 0
3447 1 1753 0 1806 38 0
3448 1 1755 0 1819 44 0
3449 1 1761 0 1823 48 0
3450 1 1764 0 1832 54 0
3451 1 1753 0 1840 61 0
3452 1 1759 0 1842 63 0
3453 1 1765 0 1843 67 0
3454 1 1756 0 1844 69 0
3455 1 1767 0 1843 68 0
3456 1 1769 0 1845 71 0
3457 1 1768 0 1844 72 0
3458 1 1771 0 1845 72 0
3459 1 1766 0 1847 71 0
3460 1 1771 0 1849 72 0
3461 1 1771 0 1848 72 0
3462 1 1769 0 1847 71 0
3463 1 1770 0 1848 73 0
3464 1 1767 0 1847 73 0
3465 1 1760 0 1842 76 0
3466 1 1755 0 1838 80 0
3467 1 1740 0 1830 82 0
3468 1 1735 0 1820 82 0
3469 1 1723 0 1807 82 0
3470 1 1711 0 1797 81 0
3471 1 1705 0 1792 81 0
3472 1 1693 0 1788 82 0
3473 1 1699 0 1788 83 0
3474 1 1698 0 1787 85 0
3475 1 1696 0 1789 85 0
3476 1 1698 0 1789 88 0
3477 1 1702 0 1791 89 0
3478 1 1704 0 1792 90 0
3479 1 1706 0 1792 95 0
3480 1 1704 0 1793 94 0
3481 1 1707 0 1794 94 0
3482 1 1702 0 1795 96 0
3483 1 1702 0 1795 96 0
3484 1 1703 0 1796 97 0
3485 1 1704 0 1796 97 0
3486 1 1704 0 1796 99 0
3487 1 1704 0 1796 99 0
3488 1 1702 0 1796 99 0
3489 1 1701 0 1796 99 0
3490 1 1701 0 1796 99 0
3491 1 1698 0 1795 100 0
3492 1 1700 0 1795 100 0
3493 1 1698 0 1794 103 0
3494 1 1698 0 1793 104 0
3495 1 1695 0 1792 104 0
3496 1 1692 0 1791 104 0
3497 1 1693 0 1790 102 0
3498 1 1693 0 1791 103 0
3499 1 1694 0 1793 103 0
3500 1 1698 0 1795 108 0
3501 1 1701 0 1799 110 0
3502 1 1706 0 1803 115 0
3503 1 1713 0 1809 121 0
3504 1 1717 0 1814 125 0
3505 1 1722 0 1818 130 0
3506 1 1723 0 1819 138 0
3507 1 1723 0 1819 145 0
3508 1 1723 4 1822 151 0
3509 1 1727 12 1824 155 0
3510 1 1729 24 1827 161 0
3511 1 1732 28 1831 169 0
3512 1 1734 33 1832 176 0
3513 1 1733 45 1832 188 0
3514 1 1727 54 1827 196 0
3515 1 1720 63 1821 205 0
3516 1 1715 68 1819 215 0
3517 1 1711 79 1816 219 0
3518 1 1704 84 1808 227 0
3519 1 1702 87 1806 234 0
3520 1 1697 89 1803 237 0
3521 1 1696 91 1800 237 0
3522 1 1692 89 1797 238 0
3523 1 1688 94 1794 239 0
3524 1 1684 95 1789 237 0
3525 1 1679 89 1783 236 0
3526 1 1674 88 1779 236 0
3527 1 1667 86 1772 236 0
3528 1 1664 85 1769 236 0
3529 1 1661 87 1764 236 0
3530 1 1656 92 1761 240 0
3531 1 1655 100 1759 247 0
3532 1 1652 104 1759 252 0
3533 1 1655 106 1759 253 0
3534 1 1654 108 1760 253 0
3535 1 1656 110 1760 252 0
3536 1 1656 110 1761 258 0
3537 1 1657 114 1762 260 0
3538 1 1658 113 1761 261 0
3539 1 1659 117 1763 265 0
3540 1 1660 118 1765 269 0
3541 1 1661 120 1766 266 0
3542 1 1661 122 1766 268 0
3543 1 1661 120 1766 266 0
3544 1 1661 122 1766 269 0
3545 1 1660 120 1765 269 0
3546 1 1661 123 1766 271 0
3547 1 1661 120 1766 269 0
3548 1 1661 121 1765 272 0
3549 1 1661 122 1768 269 0
3550 1 1660 123 1768 272 0
3551 1 1660 121 1769 270 0
3552 1 1659 121 1767 270 0
3553 1 1660 122 1767 269 0
3554 1 1662 120 1767 271 0
3555 1 1662 121 1770 270 0
3556 1 1663 122 1770 271 0
3557 1 1662 124 1771 271 0
3558 1 1665 121 1773 269 0
3559 1 1665 118 1772 267 0
3560 1 1664 115 1771 266 0
3561 1 1662 117 1770 263 0
3562 1 1657 118 1768 264 0
3563 1 1657 117 1763 263 0
3564 1 1652 115 1761 263 0
3565 1 1653 113 1757 264 0
3566 1 1648 113 1756 263 0
3567 1 1648 112 1754 261 0
3568 1 1647 110 1752 259 0
3569 1 1645 110 1753 257 0
3570 1 1645 108 1751 258 0
3571 1 1643 107 1749 256 0
3572 1 1642 106 1746 255 0
3573 1 1640 108 1745 255 0
3574 1 1639 109 1742 256 0
3575 1 1640 111 1741 261 0
3576 1 1642 112 1744 264 0
3577 1 1646 112 1748 265 0
3578 1 1652 111 1753 262 0
3579 1 1651 106 1755 258 0
3580 1 1651 99 1754 250 0
3581 1 1649 94 1752 245 0
3582 1 1646 87 1745 238 0
3583 1 1640 82 1739 232 0
3584 1 1632 74 1733 226 0
3585 1 1626 70 1728 222 0
3586 1 1620 68 1721 218 0
3587 1 1616 64 1717 214 0
3588 1 1609 62 1710 211 0
3589 1 1604 60 1703 210 0
3590 1 1597 58 1697 207 0
3591 1 1591 49 1690 205 0
3592 1 1584 46 1685 202 0
3593 1 1576 41 1676 199 0
3594 1 1569 42 1669 197 0
3595 1 1561 38 1661 193 0
3596 1 1554 35 1653 189 0
3597 1 1548 30 1648 184 0
3598 1 1540 24 1645 179 0
3599 1 1542 20 1643 172 0
3600 1 1541 14 1643 166 0
3601 1 1540 7 1640 160 0
3602 1 1537 0 1639 157 0
3603 1 1538 0 1638 151 0
3604 1 1535 0 1637 148 0
3605 1 1535 0 1635 146 0
3606 1 1534 0 1633 144 0
3607 1 1531 0 1632 142 0
3608 1 1531 0 1630 142 0
3609 1 1528 0 1628 138 0
3610 1 1528 0 1628 138 0
3611 1 1527 0 1628 138 0
3612 1 1529 0 1630 138 0
3613 1 1533 0 1630 136 0
3614 1 1534 0 1634 138 0
3615 1 1540 0 1636 140 0
3616 1 1540 0 1640 146 0
3617 1 1549 0 1644 144 0
3618 1 1550 0 1647 146 0
3619 1 1551 0 1649 147 0
3620 1 1556 0 1653 154 0
3621 1 1561 0 1654 157 0
3622 1 1556 0 1657 156 0
3623 1 1555 0 1656 157 0
3624 1 1551 0 1654 158 0
3625 1 1554 0 1652 158 0
3626 1 1550 0 1648 157 0
3627 1 1545 0 1646 157 0
3628 1 1544 0 1644 156 0
3629 1 1541 0 1641 154 0
3630 1 1541 0 1640 154 0
3631 1 1537 0 1639 158 0
3632 1 1542 0 1643 164 0
3633 1 1544 8 1645 163 0
3634 1 1545 12 1646 166 0
3635 1 1544 12 1646 169 0
3636 1 1547 7 1647 168 0
3637 1 1548 17 1645 170 0
3638 1 1546 14 1646 173 0
3639 1 1545 16 1645 172 0
3640 1 1547 22 1645 172 0
3641 1 1546 22 1644 174 0
3642 1 1545 22 1647 174 0
3643 1 1545 22 1645 175 0
3644 1 1543 22 1642 176 0
3645 1 1541 24 1639 180 0
3646 1 1535 26 1635 179 0
3647 1 1536 27 1628 180 0
3648 1 1523 24 1621 182 0
3649 1 1517 23 1613 180 0
3650 1 1507 22 1601 180 0
3651 1 1490 23 1593 179 0
3652 1 1478 26 1583 182 0
3653 1 1471 25 1575 181 0
3654 1 1458 26 1565 182 0
3655 1 1461 22 1558 180 0
3656 1 1451 21 1551 179 0
3657 1 1438 23 1544 177 0
3658 1 1434 19 1539 177 0
3659 1 1437 17 1535 177 0
3660 1 1433 16 1532 173 0
3661 1 1428 12 1528 166 0
3662 1 1422 8 1524 165 0
3663 1 1413 0 1520 162 0
3664 1 1415 0 1515 159 0
3665 1 1410 0 1510 160 0
3666 1 1401 0 1506 159 0
3667 1 1394 0 1500 162 0
3668 1 1395 2 1498 165 0
3669 1 1397 6 1499 169 0
3670 1 1392 9 1497 174 0
3671 1 1396 24 1495 178 0
3672 1 1390 24 1493 183 0
3673 1 1389 24 1488 183 0
3674 1 1380 22 1480 180 0
3675 1 1366 16 1474 171 0
3676 1 1356 12 1462 164 0
3677 1 1345 10 1447 166 0
3678 1 1342 23 1444 183 0
3679 1 1349 47 1450 210 0
3680 1 1364 70 1468 236 0
3681 1 1374 91 1478 251 0
3682 1 1378 97 1486 256 0
3683 1 1377 93 1484 253 0
3684 1 1371 83 1476 239 0
3685 1 1356 63 1462 224 0
3686 1 1337 46 1447 203 0
3687 1 1327 28 1432 186 0
3688 1 1317 19 1422 176 0
3689 1 1306 10 1409 165 0
3690 1 1292 3 1400 157 0
3691 1 1279 0 1388 152 0
3692 1 1268 0 1376 152 0
3693 1 1254 0 1360 148 0
3694 1 1239 3 1346 152 0
3695 1 1229 8 1338 157 0
3696 1 1222 10 1335 158 0
3697 1 1218 15 1329 163 0
3698 1 1213 19 1328 163 0
3699 1 1207 16 1322 161 0
3700 1 1201 17 1315 159 0
3701 1 1194 19 1306 160 0
3702 1 1188 15 1304 159 0
3703 1 1181 20 1297 161 0
3704 1 1178 21 1294 163 0
3705 1 1173 19 1289 163 0
3706 1 1165 21 1280 165 0
3707 1 1159 22 1278 167 0
3708 1 1151 26 1269 168 0
3709 1 1142 23 1263 168 0
3710 1 1135 28 1261 173 0
3711 1 1132 26 1255 175 0
3712 1 1131 27 1255 178 0
3713 1 1131 37 1253 182 0
3714 1 1131 39 1257 181 0
3715 1 1128 40 1254 185 0
3716 1 1124 46 1246 187 0
3717 1 1115 49 1236 191 0
3718 1 1106 42 1232 192 0
3719 1 1101 44 1224 188 0
3720 1 1091 33 1213 171 0
3721 1 1074 21 1196 161 0
3722 1 1055 14 1172 152 0
3723 1 1032 17 1150 152 0
3724 1 1007 26 1130 156 0
3725 1 988 33 1118 165 0
3726 1 971 44 1095 177 0
3727 1 955 54 1077 192 0
3728 1 941 82 1074 210 0
3729 1 940 93 1073 222 0
3730 1 946 115 1073 239 0
3731 1 953 136 1079 256 0
3732 1 960 163 1082 282 0
3733 1 972 189 1090 307 0
3734 1 994 215 1098 337 0
3735 1 1010 239 1116 378 0
3736 1 1032 264 1145 390 0
3737 1 1045 305 1162 425 0
3738 1 1060 309 1177 422 0
3739 1 1070 296 1185 415 0
3740 1 1072 291 1185 406 0
3741 1 1070 280 1183 404 1
3742 1 1062 285 1174 403 1
3743 1 1057 277 1169 394 1
3744 1 1056 265 1168 379 1
3745 1 1055 250 1165 363 1
3746 1 1056 227 1166 345 1
3747 1 1061 212 1172 328 1
3748 1 1068 210 1182 321 1
3749 1 1088 202 1196 320 1
3750 1 1113 199 1222 319 1
3751 1 1134 204 1242 324 1
3752 1 1165 216 1263 335 1
3753 1 1194 228 1286 353 1
3754 1 1222 240 1313 370 1
3755 1 1237 247 1330 378 1
3756 1 1256 250 1344 376 1
3757 1 1263 237 1368 368 1
3758 1 1273 230 1366 363 1
3759 1 1284 231 1378 362 1
3760 1 1292 234 1385 364 1
3761 1 1297 232 1395 367 1
3762 1 1300 232 1395 365 1
3763 1 1300 222 1396 355 1
3764 1 1299 204 1391 337 1
3765 1 1298 181 1383 321 1
3766 1 1280 148 1367 281 1
3767 1 1268 95 1348 256 1
3768 1 1259 54 1343 196 1
3769 1 1250 31 1337 185 1
3770 1 1236 0 1337 155 1
3771 1 1229 0 1342 137 1
3772 1 1224 0 1338 138 1
3773 1 1197 0 1331 138 1
3774 1 1195 1 1327 136 1
3775 1 1195 1 1322 131 1
3776 1 1196 1 1333 130 1
3777 1 1188 1 1333 135 1
3778 1 1174 0 1326 144 1
3779 1 1169 0 1330 150 1
3780 1 1173 0 1334 152 1
3781 1 1174 0 1342 153 1
3782 1 1175 0 1357 157 1
3783 1 1181 0 1364 170 1
3784 1 1205 0 1377 205 0
3785 1 1234 0 1414 219 0
3786 1 1242 0 1435 190 0
3787 1 1251 0 1453 214 0
3788 1 1276 0 1476 195 0
3789 1 1291 0 1501 199 0
3790 1 1314 0 1525 188 0
3791 1 1320 0 1543 188 0
3792 1 1346 0 1554 172 0
3793 1 1392 0 1584 130 0
3794 1 1440 0 1623 123 0
3795 1 1465 0 1641 123 0
3796 1 1493 0 1665 123 0
3797 1 1535 0 1700 162 0
3798 1 1565 0 1758 188 0
3799 1 1598 0 1766 185 0
3800 1 1618 0 1787 195 0
3801 1 1619 0 1809 193 0
3802 1 1642 0 1833 210 0
3803 1 1655 0 1839 198 0
3804 1 1682 0 1849 196 0
3805 1 1690 0 1867 179 0
3806 1 1706 0 1868 186 0
3807 1 1716 0 1889 201 0
3808 1 1728 2 1780 23 0
3882 1 1660 0 1921 289 0
3883 1 1517 0 1921 432 0
3884 1 1416 0 1770 483 0
3885 1 1348 26 1703 514 0
3886 1 1321 55 1684 519 0
3887 1 1330 57 1670 515 0
3888 1 1308 56 1657 521 0
3889 1 1286 57 1645 515 0
3890 1 1278 62 1641 518 0
3891 1 1269 53 1630 509 0
3892 1 1275 60 1630 508 0
3893 1 1286 54 1643 500 0
3894 1 1295 40 1652 488 0
3895 1 1320 8 1681 463 0
3896 1 1377 1 1747 428 0
3897 1 1476 0 1802 345 0
3898 1 1608 0 1877 282 0
3899 1 1741 0 1922 215 0
4529 1 1487 2 1916 382 0
4530 1 1416 0 1786 434 0
4531 1 1407 0 1756 448 0
4532 1 1377 0 1751 458 0
4533 1 1380 0 1742 473 0
4534 1 1369 21 1746 480 0
4535 1 1370 37 1747 486 0
4536 1 1369 42 1749 488 0
4537 1 1376 37 1750 481 0
4538 1 1376 38 1752 483 0
4539 1 1382 32 1755 476 0
4540 1 1382 36 1755 473 0
4541 1 1394 30 1762 473 0
4542 1 1394 31 1764 471 0
4543 1 1385 25 1762 469 0
4544 1 1386 27 1760 474 0
4545 1 1392 28 1762 474 0
4546 1 1403 31 1765 471 0
4547 1 1400 28 1776 468 0
4548 1 1401 32 1780 471 0
4549 1 1400 24 1776 465 0
4550 1 1410 22 1778 469 0
4551 1 1415 30 1776 465 0
4552 1 1410 18 1778 467 0
4553 1 1410 21 1780 465 0
4554 1 1410 15 1780 465 0
4555 1 1410 19 1780 468 0
4556 1 1407 16 1778 466 0
4557 1 1415 18 1780 468 0
4558 1 1415 22 1786 465 0
4559 1 1416 19 1787 469 0
4560 1 1418 25 1785 469 0
4561 1 1418 22 1791 468 0
4562 1 1418 25 1791 468 0
4563 1 1422 21 1789 469 0
4564 1 1422 19 1790 466 0
4565 1 1430 18 1792 465 0
4566 1 1434 21 1792 467 0
4567 1 1430 21 1792 470 0
4568 1 1440 19 1795 469 0
4569 1 1437 19 1795 465 0
4570 1 1443 22 1797 468 0
4571 1 1444 25 1796 465 0
4572 1 1447 18 1795 467 0
4573 1 1440 22 1802 467 0
4574 1 1443 21 1800 467 0
4575 1 1441 19 1802 466 0
4576 1 1435 19 1802 467 0
4577 1 1434 18 1801 465 0
4578 1 1435 18 1803 467 0
4579 1 1438 16 1806 465 0
4580 1 1450 18 1808 464 0
4581 1 1449 19 1811 455 0
4582 1 1450 0 1833 453 0
4583 1 1480 3 1919 425 0
4584 1 1610 1 1919 390 0
4585 1 1708 1 1919 395 0
4810 1 1596 1 1917 301 0
4811 1 1446 1 1806 355 0
4812 1 1368 1 1756 366 0
4813 1 1326 1 1660 350 0
4814 1 1313 1 1655 329 0
4815 1 1313 1 1652 309 0
4816 1 1313 1 1652 295 0
4817 1 1313 1 1652 295 0
4818 1 1313 1 1660 295 0
4819 1 1299 1 1661 298 0
4820 1 1299 1 1661 309 0
4821 1 1299 1 1661 321 0
4822 1 1299 1 1656 334 0
4823 1 1299 1 1656 351 0
4824 1 1311 0 1659 372 0
4825 1 1299 0 1659 383 0
4826 1 1309 0 1669 387 0
4827 1 1302 0 1665 391 0
4828 1 1304 0 1667 393 0
4829 1 1302 0 1650 402 0
4830 1 1309 0 1664 414 0
4831 1 1302 0 1655 416 0
4832 1 1304 0 1667 427 0
4833 1 1304 0 1650 430 0
4834 1 1309 2 1640 436 0
4835 1 1308 0 1648 437 0
4836 1 1308 0 1641 435 0
4837 1 1313 0 1644 439 0
4838 1 1316 0 1647 443 0
4839 1 1311 0 1647 444 0
4840 1 1326 0 1650 451 0
4841 1 1318 0 1658 451 0
4842 1 1326 0 1657 453 0
4843 1 1328 0 1659 456 0
4844 1 1328 0 1661 463 0
4845 1 1330 0 1661 464 0
4846 1 1335 0 1666 466 0
4847 1 1333 0 1664 468 0
4848 1 1331 0 1662 466 0
4849 1 1328 0 1662 468 0
4850 1 1335 0 1659 472 0
4851 1 1335 0 1664 468 0
4852 1 1345 0 1671 475 0
4853 1 1345 21 1673 475 0
4854 1 1342 22 1671 481 0
4855 1 1343 27 1674 474 0
4856 1 1342 29 1674 480 0
4857 1 1336 24 1682 480 0
4858 1 1345 22 1680 480 0
4859 1 1349 23 1672 476 0
4860 1 1349 21 1672 478 0
4861 1 1347 21 1676 478 0
4862 1 1347 23 1680 474 0
4863 1 1357 27 1678 480 0
4864 1 1356 25 1687 476 0
4865 1 1355 21 1693 480 0
4866 1 1364 22 1692 478 0
4867 1 1371 22 1695 476 0
4868 1 1362 24 1698 475 0
4869 1 1371 21 1699 468 0
4870 1 1372 17 1696 471 0
4871 1 1366 14 1704 471 0
4872 1 1371 14 1705 470 0
4873 1 1374 14 1705 468 0
4874 1 1371 16 1705 467 0
4875 1 1369 17 1705 466 0
4876 1 1381 14 1709 463 0
4877 1 1374 7 1712 461 0
4878 1 1371 12 1705 466 0
4879 1 1374 17 1708 462 0
4880 1 1384 4 1710 461 0
4881 1 1379 7 1712 459 0
4882 1 1386 2 1717 465 0
4883 1 1377 0 1717 457 0
4884 1 1381 0 1726 459 0
4885 1 1389 0 1722 457 0
4886 1 1395 2 1726 449 0
4887 1 1408 0 1732 435 0
4888 1 1459 0 1752 410 0
4889 1 1459 2 1776 379 0
4890 1 1521 2 1789 333 0
4891 1 1596 2 1821 289 0
4892 1 1663 2 1917 241 0
5301 1 1821 1 1883 41 0
5302 1 1821 1 1893 66 0
5303 1 1830 29 1893 95 0
5304 1 1839 56 1907 124 0
5305 1 1834 71 1897 133 0
5306 1 1829 97 1898 157 0
5307 1 1821 102 1898 161 0
5308 1 1819 95 1886 162 0
5309 1 1810 109 1892 175 0
5310 1 1810 131 1873 235 0
5311 1 1809 137 1885 238 0
5312 1 1815 146 1884 276 0
5313 1 1823 169 1887 292 0
5314 1 1828 195 1897 327 0
5315 1 1834 220 1904 341 0
5316 1 1835 234 1894 353 0
5317 1 1831 236 1897 359 0
5318 1 1824 240 1884 349 0
5319 1 1817 247 1879 363 0
5320 1 1811 258 1878 373 0
5321 1 1812 279 1872 386 0
5322 1 1811 300 1893 437 0
5323 1 1811 318 1867 421 0
5324 1 1808 321 1876 440 0
5325 1 1807 325 1866 448 0
5326 1 1803 333 1863 449 1
5327 1 1800 339 1862 448 1
5328 1 1798 341 1860 449 1
5329 1 1797 339 1854 450 1
5330 1 1791 341 1849 451 1
5331 1 1789 343 1845 456 1
5332 1 1778 351 1842 467 1
5333 1 1771 350 1836 476 1
5334 1 1759 357 1821 494 1
5335 1 1729 353 1804 505 1
5336 1 1705 363 1791 504 1
5337 1 1680 358 1771 511 1
5338 1 1667 376 1756 523 1
5339 1 1644 384 1720 532 1
5340 1 1592 411 1674 557 1
5341 1 1532 428 1618 579 1
5342 1 1459 454 1543 604 1
5343 1 1375 483 1473 638 1
5344 1 1298 510 1414 676 1
5345 1 1245 527 1374 693 1
5346 1 1213 556 1303 697 1
5347 1 1192 571 1278 704 1
5348 1 1189 577 1269 700 1
5349 1 1167 572 1252 696 1
5350 1 1150 572 1242 699 1
5351 1 1131 559 1218 686 1
5352 1 1119 533 1209 671 1
5353 1 1117 517 1190 658 1
5354 1 1135 455 1247 638 1
5355 1 1162 411 1268 566 1
5356 1 1210 345 1301 472 1
5357 1 1266 263 1351 397 1
5358 1 1312 180 1407 310 1
5359 1 1366 100 1472 242 1
5360 1 1413 62 1524 180 1
5361 1 1446 0 1563 126 1
5362 1 1479 0 1603 101 1
5363 1 1511 0 1633 73 1
5384 1 1754 0 1867 108 0
5385 1 1786 0 1916 135 0
5386 1 1819 0 1923 153 0
5387 1 1837 25 1920 191 0
5388 1 1861 58 1918 212 0
5389 1 1860 96 1916 265 0
5390 1 1860 123 1923 277 0
5391 1 1859 132 1921 270 0
5392 1 1858 154 1918 284 0
5393 1 1858 177 1917 298 0
5394 1 1857 160 1917 290 0
5395 1 1857 143 1919 281 0
5396 1 1856 126 1919 272 0
5397 1 1865 99 1922 264 0
5398 1 1831 73 1923 256 0
5399 1 1821 49 1923 221 0
5400 1 1810 25 1923 185 0
5401 1 1780 1 1920 178 0
5402 1 1754 1 1873 111 0
5427 1 1839 0 1852 7 0
5428 1 1841 0 1855 17 0
5429 1 1838 0 1856 28 1
5430 1 1837 0 1860 38 1
5431 1 1846 0 1863 50 1
5432 1 1851 0 1863 59 1
5433 1 1855 0 1868 67 1
5434 1 1858 0 1872 65 1
5435 1 1858 0 1873 65 1
5436 1 1857 0 1873 59 1
5437 1 1851 0 1873 56 1
5469 1 1834 0 1872 56 1
5470 1 1834 0 1872 56 1
5471 1 1834 0 1879 85 1
5472 1 1834 0 1885 115 0
5473 1 1834 0 1895 136 0
5474 1 1834 0 1901 138 0
5475 1 1829 0 1897 138 0
5476 1 1820 19 1882 143 0
5477 1 1820 19 1882 153 0
5478 1 1813 23 1882 153 0
5479 1 1810 18 1880 153 0
5480 1 1805 9 1883 149 0
5481 1 1798 4 1865 132 0
5482 1 1786 4 1865 132 0
5483 1 1783 4 1862 126 0
5484 1 1790 0 1861 138 0
5485 1 1790 20 1864 143 0
5486 1 1798 32 1864 152 0
5487 1 1808 35 1875 159 0
5488 1 1818 49 1887 172 0
5489 1 1829 59 1900 192 0
5490 1 1839 71 1909 198 0
5491 1 1839 81 1919 208 0
5492 1 1853 86 1918 208 0
5493 1 1860 104 1919 225 0
5494 1 1872 118 1919 226 0
5495 1 1879 136 1919 242 0
5496 1 1888 158 1919 241 0
5497 1 1895 161 1919 252 0
5498 1 1911 178 1919 217 0
5570 1 1901 154 1918 242 0
5571 1 1895 154 1918 236 0
5572 1 1890 134 1919 219 0
5573 1 1888 134 1918 210 0
5574 1 1889 122 1918 212 0
5575 1 1889 113 1918 204 0
5576 1 1889 113 1918 204 0
5577 1 1889 113 1918 193 0
5578 1 1889 96 1918 186 0
5579 1 1889 96 1918 183 0
5580 1 1889 96 1918 183 0
5581 1 1885 90 1918 183 0
5582 1 1880 83 1918 176 0
5583 1 1873 77 1907 176 0
5584 1 1866 77 1899 176 0
5585 1 1857 77 1889 156 0
5586 1 1852 65 1886 156 0
5587 1 1849 68 1886 156 0
5588 1 1849 68 1881 156 0
5589 1 1846 68 1884 156 0
5590 1 1843 57 1876 158 0
5591 1 1837 57 1876 158 0
5592 1 1833 50 1877 154 0
5593 1 1828 45 1870 131 0
5594 1 1824 40 1864 131 0
5595 1 1821 40 1859 131 0
5596 1 1819 35 1860 132 0
5597 1 1817 35 1866 132 0
5598 1 1817 29 1858 121 0
5599 1 1815 33 1851 124 0
5600 1 1815 30 1848 117 0
5601 1 1813 21 1852 116 0
5602 1 1811 22 1845 110 0
5603 1 1809 24 1840 105 0
5604 1 1806 10 1837 99 0
5605 1 1806 8 1837 94 0
5606 1 1808 12 1836 90 0
5607 1 1811 8 1839 91 0
5608 1 1817 12 1850 94 0
5609 1 1822 14 1853 102 0
5610 1 1828 20 1861 97 0
5611 1 1837 20 1867 101 0
5612 1 1847 20 1875 106 0
5613 1 1855 20 1880 102 0
5614 1 1863 20 1881 102 0
5615 1 1869 20 1894 100 0
5616 1 1875 26 1902 101 0
5617 1 1881 26 1909 98 0
5618 1 1887 22 1910 98 0
5619 1 1887 22 1912 88 0
5620 1 1883 10 1919 86 0
5621 1 1882 5 1919 73 0
5622 1 1882 2 1919 72 0
5623 1 1886 0 1919 73 0
5624 1 1885 0 1919 70 0
5625 1 1886 0 1919 70 0
5626 1 1884 0 1919 63 0
5627 1 1883 0 1919 58 0
5628 1 1881 0 1919 51 0
5629 1 1875 0 1919 44 0
5630 1 1874 0 1919 44 0
5631 1 1871 0 1919 30 0
5632 1 1863 0 1919 22 0
6710 1 1680 0 1778 93 0
6711 1 1686 0 1786 77 0
6712 1 1694 0 1794 83 0
6713 1 1703 0 1794 83 0
6714 1 1703 0 1792 90 0
6715 1 1703 0 1790 98 0
6716 1 1698 16 1779 99 0
6717 1 1686 14 1782 111 0
6718 1 1675 24 1759 108 0
6719 1 1670 16 1763 117 0
6720 1 1674 12 1769 100 0
6721 1 1688 22 1792 116 0
6722 1 1709 15 1800 120 0
6723 1 1721 26 1820 137 0
6724 1 1732 37 1837 137 0
6725 1 1752 54 1844 156 0
6726 1 1762 60 1852 154 0
6727 1 1774 62 1866 170 0
6728 1 1788 66 1874 168 0
6729 1 1790 66 1880 168 0
6730 1 1798 70 1886 172 0
6731 1 1808 72 1896 176 0
6732 1 1816 74 1902 178 0
6733 1 1824 76 1910 180 0
6734 1 1828 76 1912 180 0
6735 1 1834 76 1918 180 0
6736 1 1836 74 1920 180 0
6737 1 1835 74 1919 179 0
6738 1 1834 74 1919 178 0
6739 1 1834 74 1919 178 0
6740 1 1833 74 1919 177 0
6741 1 1832 75 1919 177 0
6742 1 1832 75 1919 177 0
6743 1 1831 75 1919 176 0
6744 1 1831 75 1920 175 0
6745 1 1830 75 1919 175 0
6746 1 1829 76 1919 175 0
6747 1 1829 76 1920 174 0
6748 1 1828 76 1919 174 0
6749 1 1828 76 1920 173 0
6750 1 1834 78 1919 177 0
6751 1 1841 80 1919 180 0
6752 1 1847 82 1918 184 0
6753 1 1847 82 1919 183 0
6754 1 1846 81 1919 182 0
6755 1 1845 81 1919 182 0
6756 1 1844 80 1919 181 0
6757 1 1844 80 1920 181 0
6758 1 1843 80 1920 181 0
6759 1 1842 79 1920 180 0
6760 1 1842 79 1921 180 0
6761 1 1843 80 1921 179 0
6762 1 1844 81 1921 178 0
6763 1 1845 82 1920 176 0
6764 1 1846 83 1920 175 0
6765 1 1847 83 1920 173 0
6766 1 1848 84 1920 172 0
6767 1 1849 85 1920 171 0
6768 1 1850 86 1920 170 0
6769 1 1851 87 1920 169 0
6770 1 1852 88 1920 168 0
6771 1 1853 89 1919 167 0
6772 1 1854 90 1919 166 0
6773 1 1854 91 1919 167 0
6774 1 1854 92 1920 168 0
6775 1 1854 93 1920 168 0
6776 1 1854 94 1920 169 0
6777 1 1854 95 1920 170 0
6778 1 1853 96 1919 171 0
6779 1 1853 97 1919 171 0
6780 1 1853 98 1919 172 0
6781 1 1852 100 1918 172 0
6782 1 1851 99 1918 171 0
6783 1 1851 99 1919 172 0
6784 1 1850 98 1919 172 0
6785 1 1849 97 1919 171 0
6786 1 1848 97 1919 172 0
6787 1 1847 96 1920 172 0
6788 1 1846 96 1920 172 0
6789 1 1846 95 1921 172 0
6790 1 1845 95 1921 173 0
6791 1 1844 94 1921 173 0
6792 1 1841 92 1919 172 0
6793 1 1839 90 1918 171 0
6794 1 1837 87 1917 169 0
6795 1 1834 85 1915 168 0
6796 1 1832 83 1914 167 0
6797 1 1829 81 1913 167 0
6798 1 1827 78 1912 165 0
6799 1 1825 76 1911 164 0
6800 1 1821 71 1908 163 0
6801 1 1817 66 1906 162 0
6802 1 1814 61 1904 161 0
6803 1 1810 56 1901 161 0
6804 1 1806 51 1899 160 0
6805 1 1803 46 1897 159 0
6806 1 1799 41 1894 158 0
6807 1 1795 36 1892 157 0
6808 1 1790 31 1888 149 0
6809 1 1784 27 1883 142 0
6810 1 1778 23 1878 135 0
6811 1 1773 18 1874 126 0
6812 1 1766 14 1867 125 0
6813 1 1758 9 1860 122 0
6814 1 1751 5 1854 120 0
6815 1 1744 1 1848 118 0
6816 1 1735 1 1838 116 0
6817 1 1727 1 1829 114 0
6818 1 1718 0 1820 111 0
6819 1 1701 1 1802 85 0
6820 1 1694 1 1796 83 0
6821 1 1687 1 1790 80 0
6822 1 1680 0 1784 77 0
6823 1 1676 0 1784 78 0
6966 1 1695 0 1791 75 0
6967 1 1708 0 1807 76 0
6968 1 1720 0 1821 78 0
6969 1 1734 0 1846 91 0
6970 1 1743 0 1846 91 0
6971 1 1753 0 1845 88 0
6972 1 1764 2 1846 86 0
6973 1 1770 1 1854 91 0
6974 1 1770 0 1850 92 0
6975 1 1774 2 1852 102 0
6976 1 1776 4 1854 104 0
6977 1 1780 6 1858 108 0
6978 1 1788 16 1864 116 0
6979 1 1794 20 1868 120 0
6980 1 1798 24 1872 126 0
6981 1 1800 22 1874 126 0
6982 1 1802 24 1876 132 0
6983 1 1804 26 1878 134 0
6984 1 1804 22 1890 144 0
6985 1 1802 22 1890 142 0
6986 1 1802 23 1887 146 0
6987 1 1806 23 1888 139 0
6988 1 1812 32 1890 146 0
6989 1 1812 36 1890 146 0
6990 1 1812 46 1892 162 0
6991 1 1808 48 1888 158 0
6992 1 1804 48 1886 162 0
6993 1 1798 48 1872 162 0
6994 1 1794 52 1868 158 0
6995 1 1788 52 1866 160 0
6996 1 1784 50 1866 162 0
6997 1 1780 54 1864 162 0
6998 1 1780 56 1864 178 0
6999 1 1780 60 1862 182 0
7000 1 1780 64 1862 184 0
7001 1 1780 70 1860 192 0
7002 1 1780 76 1860 198 0
7003 1 1782 84 1860 206 0
7004 1 1782 92 1860 214 0
7005 1 1790 94 1876 226 0
7006 1 1790 100 1876 234 0
7007 1 1788 106 1872 238 0
7008 1 1786 92 1870 206 0
7009 1 1785 88 1875 216 0
7010 1 1772 86 1860 198 0
7011 1 1772 62 1856 180 0
7012 1 1774 62 1858 174 0
7013 1 1778 58 1860 172 0
7014 1 1784 56 1866 172 0
7015 1 1788 48 1872 170 0
7016 1 1794 44 1880 176 0
7017 1 1796 36 1882 178 0
7018 1 1802 46 1898 196 0
7019 1 1804 38 1900 198 0
7020 1 1808 34 1900 196 0
7021 1 1812 32 1902 194 0
7022 1 1821 28 1903 193 0
7023 1 1820 30 1910 192 0
7024 1 1822 28 1912 194 0
7025 1 1824 26 1912 190 0
7026 1 1822 24 1910 190 0
7027 1 1822 22 1912 186 0
7028 1 1828 22 1916 188 0
7029 1 1830 22 1914 186 0
7030 1 1832 18 1916 184 0
7031 1 1834 16 1916 186 0
7032 1 1836 14 1918 190 0
7033 1 1838 10 1918 194 0
7034 1 1854 10 1916 196 0
7035 1 1857 23 1920 197 0
7036 1 1856 6 1916 196 0
7037 1 1852 4 1914 200 0
7038 1 1854 4 1914 198 0
7039 1 1852 4 1914 198 0
7040 1 1854 6 1912 198 0
7041 1 1854 4 1912 202 0
7042 1 1854 4 1912 202 0
7043 1 1860 8 1914 204 0
7044 1 1860 10 1912 206 0
7045 1 1860 10 1920 206 0
7046 1 1858 10 1910 206 0
7047 1 1858 10 1910 206 0
7048 1 1858 10 1912 206 0
7049 1 1874 33 1920 205 0
7050 1 1881 33 1922 205 0
7051 1 1858 33 1918 205 0
7052 1 1858 26 1920 205 0
7053 1 1881 40 1918 205 0
7054 1 1871 30 1920 205 0
7055 1 1884 31 1919 203 0
7056 1 1862 6 1916 202 0
7057 1 1879 23 1920 191 0
7058 1 1874 10 1920 191 0
7059 1 1869 0 1920 192 0
7060 1 1857 0 1920 165 0
7327 1 1225 0 1293 29 0
7328 1 1212 0 1293 55 0
7329 1 1199 0 1293 67 0
7330 1 1167 0 1288 91 0
7331 1 1152 0 1294 95 0
7332 1 1162 0 1283 119 0
7333 1 1162 0 1283 124 0
7334 1 1150 0 1281 134 0
7335 1 1163 0 1295 145 0
7336 1 1168 0 1297 150 0
7337 1 1171 0 1300 158 0
7338 1 1179 0 1309 163 0
7339 1 1185 2 1313 172 0
7340 1 1186 2 1328 168 0
7341 1 1188 2 1322 172 0
7342 1 1198 0 1324 172 0
7343 1 1190 0 1336 174 0
7344 1 1186 0 1336 176 0
7345 1 1184 4 1328 174 0
7346 1 1193 4 1327 170 0
7347 1 1194 12 1322 186 0
7348 1 1198 23 1324 187 0
7349 1 1205 14 1321 182 0
7350 1 1207 27 1331 184 0
7351 1 1208 12 1341 187 0
7352 1 1208 14 1354 200 0
7353 1 1221 27 1338 196 0
7354 1 1221 41 1346 201 0
7355 1 1229 54 1346 213 0
7356 1 1222 30 1364 218 0
7357 1 1237 59 1365 219 0
7358 1 1243 57 1369 227 0
7359 1 1249 57 1379 227 0
7360 1 1256 57 1380 224 0
7361 1 1264 67 1392 229 0
7362 1 1266 48 1399 234 0
7363 1 1268 52 1410 238 0
7364 1 1274 54 1412 244 0
7365 1 1276 54 1416 246 0
7366 1 1280 58 1416 248 0
7367 1 1278 64 1420 254 0
7368 1 1280 64 1420 252 0
7369 1 1284 64 1428 256 0
7370 1 1292 62 1432 256 0
7371 1 1296 58 1436 254 0
7372 1 1298 54 1436 250 0
7373 1 1298 54 1440 252 0
7374 1 1300 54 1446 252 0
7375 1 1304 56 1450 256 0
7376 1 1308 56 1450 254 0
7377 1 1312 60 1454 256 0
7378 1 1314 60 1458 256 0
7379 1 1329 85 1453 253 0
7380 1 1330 73 1466 223 0
7381 1 1365 55 1482 207 0
7382 1 1397 9 1512 190 0
7383 1 1432 0 1552 170 0
7384 1 1480 5 1595 150 0
7385 1 1533 1 1643 99 0
7386 1 1594 1 1674 45 0
7387 1 1594 1 1710 45 0
7388 1 1654 1 1710 45 0
7389 1 1654 1 1736 45 0
7390 1 1677 1 1758 45 0
7391 1 1692 1 1769 45 0
7392 1 1707 1 1780 45 0
7393 1 1713 1 1785 45 0
7394 1 1720 1 1790 45 0
7395 1 1726 1 1794 45 0
7396 1 1733 1 1800 45 0
7397 1 1733 1 1802 45 0
7398 1 1733 1 1805 45 0
7399 1 1733 1 1807 45 0
7400 1 1733 1 1810 45 0
7401 1 1733 1 1812 45 0
7402 1 1733 1 1814 45 0
7403 1 1733 1 1817 45 0
7404 1 1733 1 1819 45 0
7405 1 1735 1 1820 45 0
7406 1 1737 1 1821 45 0
7407 1 1739 1 1822 45 0
7408 1 1741 1 1822 45 0
7409 1 1744 1 1824 45 0
7410 1 1746 1 1825 45 0
7411 1 1748 1 1826 45 0
7412 1 1750 1 1827 45 0
7413 1 1752 1 1827 45 0
7414 1 1754 1 1828 45 0
7415 1 1756 1 1829 45 0
7416 1 1758 1 1830 45 0
7417 1 1761 1 1831 45 0
7418 1 1763 1 1832 45 0
7419 1 1765 1 1833 45 0
7420 1 1767 1 1834 45 0
7421 1 1769 1 1835 45 0
7422 1 1771 1 1835 45 0
7423 1 1773 1 1836 45 0
7424 1 1775 1 1837 45 0
7425 1 1778 1 1839 45 0
7426 1 1780 1 1840 45 0
7427 1 1782 1 1840 45 0
7428 1 1784 1 1841 45 0
7429 1 1785 1 1842 45 0
7430 1 1785 1 1841 46 0
7431 1 1786 1 1842 47 0
7432 1 1787 1 1843 47 0
7433 1 1788 1 1843 48 0
7434 1 1788 1 1843 49 0
7435 1 1789 1 1844 50 0
7436 1 1790 1 1844 50 0
7437 1 1790 1 1844 51 0
7438 1 1791 1 1844 52 0
7439 1 1792 1 1845 53 0
7440 1 1793 1 1846 53 0
7441 1 1793 1 1845 54 0
7442 1 1794 1 1846 55 0
7443 1 1795 1 1847 55 0
7444 1 1795 1 1846 56 0
7445 1 1796 1 1847 57 0
7446 1 1797 1 1848 58 0
7447 1 1798 1 1848 58 0
7448 1 1798 1 1848 59 0
7449 1 1799 1 1848 60 0
7450 1 1800 1 1849 61 0
7451 1 1800 1 1849 61 0
7452 1 1801 1 1849 62 0
7453 1 1802 1 1850 63 0
7454 1 1803 1 1851 63 0
7455 1 1803 1 1850 64 0
7456 1 1804 1 1851 65 0
7457 1 1805 1 1851 66 0
7458 1 1805 1 1851 66 0
7459 1 1806 1 1852 67 0
7460 1 1807 1 1852 68 0
7461 1 1808 1 1853 69 0
7462 1 1808 1 1853 69 0
7463 1 1809 1 1853 70 0
7464 1 1810 1 1854 71 0
7465 1 1810 1 1854 71 0
7466 1 1809 1 1854 71 0
7467 1 1807 1 1854 72 0
7468 1 1805 1 1854 72 0
7469 1 1803 1 1854 72 0
7470 1 1801 1 1854 72 0
7471 1 1799 1 1854 72 0
7472 1 1797 1 1854 72 0
7473 1 1795 1 1854 72 0
7474 1 1793 1 1854 72 0
7475 1 1791 1 1854 72 0
7476 1 1790 1 1854 72 0
7477 1 1788 1 1854 72 0
7478 1 1786 1 1854 72 0
7479 1 1784 1 1854 72 0
7480 1 1782 1 1854 72 0
7481 1 1780 1 1854 72 0
7482 1 1769 1 1845 75 0
7483 1 1759 1 1837 77 0
7484 1 1759 1 1837 80 0
7485 1 1759 0 1837 82 0
7486 1 1759 0 1837 84 0
7487 1 1759 0 1837 87 0
7488 1 1759 0 1837 89 0
7489 1 1752 0 1832 90 0
7490 1 1748 0 1817 39 0
7491 1 1748 0 1817 39 0
7532 1 1684 0 1743 55 0
7533 1 1673 0 1736 57 0
7534 1 1662 0 1730 58 0
7535 1 1651 0 1723 60 0
7536 1 1640 0 1716 62 0
7537 1 1629 0 1709 64 0
7538 1 1629 0 1709 64 0
7539 1 1629 0 1709 64 0
7540 1 1629 0 1709 64 0
7541 1 1629 0 1709 64 0
7542 1 1629 0 1709 64 0
7543 1 1652 0 1709 18 0
7722 1 1333 0 1407 93 0
7723 1 1308 0 1392 130 0
7724 1 1287 33 1359 174 0
7725 1 1272 66 1349 216 0
7726 1 1254 97 1341 251 0
7727 1 1236 117 1338 276 0
7728 1 1221 146 1317 306 0
7729 1 1208 163 1315 321 0
7730 1 1192 168 1294 326 0
7731 1 1186 168 1293 327 0
7732 1 1180 201 1289 365 0
7733 1 1170 201 1267 382 0
7734 1 1165 216 1264 369 0
7735 1 1153 245 1260 368 0
7736 1 1146 242 1258 404 0
7737 1 1138 247 1257 416 0
7738 1 1139 248 1256 410 0
7739 1 1127 238 1227 371 0
7740 1 1097 202 1223 364 0
7741 1 1042 153 1161 352 0
7742 1 941 90 1115 312 0
7743 1 892 52 1009 248 0
7744 1 803 9 951 202 0
7745 1 748 1 905 182 0
7746 1 711 1 857 127 0
7747 1 688 1 845 127 0
7748 1 676 1 828 112 0
7749 1 666 1 824 112 0
7750 1 669 1 820 108 0
7751 1 672 1 816 105 0
7752 1 675 1 812 102 0
7753 1 677 1 807 99 0
7754 1 680 1 803 96 0
7755 1 683 1 799 93 0
7756 1 699 1 798 67 0
7770 1 1506 0 1602 99 0
7771 1 1545 0 1641 119 0
7772 1 1564 0 1660 124 0
7773 1 1583 0 1680 128 0
7774 1 1602 0 1700 133 0
7775 1 1641 0 1727 154 0
7776 1 1678 0 1764 154 0
7777 1 1702 0 1800 170 0
7778 1 1731 0 1817 154 0
7779 1 1759 0 1841 160 0
7780 1 1759 0 1866 164 0
7781 1 1752 0 1860 156 0
7782 1 1744 0 1853 147 0
7783 1 1737 0 1846 139 0
7817 1 1527 0 1542 25 0
7818 1 1524 0 1547 30 0
7819 1 1522 0 1553 36 0
7820 1 1519 0 1557 42 0
7821 1 1516 0 1562 48 0
7822 1 1516 0 1564 49 0
7823 1 1516 0 1565 50 0
7824 1 1516 0 1567 51 0
7825 1 1516 0 1569 52 0
7826 1 1512 0 1571 53 0
7827 1 1508 0 1573 54 0
7828 1 1504 0 1575 56 0
7829 1 1499 0 1576 57 0
7830 1 1498 0 1577 58 0
7831 1 1497 0 1577 58 0
7832 1 1495 0 1577 59 0
7833 1 1494 0 1577 59 0
7834 1 1492 0 1576 60 0
7835 1 1491 0 1577 60 0
7836 1 1489 0 1576 61 0
7837 1 1488 0 1577 62 0
7838 1 1487 0 1577 62 0
7839 1 1482 0 1572 67 0
7840 1 1477 0 1567 72 0
7841 1 1473 0 1564 77 0
7842 1 1468 0 1559 82 0
7843 1 1464 0 1555 86 0
7844 1 1459 0 1550 91 0
7845 1 1455 0 1546 96 0
7846 1 1450 0 1541 101 0
7847 1 1438 0 1538 101 0
7848 1 1425 0 1534 101 0
7849 1 1413 0 1530 101 0
7850 1 1408 0 1531 101 0
7851 1 1402 0 1530 101 0
7852 1 1393 0 1523 104 0
7853 1 1384 0 1516 108 0
7854 1 1376 0 1503 110 0
7855 1 1369 0 1492 113 0
7856 1 1367 0 1485 111 0
7857 1 1365 0 1478 109 0
7858 1 1363 0 1471 107 0
7859 1 1362 0 1465 106 0
7860 1 1360 0 1458 104 0
7861 1 1358 0 1451 102 0
7862 1 1356 0 1445 100 0
7863 1 1354 0 1438 98 0
7864 1 1352 0 1436 98 0
7865 1 1349 0 1431 98 0
7866 1 1347 0 1427 98 0
7867 1 1344 0 1422 98 0
7868 1 1343 0 1431 99 0
7869 1 1341 0 1423 99 0
7870 1 1340 0 1424 99 0
7871 1 1338 0 1422 99 0
7872 1 1337 0 1421 100 0
7873 1 1335 0 1419 100 0
7874 1 1332 0 1417 100 0
7875 1 1329 0 1415 100 0
7876 1 1327 0 1414 100 0
7877 1 1324 0 1412 101 0
7878 1 1321 0 1410 101 0
7879 1 1318 0 1408 101 0
7880 1 1319 0 1409 101 0
7881 1 1320 0 1410 101 0
7882 1 1321 0 1411 101 0
7883 1 1322 0 1412 100 0
7884 1 1323 0 1412 100 0
7885 1 1324 0 1413 100 0
7886 1 1325 0 1414 100 0
7887 1 1326 0 1415 100 0
7888 1 1330 0 1432 109 0
7889 1 1335 0 1450 118 0
7890 1 1337 0 1450 117 0
7891 1 1340 0 1451 116 0
7892 1 1342 0 1452 116 0
7893 1 1345 0 1453 115 0
7894 1 1347 0 1453 114 0
7895 1 1349 0 1454 113 0
7896 1 1352 0 1455 113 0
7897 1 1358 0 1462 113 0
7898 1 1365 0 1471 113 0
7899 1 1366 0 1470 113 0
7900 1 1368 0 1470 113 0
7901 1 1370 0 1471 113 0
7902 1 1370 0 1489 113 0
7903 1 1370 0 1495 113 0
7904 1 1370 0 1501 113 0
7905 1 1375 0 1501 113 0
7906 1 1379 0 1500 113 0
7907 1 1378 0 1499 113 0
7908 1 1377 0 1497 113 0
7909 1 1376 0 1496 113 0
7910 1 1375 0 1494 113 0
7911 1 1374 0 1493 113 0
7912 1 1373 0 1492 113 0
7913 1 1372 0 1490 113 0
7914 1 1371 0 1489 113 0
7915 1 1370 0 1487 113 0
7916 1 1366 0 1486 116 0
7917 1 1363 0 1487 120 0
7918 1 1360 0 1487 124 0
7919 1 1357 0 1487 127 0
7920 1 1354 0 1487 131 0
7921 1 1340 0 1465 159 0
7922 1 1315 6 1440 186 0
7923 1 1301 31 1416 221 0
7924 1 1275 59 1384 245 0
7925 1 1248 90 1365 274 0
7926 1 1232 106 1349 290 0
7927 1 1217 129 1350 299 0
7928 1 1203 129 1330 299 0
7929 1 1203 143 1330 313 0
7930 1 1203 145 1322 313 0
7931 1 1200 147 1320 317 0
7932 1 1198 149 1318 320 0
7933 1 1195 151 1315 323 0
7934 1 1192 153 1313 327 0
7935 1 1190 155 1311 330 0
7936 1 1187 157 1308 333 0
7937 1 1188 157 1309 333 0
7938 1 1188 156 1309 332 0
7939 1 1189 156 1309 332 0
7940 1 1190 156 1310 331 0
7941 1 1190 156 1310 331 0
7942 1 1191 156 1311 331 0
7943 1 1192 155 1312 330 0
7944 1 1192 155 1311 330 0
7945 1 1193 155 1312 330 0
7946 1 1194 155 1313 329 0
7947 1 1194 155 1313 329 0
7948 1 1195 155 1313 329 0
7949 1 1196 154 1314 328 0
7950 1 1196 154 1314 328 0
7951 1 1197 154 1315 327 0
7952 1 1198 154 1315 327 0
7953 1 1198 154 1315 327 0
7954 1 1199 153 1316 326 0
7955 1 1200 153 1317 326 0
7956 1 1200 153 1316 326 0
7957 1 1201 153 1317 325 0
7958 1 1201 153 1317 325 0
7959 1 1202 153 1318 325 0
7960 1 1203 152 1318 324 0
7961 1 1203 152 1318 324 0
7962 1 1204 152 1319 324 0
7963 1 1205 152 1320 323 0
7964 1 1205 152 1320 323 0
7965 1 1206 152 1320 323 0
7966 1 1207 151 1321 322 0
7967 1 1207 151 1321 322 0
7968 1 1208 151 1322 321 0
7969 1 1209 151 1322 321 0
7970 1 1211 147 1326 318 0
7971 1 1213 143 1329 315 0
7972 1 1216 139 1334 312 0
7973 1 1218 135 1338 308 0
7974 1 1220 131 1341 305 0
7975 1 1223 130 1344 305 0
7976 1 1225 129 1345 306 0
7977 1 1228 128 1348 306 0
7978 1 1230 126 1350 305 0
7979 1 1232 125 1351 305 0
7980 1 1232 125 1351 293 0
7981 1 1232 125 1351 293 0
7982 1 1232 124 1351 292 0
7983 1 1232 123 1351 291 0
7984 1 1232 122 1351 290 0
7985 1 1232 121 1351 289 0
7986 1 1232 121 1351 289 0
7987 1 1232 120 1351 288 0
7988 1 1232 119 1351 287 0
7989 1 1232 118 1351 286 0
7990 1 1232 118 1351 285 0
7991 1 1232 117 1351 284 0
7992 1 1232 116 1351 283 0
7993 1 1232 115 1351 282 0
7994 1 1232 115 1351 282 0
7995 1 1232 114 1351 281 0
7996 1 1232 113 1351 280 0
7997 1 1232 112 1351 279 0
7998 1 1232 111 1351 278 0
7999 1 1232 111 1351 278 0
8000 1 1232 110 1351 277 0
8001 1 1232 109 1351 276 0
8002 1 1232 108 1351 274 0
8003 1 1232 108 1351 274 0
8004 1 1231 109 1350 276 0
8005 1 1230 111 1349 279 0
8006 1 1229 112 1348 281 0
8007 1 1228 114 1346 284 0
8008 1 1227 115 1345 286 0
8009 1 1226 117 1344 289 0
8010 1 1225 118 1343 290 0
8011 1 1224 120 1341 293 0
8012 1 1222 121 1339 295 0
8013 1 1218 127 1339 295 0
8014 1 1215 133 1340 295 0
8015 1 1215 139 1334 310 0
8016 1 1213 143 1332 313 0
8017 1 1211 148 1331 318 0
8018 1 1209 153 1329 322 0
8019 1 1208 157 1328 325 0
8020 1 1206 162 1326 329 0
8021 1 1206 162 1326 330 0
8022 1 1206 163 1326 332 0
8023 1 1206 163 1326 332 0
8024 1 1206 164 1326 334 0
8025 1 1206 165 1326 336 0
8026 1 1206 165 1326 336 0
8027 1 1204 165 1326 339 0
8028 1 1203 165 1326 342 0
8029 1 1201 165 1326 345 0
8030 1 1200 168 1324 347 0
8031 1 1199 170 1321 347 0
8032 1 1198 173 1319 349 0
8033 1 1197 175 1316 350 0
8034 1 1196 178 1314 352 0
8035 1 1195 180 1311 352 0
8036 1 1193 183 1312 354 0
8037 1 1190 185 1311 355 0
8038 1 1190 191 1311 360 0
8039 1 1188 197 1309 363 0
8040 1 1185 203 1306 366 0
8041 1 1183 206 1303 370 0
8042 1 1181 210 1301 374 0
8043 1 1179 214 1298 378 0
8044 1 1177 217 1295 381 0
8045 1 1177 217 1295 389 0
8046 1 1177 221 1295 393 0
8047 1 1177 224 1295 396 0
8048 1 1177 225 1295 397 0
8049 1 1177 225 1295 397 0
8050 1 1177 225 1295 397 0
8051 1 1177 226 1295 398 0
8052 1 1177 226 1295 398 0
8053 1 1177 226 1295 398 0
8054 1 1177 227 1295 399 0
8055 1 1177 227 1295 399 0
8056 1 1177 227 1295 399 0
8057 1 1177 228 1295 400 1
8058 1 1177 228 1295 400 1
8059 1 1177 229 1295 401 1
8060 1 1177 229 1295 401 1
8061 1 1177 229 1295 401 1
8062 1 1177 230 1295 402 1
8063 1 1177 230 1295 402 1
8064 1 1177 230 1295 402 1
8065 1 1176 231 1294 403 1
8066 1 1175 231 1293 402 1
8067 1 1175 232 1293 403 1
8068 1 1174 233 1292 403 1
8069 1 1174 233 1291 402 1
8070 1 1173 234 1290 403 1
8071 1 1173 234 1290 402 1
8072 1 1172 235 1289 403 1
8073 1 1171 235 1288 402 1
8074 1 1171 236 1288 403 1
8075 1 1170 237 1286 403 1
8076 1 1170 237 1286 402 1
8077 1 1170 237 1286 403 1
8078 1 1170 236 1286 402 1
8079 1 1170 236 1286 402 1
8080 1 1170 236 1286 402 1
8081 1 1170 235 1286 401 1
8082 1 1170 235 1286 402 1
8083 1 1171 234 1286 401 1
8084 1 1171 234 1286 401 1
8085 1 1171 234 1286 401 1
8086 1 1171 233 1286 400 1
8087 1 1171 233 1286 401 1
8088 1 1171 233 1286 401 1
8089 1 1171 232 1286 400 1
8090 1 1171 232 1286 400 1
8091 1 1172 231 1287 400 1
8092 1 1172 231 1286 400 1
8093 1 1172 231 1286 400 1
8094 1 1172 230 1286 399 1
8095 1 1172 230 1286 399 1
8096 1 1172 230 1286 400 1
8097 1 1172 229 1286 399 1
8098 1 1172 229 1286 399 1
8099 1 1172 229 1286 399 1
8100 1 1173 228 1286 398 1
8101 1 1173 228 1286 399 1
8102 1 1173 227 1286 398 1
8103 1 1173 227 1286 398 1
8104 1 1173 227 1286 398 1
8105 1 1173 226 1286 397 1
8106 1 1173 226 1286 398 1
8107 1 1173 226 1286 398 1
8108 1 1174 225 1287 397 1
8109 1 1174 225 1286 397 1
8110 1 1174 224 1286 397 1
8111 1 1174 224 1286 397 1
8112 1 1174 224 1286 397 1
8113 1 1174 223 1286 396 1
8114 1 1174 223 1286 396 1
8115 1 1174 223 1286 397 1
8116 1 1174 222 1286 396 1
8117 1 1175 222 1287 396 1
8118 1 1175 221 1286 395 1
8119 1 1178 219 1291 392 1
8120 1 1181 217 1296 389 0
8121 1 1184 216 1300 386 0
8122 1 1185 217 1301 387 0
8123 1 1186 218 1301 388 0
8124 1 1187 219 1302 388 0
8125 1 1188 220 1303 389 0
8126 1 1190 222 1304 391 0
8127 1 1191 223 1305 391 0
8128 1 1192 224 1305 392 0
8129 1 1193 225 1306 393 0
8130 1 1194 226 1306 393 0
8131 1 1195 226 1316 397 0
8132 1 1201 231 1322 402 0
8133 1 1207 235 1327 406 0
8134 1 1213 240 1332 410 0
8135 1 1213 237 1332 408 0
8136 1 1213 235 1332 407 0
8137 1 1213 232 1332 404 0
8138 1 1213 230 1332 403 0
8139 1 1213 227 1332 401 0
8140 1 1213 224 1332 398 0
8141 1 1215 223 1334 398 0
8142 1 1216 222 1336 397 0
8143 1 1218 221 1338 397 0
8144 1 1220 220 1340 397 0
8145 1 1222 219 1342 396 0
8146 1 1223 219 1342 394 0
8147 1 1225 219 1342 393 0
8148 1 1226 219 1342 391 0
8149 1 1228 219 1342 389 0
8150 1 1230 216 1345 389 0
8151 1 1233 213 1349 389 0
8152 1 1235 211 1351 385 0
8153 1 1238 210 1353 381 0
8154 1 1241 209 1356 378 0
8155 1 1243 208 1357 374 0
8156 1 1250 205 1364 374 0
8157 1 1256 202 1370 374 0
8158 1 1262 199 1375 374 0
8159 1 1267 199 1380 374 0
8160 1 1272 199 1385 374 0
8161 1 1278 199 1390 374 0
8162 1 1282 190 1397 368 0
8163 1 1286 182 1403 363 0
8164 1 1290 173 1409 342 0
8165 1 1298 155 1416 323 0
8166 1 1306 137 1422 303 0
8167 1 1313 118 1427 282 0
8168 1 1318 113 1433 281 0
8169 1 1323 107 1439 279 0
8170 1 1328 102 1445 277 0
8171 1 1335 102 1445 277 0
8172 1 1343 95 1452 267 0
8173 1 1352 89 1459 258 0
8174 1 1361 83 1466 249 0
8175 1 1368 68 1475 231 0
8176 1 1375 54 1483 213 0
8177 1 1386 39 1494 202 0
8178 1 1396 35 1505 196 0
8179 1 1407 25 1515 186 0
8180 1 1407 25 1518 186 0
8181 1 1421 25 1529 186 0
8182 1 1421 25 1533 186 0
8183 1 1432 25 1542 188 0
8184 1 1443 25 1551 190 0
8185 1 1453 25 1559 191 0
8186 1 1459 29 1564 195 0
8187 1 1465 32 1568 197 0
8188 1 1470 35 1571 200 0
8189 1 1476 39 1576 203 0
8190 1 1476 39 1581 203 0
8191 1 1475 39 1579 203 0
8192 1 1474 40 1578 204 0
8193 1 1473 41 1577 205 0
8194 1 1472 41 1575 204 0
8195 1 1471 42 1574 205 0
8196 1 1470 43 1573 206 0
8197 1 1468 43 1571 206 0
8198 1 1467 44 1569 206 0
8199 1 1466 44 1568 206 0
8200 1 1465 45 1567 207 0
8201 1 1464 46 1566 207 0
8202 1 1461 46 1563 207 0
8203 1 1457 46 1559 206 0
8204 1 1454 46 1556 206 0
8205 1 1450 46 1552 205 0
8206 1 1443 45 1552 212 0
8207 1 1438 50 1544 215 0
8208 1 1434 55 1538 218 0
8209 1 1430 60 1531 221 0
8210 1 1420 71 1524 229 0
8211 1 1416 82 1518 241 0
8212 1 1413 89 1513 250 0
8213 1 1400 102 1505 261 0
8214 1 1395 106 1500 272 0
8215 1 1393 109 1498 274 0
8216 1 1390 111 1495 275 0
8217 1 1387 114 1492 277 0
8218 1 1384 117 1489 279 0
8219 1 1380 123 1485 284 0
8220 1 1377 128 1482 287 0
8221 1 1377 128 1482 295 0
8222 1 1374 129 1479 295 0
8223 1 1372 130 1478 295 0
8224 1 1369 131 1475 294 0
8225 1 1363 137 1468 296 0
8226 1 1357 143 1462 298 0
8227 1 1351 149 1455 300 0
8228 1 1346 154 1447 310 0
8229 1 1340 158 1441 311 0
8230 1 1331 158 1440 315 0
8231 1 1323 168 1424 316 0
8232 1 1313 168 1423 326 0
8233 1 1305 168 1411 326 0
8234 1 1298 173 1406 330 1
8235 1 1291 177 1401 333 1
8236 1 1284 181 1396 337 1
8237 1 1280 183 1390 339 1
8238 1 1277 185 1384 342 1
8239 1 1274 186 1379 343 1
8240 1 1271 188 1374 346 1
8241 1 1271 188 1374 350 1
8242 1 1272 193 1374 355 1
8243 1 1273 197 1374 358 1
8244 1 1274 202 1374 363 1
8245 1 1275 207 1374 367 1
8246 1 1275 210 1375 370 1
8247 1 1275 214 1376 374 1
8248 1 1275 218 1377 378 1
8249 1 1275 221 1378 381 1
8250 1 1276 223 1379 383 1
8251 1 1277 225 1381 385 1
8252 1 1278 226 1382 386 1
8253 1 1279 228 1384 388 1
8254 1 1281 229 1386 389 1
8255 1 1281 229 1387 389 1
8256 1 1282 229 1389 389 1
8257 1 1283 229 1391 389 1
8258 1 1283 229 1392 389 1
8259 1 1284 229 1394 389 1
8260 1 1285 229 1396 389 1
8261 1 1285 229 1397 389 1
8262 1 1286 229 1398 389 1
8263 1 1287 229 1400 389 1
8264 1 1287 229 1400 390 1
8265 1 1287 229 1400 391 1
8266 1 1287 229 1400 392 1
8267 1 1287 229 1400 393 1
8268 1 1287 229 1400 393 1
8269 1 1287 229 1400 394 1
8270 1 1287 229 1400 395 1
8271 1 1287 229 1400 396 1
8272 1 1287 229 1400 396 1
8273 1 1287 229 1400 397 1
8274 1 1287 229 1400 398 1
8275 1 1287 229 1400 399 1
8276 1 1287 229 1400 399 1
8277 1 1287 229 1400 400 1
8278 1 1285 229 1398 400 1
8279 1 1283 229 1396 400 1
8280 1 1281 229 1394 400 1
8281 1 1279 229 1392 400 1
8282 1 1277 228 1390 399 1
8283 1 1276 227 1388 398 1
8284 1 1274 226 1386 397 1
8285 1 1273 224 1384 395 1
8286 1 1268 224 1384 395 1
8287 1 1266 224 1381 395 1
8288 1 1263 224 1376 395 1
8289 1 1261 224 1373 395 1
8290 1 1259 224 1369 395 1
8291 1 1256 224 1369 393 1
8292 1 1255 224 1369 393 1
8293 1 1253 224 1367 393 1
8294 1 1252 224 1366 393 1
8295 1 1251 224 1365 393 1
8296 1 1249 224 1363 393 1
8297 1 1246 224 1361 393 1
8298 1 1244 228 1359 397 1
8299 1 1242 232 1357 401 1
8300 1 1240 235 1355 404 1
8301 1 1238 239 1353 408 1
8302 1 1235 243 1351 412 1
8303 1 1231 248 1347 417 1
8304 1 1228 252 1345 421 0
8305 1 1225 257 1342 426 0
8306 1 1221 257 1342 428 0
8307 1 1218 265 1337 434 0
8308 1 1215 274 1332 441 0
8309 1 1211 279 1328 450 0
8310 1 1207 283 1325 458 0
8311 1 1204 288 1322 467 0
8312 1 1200 303 1316 474 0
8313 1 1196 311 1314 485 0
8314 1 1193 319 1310 495 0
8315 1 1189 336 1305 513 0
8316 1 1186 357 1302 525 0
8317 1 1179 363 1298 543 0
8318 1 1175 381 1294 557 0
8319 1 1167 397 1286 575 0
8320 1 1158 424 1276 602 0
8321 1 1147 453 1268 631 0
8322 1 1140 473 1256 661 0
8323 1 1128 505 1247 693 0
8324 1 1116 529 1235 708 0
8325 1 1098 551 1218 728 0
8326 1 1085 571 1202 747 0
8327 1 1069 587 1188 758 0
8328 1 1059 607 1174 781 0
8329 1 1055 629 1168 801 0
8330 1 1055 644 1168 818 0
8331 1 1055 665 1168 836 0
8332 1 1055 687 1168 855 0
8333 1 1055 713 1168 881 0
8334 1 1055 739 1168 911 0
8335 1 1055 771 1168 948 0
8336 1 1055 805 1168 987 0
8337 1 1064 845 1174 1027 0
8338 1 1079 884 1187 1063 0
8339 1 1085 929 1190 1077 0
8340 1 1085 968 1190 1077 0
8341 1 1085 1007 1200 1077 0
8342 1 1085 1020 1200 1077 0
8343 1 1081 1022 1200 1077 0
8344 1 1077 1024 1200 1077 0
8345 1 1073 1026 1200 1078 0
8346 1 1070 1006 1192 1077 0
8347 1 1068 986 1185 1077 0
8348 1 1065 967 1177 1077 0
8349 1 1062 947 1169 1077 0
8350 1 1062 906 1169 1077 0
8351 1 1047 858 1153 1030 0
8352 1 1032 807 1144 990 0
8353 1 1008 785 1123 956 0
8354 1 988 767 1100 932 0
8355 1 977 737 1089 903 0
8356 1 965 722 1082 882 0
8357 1 959 705 1074 868 0
8358 1 948 671 1065 843 0
8359 1 948 649 1054 825 0
8360 1 938 620 1050 791 0
8361 1 929 581 1038 761 0
8362 1 922 551 1031 728 0
8363 1 918 535 1031 704 0
8364 1 916 520 1033 690 0
8365 1 916 524 1033 694 0
8366 1 916 528 1033 698 0
8367 1 916 532 1033 702 0
8368 1 916 537 1033 707 1
8369 1 916 537 1033 702 1
8370 1 916 532 1033 697 1
8371 1 916 528 1033 692 1
8372 1 916 524 1033 688 1
8373 1 916 520 1033 683 1
8374 1 916 516 1033 679 1
8375 1 916 508 1033 678 1
8376 1 916 500 1033 678 1
8377 1 919 503 1037 679 1
8378 1 921 506 1040 681 1
8379 1 923 509 1043 682 1
8380 1 926 512 1047 683 1
8381 1 928 515 1051 684 1
8382 1 929 515 1051 684 1
8383 1 930 515 1052 685 1
8384 1 931 515 1053 685 1
8385 1 932 515 1053 685 1
8386 1 933 515 1054 686 1
8387 1 934 515 1055 686 1
8388 1 935 515 1055 686 1
8389 1 936 515 1056 687 1
8390 1 937 515 1057 687 1
8391 1 938 515 1057 687 1
8392 1 939 515 1058 688 1
8393 1 940 515 1059 688 1
8394 1 939 517 1058 689 1
8395 1 938 520 1058 691 1
8396 1 938 523 1059 693 1
8397 1 937 525 1059 695 1
8398 1 936 528 1058 697 1
8399 1 935 531 1058 699 1
8400 1 935 534 1059 701 1
8401 1 934 536 1058 702 1
8402 1 933 539 1058 704 1
8403 1 933 541 1057 706 1
8404 1 933 543 1056 708 1
8405 1 933 545 1055 710 1
8406 1 933 548 1054 713 1
8407 1 933 550 1052 714 1
8408 1 933 552 1051 716 0
8409 1 933 554 1050 718 0
8410 1 933 556 1049 720 0
8411 1 922 564 1037 740 0
8412 1 904 579 1020 743 0
8413 1 883 583 998 747 0
8414 1 876 573 991 741 0
8415 1 870 553 986 714 0
8416 1 873 518 991 683 0
8417 1 876 482 996 650 0
8418 1 880 459 1001 628 0
8419 1 887 447 1008 624 0
8420 1 887 462 1008 636 0
8421 1 887 477 1008 649 0
8422 1 891 489 1008 667 0
8423 1 897 502 1017 679 0
8424 1 901 502 1021 679 0
8425 1 910 485 1032 661 0
8426 1 919 469 1043 645 0
8427 1 928 446 1048 616 0
8428 1 936 428 1061 596 0
8429 1 944 420 1061 596 0
8430 1 944 431 1061 607 0
8431 1 944 442 1061 619 0
8432 1 944 456 1061 633 0
8433 1 944 469 1068 643 0
8434 1 953 480 1068 644 0
8435 1 954 469 1072 637 0
8436 1 955 459 1076 631 0
8437 1 962 436 1079 609 0
8438 1 966 423 1079 593 0
8439 1 966 423 1087 586 0
8440 1 966 423 1087 595 0
8441 1 973 434 1090 600 0
8442 1 977 443 1097 611 0
8443 1 985 449 1103 618 0
8444 1 993 454 1112 618 0
8445 1 997 454 1115 618 0
8446 1 997 452 1115 616 0
8447 1 999 451 1117 616 0
8448 1 1000 450 1117 615 0
8449 1 1002 449 1118 614 0
8450 1 1003 448 1118 614 0
8451 1 1005 447 1120 613 0
8452 1 1006 446 1120 612 0
8453 1 1031 446 1147 610 0
8454 1 1098 435 1204 599 0
8455 1 1186 423 1288 581 0
8456 1 1303 397 1403 558 0
8457 1 1406 379 1518 531 0
8458 1 1528 353 1631 505 0
8459 1 1659 310 1743 481 0
8460 1 1753 276 1866 439 0
8461 1 1835 168 1917 371 0
8485 1 1903 177 1918 286 0
8486 1 1894 169 1918 286 0
8487 1 1885 161 1918 286 0
8488 1 1873 159 1918 291 0
8489 1 1860 157 1918 295 0
8490 1 1848 155 1918 300 0
8491 1 1842 155 1918 300 0
8492 1 1832 155 1918 300 0
8493 1 1819 147 1901 290 0
8494 1 1811 147 1886 294 0
8495 1 1798 172 1876 318 0
8496 1 1787 190 1863 335 0
8497 1 1770 212 1842 355 0
8498 1 1749 225 1824 377 0
8499 1 1728 242 1806 394 0
8500 1 1709 260 1785 411 0
8501 1 1684 260 1762 412 0
8502 1 1647 278 1729 434 0
8503 1 1590 311 1681 494 0
8504 1 1492 382 1575 548 0
8505 1 1392 431 1482 608 0
8506 1 1308 470 1409 681 0
8507 1 1279 514 1373 668 0
8508 1 1264 531 1360 675 0
8509 1 1246 529 1338 665 0
8510 1 1222 510 1318 656 0
8511 1 1203 509 1298 651 0
8512 1 1173 509 1268 651 0
8513 1 1152 509 1243 643 0
8514 1 1134 496 1221 630 0
8515 1 1112 469 1207 609 0
8516 1 1112 445 1199 581 0
8517 1 1117 428 1204 564 0
8518 1 1131 424 1221 555 0
8519 1 1150 397 1234 532 0
8520 1 1157 369 1238 509 0
8521 1 1157 318 1239 483 0
8522 1 1149 265 1222 418 0
8523 1 1128 206 1197 339 0
8524 1 1101 128 1182 294 0
8525 1 1076 64 1153 226 0
8526 1 1003 0 1095 130 0
8527 1 872 0 961 130 0
8528 1 720 1 837 105 0
8529 1 597 1 740 94 0
8530 1 524 1 640 132 0
8531 1 439 1 561 132 0
8532 1 387 1 535 132 0
8533 1 360 1 503 157 0
8534 1 335 45 480 187 0
8535 1 311 81 457 205 0
8536 1 289 107 435 220 0
8537 1 289 116 423 243 0
8538 1 289 126 423 249 0
8539 1 289 136 423 254 0
8540 1 289 166 421 272 0
8541 1 278 207 413 300 0
8542 1 244 233 381 329 0
8543 1 215 244 342 375 0
8544 1 157 273 282 425 0
8545 1 85 333 220 481 0
8546 1 61 385 192 500 0
8547 1 41 401 156 521 0
8548 1 2 445 122 548 0
8549 1 2 487 105 591 0
8550 1 0 569 49 639 0
8551 1 0 633 33 703 0
