146 1 8 175 96 293 0
147 1 106 210 194 328 0
148 1 228 256 325 363 0
149 1 311 280 439 401 0
150 1 422 313 532 426 0
151 1 515 325 625 438 0
152 1 573 324 696 455 0
153 1 590 324 729 458 0
154 1 594 321 733 455 0
155 1 556 313 695 447 0
156 1 485 290 624 424 0
157 1 403 276 542 410 0
158 1 322 266 461 400 0
159 1 242 252 381 386 0
160 1 175 261 314 387 0
290 1 1584 91 1744 410 1
291 1 1590 91 1806 444 1
292 1 1629 110 1824 451 1
293 1 1661 144 1848 472 1
294 1 1686 202 1843 495 1
295 1 1712 245 1835 511 1
296 1 1712 329 1827 510 1
297 1 1682 383 1787 524 0
305 1 945 144 1213 352 0
306 1 923 133 1231 360 0
307 1 907 150 1233 380 0
308 1 884 162 1194 398 0
309 1 878 162 1184 390 0
310 1 863 146 1186 404 0
311 1 859 151 1187 407 0
312 1 808 152 1165 420 0
313 1 812 139 1154 421 0
314 1 818 139 1172 431 0
315 1 800 140 1216 455 0
316 1 833 143 1251 455 0
317 1 886 149 1329 494 0
318 1 963 199 1389 524 0
319 1 1200 222 1484 519 0
320 1 1394 126 1647 485 0
321 1 1571 86 1821 431 0
322 1 1744 53 1912 399 0
342 1 1736 248 1914 471 1
343 1 1598 258 1859 481 1
344 1 1491 258 1765 479 1
345 1 1404 247 1681 471 1
346 1 1324 229 1619 466 1
347 1 1245 218 1543 457 1
348 1 1165 235 1455 466 1
349 1 1083 208 1391 456 1
350 1 1009 215 1309 439 1
351 1 955 216 1242 455 1
352 1 870 211 1150 456 1
353 1 776 215 1081 463 1
354 1 710 211 1006 482 1
355 1 637 215 925 500 1
357 1 465 211 790 536 1
358 1 406 229 722 554 1
359 1 338 231 654 556 1
360 1 295 235 611 560 1
361 1 234 229 550 588 1
362 1 191 232 507 591 1
363 1 130 231 446 603 1
364 1 85 227 412 616 1
365 1 32 266 359 655 1
366 1 22 316 320 685 1
367 1 22 345 283 739 1
368 1 4 345 263 754 1
369 1 4 345 238 775 1
370 1 4 351 238 794 1
371 1 4 358 238 814 1
372 1 4 358 219 843 0
373 1 4 358 210 852 0
374 1 4 358 196 879 0
375 1 4 358 179 916 0
376 1 4 496 148 963 0
377 1 4 600 131 996 0
702 1 4 15 63 390 0
703 1 4 11 96 367 0
704 1 4 6 131 355 0
705 1 6 3 169 328 0
706 1 6 3 210 301 0
707 1 6 3 235 288 0
708 1 27 3 261 288 0
709 1 43 3 285 288 0
710 1 68 3 316 288 0
711 1 79 3 325 316 0
712 1 93 3 358 338 0
713 1 108 3 369 345 0
714 1 120 3 378 345 0
715 1 126 3 387 351 0
716 1 131 3 387 351 0
717 1 131 3 396 351 0
718 1 141 3 404 351 0
719 1 145 3 412 351 0
720 1 148 3 412 351 0
721 1 151 3 412 351 0
722 1 151 3 412 363 0
723 1 143 3 397 363 0
724 1 128 3 389 388 0
725 1 110 9 371 415 0
726 1 87 30 348 436 0
727 1 62 55 323 451 0
728 1 29 86 290 482 0
729 1 10 96 252 492 0
730 1 4 119 211 507 0
731 1 4 150 167 527 0
732 1 4 150 131 527 0
733 1 4 165 90 548 0
973 1 1784 219 1873 393 1
974 1 1760 200 1896 408 1
975 1 1733 175 1872 396 1
976 1 1691 166 1840 390 1
977 1 1640 139 1792 358 1
978 1 1597 130 1754 355 1
979 1 1544 128 1706 376 0
980 1 1492 141 1660 386 0
981 1 1455 166 1623 395 0
982 1 1398 183 1564 422 0
983 1 1325 207 1495 455 0
984 1 1240 227 1416 478 0
985 1 1163 256 1339 507 0
986 1 1098 280 1284 541 0
987 1 1049 301 1235 557 0
988 1 1004 322 1186 572 0
989 1 961 316 1131 567 0
990 1 913 313 1092 563 0
991 1 866 292 1048 543 0
992 1 844 296 1028 552 0
993 1 815 300 1012 551 0
994 1 807 296 997 559 0
995 1 780 298 970 556 0
996 1 733 295 941 553 0
997 1 711 285 911 551 0
998 1 690 277 890 543 0
999 1 675 263 877 534 0
1000 1 648 260 861 521 0
1001 1 637 238 848 510 0
1002 1 629 216 844 491 0
1003 1 618 206 845 473 0
1004 1 627 168 850 449 0
1005 1 629 160 868 431 0
1006 1 637 136 882 412 0
1007 1 652 107 888 365 0
1008 1 648 82 900 341 0
1009 1 666 62 917 317 0
1010 1 650 66 901 309 0
1011 1 632 56 898 306 0
1012 1 636 28 910 302 0
1013 1 626 41 904 297 0
1014 1 621 45 881 308 0
1015 1 600 43 872 317 0
1016 1 582 38 853 318 0
1017 1 574 25 852 305 0
1018 1 562 24 842 312 0
1019 1 536 17 824 315 0
1020 1 511 28 805 302 0
1021 1 483 22 773 323 0
1022 1 446 22 746 346 0
1023 1 416 14 716 362 0
1024 1 379 28 685 371 0
1025 1 350 27 648 392 0
1026 1 322 25 636 387 0
1027 1 276 24 604 393 0
1028 1 255 9 588 403 0
1029 1 253 20 588 448 1
1030 1 250 17 568 448 1
1031 1 230 22 560 455 1
1032 1 200 6 532 464 1
1033 1 173 17 519 483 1
1034 1 160 14 493 509 1
1035 1 136 11 490 522 1
1036 1 112 17 473 548 1
1037 1 98 16 460 561 1
1038 1 67 12 442 552 1
1039 1 59 6 429 537 1
1040 1 45 6 396 537 1
1041 1 25 6 386 550 1
1042 1 5 6 375 562 1
1043 1 5 6 356 572 1
1044 1 5 6 322 572 1
1045 1 5 6 317 572 1
1046 1 5 6 298 623 1
1047 1 5 14 289 665 1
1048 1 5 14 266 665 1
1049 1 5 76 253 746 0
1050 1 5 101 260 780 0
1051 1 5 123 251 806 0
1052 1 5 153 256 848 0
1053 1 5 173 270 868 0
1054 1 5 188 293 867 0
1055 1 5 188 310 867 0
1056 1 5 201 322 886 0
1057 1 5 201 335 900 0
1058 1 5 201 347 923 0
1059 1 5 201 350 923 0
1060 1 5 201 352 923 0
1061 1 5 201 355 923 0
1062 1 5 201 358 923 0
1063 1 5 201 361 923 0
1064 1 5 201 364 923 0
1065 1 5 201 366 923 0
1066 1 5 201 369 923 0
1067 1 5 201 372 923 0
1068 1 5 184 367 918 0
1069 1 5 167 362 914 0
1070 1 5 149 357 909 0
1071 1 5 149 341 903 0
1072 1 5 149 328 917 0
1073 1 5 138 306 917 0
1074 1 5 138 285 917 0
1075 1 5 138 270 917 0
1076 1 5 138 253 929 0
1077 1 5 138 239 950 0
1078 1 5 138 228 956 0
1079 1 5 175 214 962 0
1080 1 5 190 214 962 0
1081 1 5 205 203 992 0
1082 1 5 205 194 1007 0
1083 1 5 229 204 1014 0
1084 1 5 229 204 1023 0
1085 1 5 236 193 1037 0
1086 1 5 242 183 1050 0
1087 1 5 242 183 1050 0
1088 1 5 242 174 1051 0
1089 1 5 242 164 1053 0
1090 1 5 242 153 1064 0
1091 1 5 277 134 1065 0
1092 1 5 307 120 1076 0
1093 1 5 307 93 1076 0
1094 1 5 307 74 1076 0
1095 1 5 307 63 1076 0
1183 1 3 217 65 1058 0
1184 1 3 222 76 1046 0
1185 1 3 222 90 1058 0
1186 1 3 222 86 1060 0
1187 1 3 231 86 1060 0
1188 1 3 231 93 1060 0
1189 1 3 231 102 1060 0
1190 1 3 231 95 1060 1
1191 1 3 231 90 1044 1
1192 1 3 231 86 940 1
1193 1 3 231 76 928 1
1317 1 3 420 90 805 0
1318 1 5 404 157 766 0
1319 1 12 374 240 732 0
1320 1 47 360 303 743 0
1321 1 97 342 344 735 0
1322 1 135 325 388 723 0
1323 1 168 307 427 706 0
1324 1 191 282 457 707 0
1325 1 212 273 483 697 0
1326 1 240 278 506 695 0
1327 1 260 256 534 698 0
1328 1 274 256 562 684 0
1329 1 287 248 585 679 0
1330 1 300 244 603 686 0
1331 1 320 242 636 677 0
1332 1 342 232 659 663 0
1333 1 364 220 682 665 0
1334 1 378 198 707 656 1
1335 1 387 203 727 647 1
1336 1 416 238 758 634 1
1337 1 424 234 754 628 1
1338 1 409 212 757 653 1
1339 1 416 246 746 644 1
1340 1 420 256 742 654 1
1341 1 414 270 744 662 1
1342 1 408 300 740 686 1
1343 1 410 302 734 686 1
1344 1 404 304 736 688 1
1345 1 408 314 738 696 1
1346 1 408 316 738 696 1
1347 1 406 316 742 698 1
1348 1 408 316 758 705 1
1349 1 404 314 774 691 0
1350 1 398 308 765 714 0
1351 1 396 306 751 714 0
1352 1 394 304 738 728 0
1353 1 386 306 737 755 0
1354 1 395 279 737 775 0
1355 1 388 306 747 776 0
1356 1 400 291 751 804 0
1357 1 400 336 751 799 0
1358 1 396 330 749 802 0
1359 1 378 332 749 795 0
1360 1 386 340 725 808 0
1361 1 356 302 725 792 0
1362 1 354 284 717 792 0
1363 1 356 268 703 788 0
1364 1 340 274 697 786 0
1365 1 331 272 701 772 0
1366 1 318 229 705 762 0
1367 1 344 240 712 760 0
1368 1 346 215 719 751 0
1369 1 349 196 732 753 0
1370 1 352 194 751 744 0
1371 1 370 182 760 728 0
1372 1 375 178 770 719 0
1373 1 379 145 771 713 0
1374 1 382 160 774 691 0
1375 1 379 125 774 681 0
1376 1 379 113 764 683 0
1377 1 375 118 756 677 0
1378 1 368 113 746 674 0
1379 1 363 120 741 672 0
1380 1 359 111 733 660 0
1381 1 345 83 721 637 0
1382 1 350 88 717 619 0
1383 1 335 37 704 575 0
1384 1 333 14 689 541 0
1385 1 319 14 677 506 0
1386 1 301 14 659 483 0
1387 1 271 4 629 426 0
1388 1 255 4 601 403 0
1389 1 231 4 568 350 0
1390 1 206 4 541 325 0
1391 1 183 4 501 295 0
1392 1 151 4 469 278 0
1393 1 132 4 441 237 0
1394 1 109 4 418 228 0
1395 1 90 4 388 228 0
1396 1 72 4 356 214 0
1397 1 44 4 330 214 0
1398 1 21 4 302 237 0
1399 1 5 4 275 237 0
1400 1 5 4 236 237 0
1401 1 5 4 217 237 0
1402 1 5 4 199 237 0
1403 1 5 4 182 237 0
1404 1 5 4 169 242 0
1405 1 5 4 160 245 0
1406 1 5 4 152 248 0
1407 1 5 4 154 248 0
1408 1 5 4 155 248 0
1409 1 5 4 157 248 0
1410 1 5 4 159 248 0
1411 1 5 4 160 248 0
1412 1 5 4 162 248 0
1413 1 5 4 176 248 0
1414 1 5 4 192 225 0
1415 1 5 4 199 214 0
1416 1 5 4 206 202 0
1417 1 5 4 222 202 0
1418 1 5 4 240 195 0
1419 1 12 4 250 183 0
1420 1 19 4 259 170 0
1421 1 35 4 268 170 0
1422 1 49 4 280 154 0
1423 1 72 4 286 131 0
1424 1 72 4 300 124 0
1425 1 97 4 309 105 0
1433 1 180 2 396 119 0
1434 1 167 4 402 135 0
1435 1 171 4 411 153 0
1436 1 183 4 427 177 0
1437 1 192 4 439 189 0
1438 1 202 4 451 199 0
1439 1 206 4 451 215 0
1440 1 208 4 456 210 0
1441 1 204 2 453 238 0
1442 1 200 4 472 237 0
1443 1 198 2 466 215 0
1444 1 192 4 464 217 0
1445 1 192 4 460 237 0
1446 1 192 4 454 237 0
1447 1 192 4 449 237 0
1448 1 192 4 444 237 0
1449 1 192 4 440 242 0
1450 1 192 4 436 246 0
1451 1 192 4 432 251 0
1452 1 187 4 431 251 0
1453 1 183 4 431 251 0
1454 1 178 4 429 251 0
1455 1 174 4 429 251 0
1456 1 169 4 427 251 0
1457 1 162 4 409 251 0
1458 1 151 4 400 251 0
1459 1 137 4 388 251 0
1460 1 125 4 376 251 0
1461 1 118 4 362 251 0
1462 1 112 4 354 245 0
1463 1 107 4 347 239 0
1464 1 107 4 347 237 0
1465 1 107 4 347 235 0
1466 1 107 4 347 228 0
1467 1 107 4 347 224 0
1468 1 107 4 347 221 0
1469 1 104 4 346 221 0
1470 1 102 4 346 221 0
1471 1 100 4 347 221 0
1472 1 97 4 346 221 0
1473 1 95 4 346 221 0
1474 1 93 4 347 221 0
1475 1 90 4 346 221 0
1476 1 88 4 346 221 0
1477 1 86 4 347 221 0
1478 1 82 4 340 231 0
1479 1 79 4 335 242 0
1480 1 76 4 335 242 0
1481 1 73 4 335 242 0
1482 1 70 4 335 242 0
1483 1 53 4 316 269 0
1484 1 12 4 289 306 0
1485 1 12 4 243 339 0
1486 1 5 4 173 424 0
1487 1 5 28 90 427 0
1534 1 3 143 60 639 1
1535 1 3 134 70 649 0
1536 1 3 148 67 667 0
1631 1 5 397 97 570 0
1632 1 3 383 125 549 0
1633 1 5 368 152 507 0
1634 1 17 354 174 506 0
1635 1 43 342 198 488 0
1636 1 70 330 223 470 0
1637 1 97 317 248 451 0
1638 1 123 309 270 438 0
1639 1 146 288 294 410 0
1640 1 155 279 293 406 0
1641 1 181 236 310 367 0
1642 1 197 189 324 334 0
1643 1 194 169 339 291 0
1644 1 215 125 379 249 0
1645 1 264 99 425 226 0
1646 1 310 108 467 239 0
1647 1 338 97 522 233 0
1648 1 370 113 534 233 0
1649 1 409 129 556 251 0
1650 1 430 141 575 261 0
1651 1 453 155 605 289 0
1652 1 483 136 642 291 0
1653 1 516 169 691 293 0
1654 1 555 162 728 289 0
1655 1 594 166 755 292 0
1656 1 619 160 777 292 0
1657 1 642 158 794 284 0
1658 1 645 146 801 280 0
1659 1 670 146 820 276 0
1660 1 694 144 842 276 0
1661 1 698 142 848 273 0
1662 1 708 146 856 277 0
1663 1 718 154 868 294 0
1664 1 726 162 872 298 0
1665 1 732 158 880 300 0
1666 1 748 156 900 292 0
1667 1 756 144 930 284 0
1668 1 771 136 963 282 0
1669 1 817 131 997 265 0
1670 1 851 105 1035 253 0
1671 1 872 96 1062 242 0
1672 1 914 90 1090 243 0
1673 1 939 78 1122 240 0
1674 1 959 74 1167 245 0
1675 1 980 74 1185 244 0
1676 1 998 67 1214 247 0
1677 1 1036 67 1243 263 0
1678 1 1036 69 1248 263 0
1679 1 1050 74 1268 288 0
1680 1 1056 85 1277 315 0
1681 1 1063 99 1303 327 0
1682 1 1092 111 1336 341 0
1683 1 1124 138 1373 396 0
1684 1 1156 145 1412 422 0
1685 1 1198 148 1454 432 0
1686 1 1246 145 1498 433 0
1687 1 1304 136 1556 441 0
1688 1 1359 122 1620 433 0
1689 1 1426 111 1682 422 0
1690 1 1468 99 1754 422 0
1691 1 1514 82 1795 407 0
1692 1 1566 67 1849 395 0
1693 1 1634 64 1888 407 0
1694 1 1655 39 1911 387 0
1695 1 1683 11 1911 376 0
1696 1 1697 11 1911 357 0
1697 1 1722 21 1913 397 0
1698 1 1745 30 1913 397 0
1699 1 1766 51 1913 420 0
1700 1 1780 55 1914 420 0
1701 1 1798 55 1913 420 0
1702 1 1814 58 1913 434 0
1703 1 1833 58 1913 434 0
1704 1 1837 58 1913 434 0
1705 1 1863 58 1913 434 0
1741 1 1863 319 1916 654 0
1742 1 1768 327 1904 651 0
1743 1 1697 335 1858 667 0
1744 1 1639 328 1826 648 0
1745 1 1609 321 1816 653 0
1746 1 1597 314 1800 642 0
1747 1 1581 307 1800 651 0
1748 1 1604 312 1793 649 0
1749 1 1581 305 1779 637 0
1750 1 1572 298 1759 635 0
1751 1 1553 300 1747 642 0
1752 1 1542 314 1733 646 0
1753 1 1528 326 1722 649 0
1754 1 1509 330 1716 665 0
1755 1 1506 353 1710 676 0
1756 1 1500 358 1705 679 0
1757 1 1487 370 1694 697 0
1758 1 1474 372 1676 699 0
1759 1 1460 372 1664 697 0
1760 1 1454 367 1650 695 0
1761 1 1453 368 1652 702 0
1762 1 1461 373 1655 674 0
1763 1 1463 366 1652 667 0
1764 1 1474 349 1652 656 0
1765 1 1471 342 1652 640 0
1766 1 1480 370 1656 654 0
1767 1 1490 388 1660 667 0
1768 1 1480 395 1658 674 0
1769 1 1490 401 1659 678 0
1770 1 1491 408 1662 688 0
1771 1 1488 406 1662 691 0
1772 1 1490 411 1661 700 0
1773 1 1498 438 1665 678 0
1774 1 1500 427 1669 708 0
1775 1 1522 430 1678 714 0
1776 1 1554 430 1703 702 0
1777 1 1586 420 1733 699 0
1778 1 1630 418 1768 688 0
1779 1 1668 406 1794 677 0
1780 1 1704 388 1831 661 0
1781 1 1734 376 1863 635 0
1782 1 1774 365 1893 626 0
1783 1 1790 364 1914 621 0
1784 1 1833 346 1913 620 0
1785 1 1839 326 1914 604 0
1786 1 1844 305 1913 586 0
1787 1 1851 284 1913 586 0
1788 1 1856 292 1913 586 0
1789 1 1861 300 1914 586 0
1790 1 1861 321 1914 586 0
1791 1 1840 321 1913 586 0
1792 1 1817 333 1914 610 0
1793 1 1789 342 1913 616 0
1794 1 1766 342 1902 621 0
1795 1 1731 349 1867 628 0
1796 1 1692 358 1828 637 0
1797 1 1657 351 1793 630 0
1798 1 1602 365 1738 644 0
1799 1 1544 377 1698 663 0
1800 1 1482 381 1664 688 0
1801 1 1449 386 1633 728 0
1802 1 1419 381 1617 743 0
1803 1 1389 370 1617 730 0
1804 1 1408 358 1627 718 0
1805 1 1456 342 1654 660 0
1806 1 1526 307 1703 605 0
1807 1 1599 279 1776 595 0
1808 1 1678 247 1855 575 0
1809 1 1724 206 1913 552 0
1810 1 1810 173 1913 503 0
3339 1 1593 225 1613 307 0
3340 1 1591 225 1616 314 0
3341 1 1609 223 1639 313 0
3342 1 1635 226 1669 322 0
3343 1 1663 233 1696 320 0
3344 1 1684 240 1749 320 0
3345 1 1707 240 1753 324 0
3346 1 1728 258 1774 345 0
3347 1 1748 276 1793 366 0
3348 1 1764 293 1810 377 0
3349 1 1783 306 1828 394 0
3350 1 1799 312 1845 411 0
3351 1 1814 322 1859 410 0
3352 1 1827 325 1873 416 0
3353 1 1841 326 1890 418 0
3354 1 1864 325 1909 411 0
4920 1 1768 401 1843 487 0
4921 1 1592 433 1664 517 0
4922 1 1421 465 1489 538 0
4923 1 1293 485 1349 559 0
4924 1 1211 490 1275 565 0
4925 1 1175 495 1231 565 0
4926 1 1156 498 1208 572 0
4927 1 1147 506 1195 577 0
4928 1 1155 512 1195 582 0
4929 1 1179 516 1200 582 0
