2785 1 1783 72 1812 118 0
2786 1 1791 152 1820 202 0
2787 1 1792 225 1821 280 0
2788 1 1789 289 1813 349 0
2789 1 1780 355 1802 412 0
2790 1 1765 412 1792 471 0
2791 1 1754 465 1779 523 0
2792 1 1736 516 1764 567 0
2793 1 1710 560 1744 614 0
2794 1 1686 595 1718 644 0
2795 1 1660 624 1694 676 0
2796 1 1626 659 1663 712 0
2797 1 1596 696 1631 747 0
2798 1 1555 720 1594 771 0
2799 1 1513 746 1552 795 0
2800 1 1462 761 1503 809 0
2801 1 1414 777 1453 820 0
2802 1 1369 791 1412 831 0
2803 1 1336 805 1376 845 0
2804 1 1309 819 1349 858 0
2805 1 1289 828 1329 870 0
2806 1 1276 838 1309 874 0
2807 1 1258 846 1293 887 0
2808 1 1248 852 1281 887 0
2809 1 1244 853 1272 889 0
2810 1 1237 854 1267 892 0
2811 1 1234 853 1261 887 0
2812 1 1227 851 1258 884 0
2813 1 1223 844 1251 877 0
2814 1 1219 837 1246 870 0
2815 1 1216 827 1245 861 0
2816 1 1220 812 1248 845 0
2817 1 1239 787 1267 821 0
2818 1 1278 748 1313 788 0
2819 1 1340 693 1376 738 0
2820 1 1420 636 1451 674 0
2821 1 1503 570 1532 607 0
2822 1 1574 506 1603 542 0
2823 1 1635 439 1663 482 0
2824 1 1683 386 1712 425 0
2825 1 1719 341 1747 380 0
2826 1 1751 311 1781 350 0
2827 1 1780 294 1809 332 0
2828 1 1801 281 1833 318 0
2829 1 1822 271 1852 310 0
2830 1 1838 262 1865 298 0
2831 1 1849 246 1875 287 0
2832 1 1850 232 1878 272 0
2833 1 1852 217 1880 255 0
2834 1 1849 200 1874 237 0
2835 1 1841 186 1866 221 0
2836 1 1832 168 1855 204 0
2837 1 1815 150 1841 188 0
2838 1 1797 131 1826 166 0
2839 1 1779 110 1805 145 0
2840 1 1756 88 1782 126 0
2841 1 1730 64 1754 101 0
2842 1 1700 40 1727 79 0
2843 1 1673 17 1698 53 0
2844 1 1644 0 1671 37 0
2865 1 1020 0 1054 38 0
2866 1 994 14 1029 56 0
2867 1 964 34 1000 75 0
2868 1 934 52 969 91 0
2869 1 904 64 939 105 0
2870 1 873 79 914 119 0
2871 1 849 89 886 129 0
2872 1 824 101 862 142 0
2873 1 801 111 835 153 0
2874 1 780 123 813 164 0
2875 1 758 135 792 175 0
2876 1 737 143 769 185 0
2877 1 716 150 749 192 0
2878 1 687 154 720 197 0
2879 1 656 161 689 205 0
2880 1 635 163 669 210 0
2881 1 619 157 651 200 0
2882 1 602 140 633 180 0
2883 1 576 123 607 167 0
2884 1 530 111 563 152 0
2885 1 472 110 504 153 0
2886 1 403 107 439 150 0
2887 1 330 105 368 146 0
2888 1 261 97 295 139 0
2889 1 199 91 237 136 0
2890 1 149 93 180 134 0
2891 1 110 94 140 135 0
2892 1 80 97 112 139 0
2893 1 59 98 86 140 0
2894 1 39 95 69 139 0
2895 1 28 94 59 134 0
2896 1 22 91 54 130 0
2897 1 16 83 52 125 0
2898 1 14 75 46 118 0
2899 1 10 66 45 109 0
2900 1 5 56 40 98 0
2901 1 1 47 33 90 0
2902 1 0 46 26 84 0
2903 1 0 42 18 79 0
2904 1 0 42 15 70 0
2929 1 319 131 348 166 0
2930 1 320 133 352 172 0
2931 1 323 133 355 170 0
2932 1 325 132 357 169 0
2933 1 327 130 359 166 0
2934 1 325 131 357 169 0
2935 1 326 134 357 171 0
2936 1 330 135 359 171 0
2937 1 334 133 364 173 0
2938 1 337 131 368 166 0
2939 1 333 125 366 161 0
2940 1 327 119 358 155 0
2941 1 315 116 345 153 0
2942 1 298 114 329 150 0
2943 1 273 113 305 151 0
2944 1 243 109 274 145 0
2945 1 204 102 238 142 0
2946 1 166 96 200 134 0
2947 1 133 84 166 123 0
2948 1 102 73 134 109 0
2949 1 80 60 112 100 0
2950 1 60 50 89 92 0
2951 1 46 42 75 74 0
2952 1 32 36 59 66 0
2953 1 21 32 47 64 0
2954 1 13 25 40 57 0
2955 1 9 20 35 53 0
2956 1 6 16 31 48 0
2957 1 4 11 30 39 0
2958 1 4 6 31 36 0
2959 1 7 3 35 35 0
2960 1 13 2 41 32 0
2961 1 23 0 50 30 0
2962 1 27 0 67 26 0
2963 1 30 0 73 24 0
2964 1 37 0 72 21 0
2965 1 41 0 75 17 0
2966 1 41 0 75 17 0
5103 1 35 199 66 231 0
5104 1 64 177 97 211 0
5105 1 92 158 128 192 0
5106 1 124 141 159 181 0
5107 1 152 129 187 165 0
5108 1 179 119 212 158 0
5109 1 202 107 237 144 0
5110 1 227 95 262 135 0
5111 1 249 82 284 121 0
5112 1 269 65 303 106 0
5113 1 292 47 328 86 0
5114 1 316 24 356 66 0
5115 1 350 2 387 39 0
5348 1 76 194 104 224 0
5349 1 96 181 125 212 0
5350 1 118 165 145 195 0
5351 1 137 139 164 171 0
5352 1 152 111 183 142 0
5353 1 175 81 200 112 0
5354 1 200 49 221 80 0
5355 1 222 19 244 50 0
5356 1 242 0 265 23 0
6324 1 27 372 68 419 0
6325 1 107 347 147 388 0
6326 1 179 318 220 359 0
6327 1 252 292 293 336 0
6328 1 319 274 359 314 0
6329 1 383 254 420 294 0
6330 1 435 238 474 281 0
6331 1 484 222 522 261 0
6332 1 526 203 561 242 0
6333 1 568 180 603 223 0
6334 1 614 159 645 198 0
6335 1 651 146 684 182 0
6336 1 675 132 710 166 0
6337 1 696 123 734 161 0
6338 1 712 117 745 151 0
6339 1 719 107 751 142 0
6340 1 726 100 757 135 0
6341 1 730 93 760 129 0
6342 1 730 86 762 121 0
6343 1 731 77 763 112 0
6344 1 731 74 762 108 0
6345 1 730 71 763 106 0
6346 1 733 70 765 105 0
6347 1 740 64 771 100 0
6348 1 748 54 782 90 0
6349 1 757 43 790 78 0
6350 1 763 29 797 64 0
6351 1 766 16 799 51 0
6352 1 764 4 795 38 0
6353 1 755 0 788 23 0
6434 1 1382 12 1429 57 0
6435 1 1403 69 1436 112 0
6436 1 1405 127 1441 174 0
6437 1 1404 181 1442 224 0
6438 1 1397 231 1433 276 0
6439 1 1370 281 1419 327 0
6440 1 1353 327 1399 369 0
6441 1 1333 370 1379 405 0
6442 1 1303 402 1357 443 0
6443 1 1294 431 1334 469 0
6444 1 1272 446 1315 482 0
6445 1 1244 446 1289 478 0
6446 1 1212 443 1260 479 0
6447 1 1177 425 1224 467 0
6448 1 1133 393 1179 431 0
6449 1 1079 344 1122 382 0
6450 1 1012 283 1054 325 0
6451 1 940 227 986 266 0
6452 1 855 172 901 213 0
6453 1 755 122 805 164 0
6454 1 645 76 702 114 0
6455 1 544 43 592 76 0
6456 1 445 9 495 45 0
6457 1 361 1 401 22 0
6458 1 286 1 320 15 0
6463 1 69 1 108 32 0
6464 1 47 5 85 44 0
6465 1 23 20 53 58 0
6466 1 0 30 29 76 0
7020 1 0 182 23 245 0
7021 1 0 148 38 215 0
7022 1 10 116 60 180 0
7023 1 33 86 85 156 0
7024 1 65 57 122 123 0
7025 1 117 28 166 92 0
7026 1 191 1 243 65 0
7032 1 1186 1 1280 61 0
7033 1 1360 28 1464 112 0
7034 1 1532 76 1618 172 0
7035 1 1673 142 1753 230 0
7036 1 1803 209 1863 291 0
7201 1 1611 0 1664 41 0
7202 1 1522 9 1574 73 0
7203 1 1428 43 1486 105 0
7204 1 1339 90 1397 143 0
7205 1 1244 119 1301 179 0
7206 1 1145 152 1205 216 0
7207 1 1050 190 1109 250 0
7208 1 951 217 1014 277 0
7209 1 849 233 909 281 0
7210 1 735 239 792 289 0
7211 1 632 234 687 282 0
7212 1 526 219 585 269 0
7213 1 444 198 497 247 0
7214 1 374 177 425 229 0
7215 1 314 158 361 207 0
7216 1 264 146 310 200 0
7217 1 215 141 259 188 0
7218 1 170 143 213 192 0
7219 1 124 155 170 204 0
7220 1 90 170 130 219 0
7221 1 56 186 99 237 0
7222 1 28 200 68 250 0
7223 1 6 210 45 258 0
7224 1 0 225 19 267 0
7247 1 0 255 20 314 0
7248 1 1 248 41 300 0
7249 1 13 242 54 295 0
7250 1 20 240 62 298 0
7251 1 20 242 62 294 0
7252 1 16 242 59 295 0
7253 1 13 244 53 297 0
7254 1 11 243 51 294 0
7255 1 11 237 51 290 0
7256 1 13 228 53 283 0
7257 1 15 215 55 273 0
7258 1 23 199 62 257 0
7259 1 29 185 67 243 0
7260 1 39 167 77 220 0
7261 1 52 142 90 200 0
7262 1 60 135 98 191 0
7263 1 63 138 99 196 0
7264 1 67 131 103 193 0
7265 1 80 110 118 168 0
7266 1 95 89 133 147 0
7267 1 108 72 148 130 0
7268 1 123 47 163 104 0
7269 1 139 24 180 81 0
7270 1 153 6 194 61 0
7271 1 166 1 211 50 0
7272 1 176 1 219 39 0
7273 1 187 1 228 26 0
8623 1 1496 0 1536 30 0
8624 1 1531 14 1569 59 0
8625 1 1562 42 1600 90 0
8626 1 1592 67 1631 114 0
8627 1 1620 89 1659 136 0
8628 1 1645 108 1683 156 0
8629 1 1666 125 1704 169 0
8630 1 1685 137 1721 182 0
8631 1 1700 152 1735 196 0
8632 1 1710 172 1744 218 0
8633 1 1713 190 1747 237 0
8634 1 1712 210 1747 256 0
8635 1 1710 224 1747 270 0
8636 1 1710 233 1747 277 0
8637 1 1715 235 1752 279 0
8638 1 1722 236 1762 280 0
8639 1 1733 237 1770 281 0
8640 1 1740 239 1776 282 0
8641 1 1743 242 1777 285 0
8642 1 1743 243 1780 285 0
8643 1 1744 240 1782 283 0
8644 1 1746 232 1779 274 0
8645 1 1745 220 1777 261 0
8646 1 1737 203 1771 243 0
8647 1 1725 179 1758 221 0
8648 1 1698 153 1737 195 0
8649 1 1687 132 1716 172 0
8650 1 1671 111 1700 151 0
8651 1 1654 95 1686 136 0
8652 1 1640 81 1673 121 0
8653 1 1628 66 1657 107 0
8654 1 1608 50 1642 92 0
8655 1 1582 38 1626 80 0
8656 1 1574 26 1613 68 0
8657 1 1566 18 1603 62 0
8658 1 1553 10 1592 52 0
8659 1 1541 2 1583 41 0
8660 1 1534 0 1570 33 0
8661 1 1529 0 1549 18 0
8680 1 1752 1 1791 35 0
8681 1 1733 41 1771 80 0
8682 1 1694 73 1734 114 0
8683 1 1646 105 1691 150 0
8684 1 1599 145 1648 187 0
8685 1 1562 185 1606 225 0
8686 1 1522 217 1569 259 0
8687 1 1490 249 1534 285 0
8688 1 1460 273 1505 320 0
8689 1 1441 299 1481 336 0
8690 1 1429 328 1470 376 0
8691 1 1424 351 1465 394 0
8692 1 1431 372 1473 414 0
8693 1 1460 387 1502 427 0
8694 1 1507 399 1547 441 0
8695 1 1578 416 1619 455 0
8696 1 1674 440 1713 481 0
8697 1 1789 473 1825 510 0
8724 1 1684 458 1723 500 0
8725 1 1622 434 1667 479 0
8726 1 1611 427 1657 473 0
8727 1 1601 419 1649 467 0
8728 1 1645 424 1694 467 0
8729 1 1723 445 1766 485 0
8730 1 1801 466 1838 503 0
8731 1 1878 481 1914 520 0
8907 1 1164 575 1202 600 0
8908 1 1142 604 1166 624 0
8909 1 1123 622 1148 648 0
8910 1 1105 638 1134 661 0
8911 1 1095 654 1121 680 0
8912 1 1085 675 1112 700 0
8913 1 1078 697 1105 720 0
8914 1 1075 717 1101 742 0
8915 1 1068 737 1095 763 0
8916 1 1064 756 1092 781 0
8917 1 1063 776 1089 801 0
8918 1 1057 787 1085 811 0
8919 1 1053 798 1079 822 0
8920 1 1048 803 1074 829 0
8921 1 1040 800 1065 824 0
8922 1 1036 791 1061 815 0
8923 1 1030 783 1057 808 0
8924 1 1026 785 1053 810 0
8925 1 1020 790 1045 817 0
8926 1 1015 789 1038 814 0
8927 1 1013 783 1034 805 0
8928 1 1011 770 1032 795 0
8929 1 1010 760 1036 786 0
8930 1 1011 755 1036 779 0
8931 1 1016 750 1039 775 0
8932 1 1019 744 1042 770 0
8933 1 1021 741 1045 762 0
8934 1 1025 733 1048 757 0
8935 1 1026 725 1050 746 0
8936 1 1020 711 1046 733 0
8937 1 1011 677 1036 706 0
8938 1 1002 645 1026 672 0
8939 1 988 604 1017 634 0
8940 1 971 567 998 595 0
8941 1 956 526 979 553 0
8942 1 936 482 961 508 0
8943 1 917 438 942 465 0
8944 1 896 397 928 431 0
8945 1 877 367 902 393 0
8946 1 855 339 885 370 0
8947 1 840 310 878 349 0
8948 1 823 289 860 325 0
8949 1 809 263 840 304 0
8950 1 793 245 827 286 0
8951 1 776 230 815 270 0
8952 1 764 221 804 259 0
8953 1 747 214 790 250 0
8954 1 732 198 772 243 0
8955 1 717 195 756 240 0
8956 1 701 192 740 235 0
8957 1 695 192 729 230 0
8958 1 683 186 719 223 0
8959 1 679 183 719 219 0
8960 1 681 175 717 206 0
8961 1 671 161 705 189 0
8962 1 661 152 692 178 0
8963 1 649 147 680 176 0
8964 1 639 152 668 179 0
8965 1 623 162 654 191 0
8966 1 606 177 632 204 0
8967 1 582 194 612 222 0
8968 1 569 210 595 239 0
8969 1 544 234 570 263 0
8970 1 502 265 531 299 0
8971 1 456 319 486 355 0
8972 1 365 376 415 414 0
8973 1 259 445 306 485 0
8974 1 128 516 177 562 0
8975 1 0 597 40 634 0
