0 1 958 743 1108 928 1
0 1 965 750 1112 920 1
1 1 946 754 1106 918 1
2 1 952 746 1102 896 1
3 1 956 740 1100 902 1
4 1 958 723 1112 903 1
5 1 968 720 1110 890 1
6 1 968 714 1112 884 1
7 1 972 710 1114 878 1
8 1 972 706 1114 874 1
9 1 974 704 1116 870 1
10 1 976 700 1120 868 0
11 1 980 698 1120 864 0
12 1 974 704 1128 860 0
13 1 976 702 1132 860 0
14 1 980 698 1134 856 0
15 1 980 694 1136 852 0
16 1 980 690 1134 850 0
17 1 986 680 1132 850 0
18 1 971 649 1135 852 0
19 1 974 674 1146 850 0
20 1 962 643 1151 853 0
21 1 963 635 1147 859 0
22 1 962 636 1155 857 0
23 1 964 632 1157 868 0
24 1 971 644 1163 859 0
25 1 976 641 1169 866 0
26 1 986 650 1173 877 0
27 1 996 654 1175 871 0
28 1 1001 658 1183 878 0
29 1 1012 654 1221 875 0
30 1 1027 658 1209 879 0
31 1 1029 658 1218 881 0
32 1 1047 660 1219 877 0
33 1 1059 647 1225 877 0
34 1 1066 648 1253 872 0
35 1 1077 648 1245 869 0
36 1 1085 637 1267 864 0
37 1 1090 634 1283 855 0
38 1 1107 632 1305 844 0
39 1 1132 610 1306 839 0
40 1 1146 619 1316 829 0
41 1 1143 615 1323 819 0
42 1 1162 605 1328 812 0
43 1 1170 595 1336 810 0
44 1 1176 591 1374 794 0
45 1 1181 579 1373 791 0
46 1 1193 570 1385 786 0
47 1 1218 564 1394 781 0
48 1 1220 561 1403 767 0
49 1 1228 558 1413 770 0
50 1 1248 554 1431 768 0
51 1 1263 548 1453 755 0
52 1 1282 543 1467 753 0
53 1 1298 543 1481 750 0
54 1 1328 529 1488 725 0
55 1 1341 521 1513 735 1
56 1 1347 512 1525 716 1
57 1 1360 500 1543 701 1
58 1 1380 493 1556 697 1
59 1 1389 491 1587 694 1
60 1 1411 481 1603 687 1
61 1 1425 473 1619 668 1
62 1 1446 473 1637 672 1
63 1 1468 469 1669 660 1
64 1 1500 466 1689 661 1
65 1 1527 468 1691 657 1
66 1 1562 460 1719 645 1
67 1 1578 460 1737 645 1
68 1 1609 460 1753 649 1
69 1 1630 453 1771 638 1
70 1 1653 460 1789 637 1
71 1 1678 460 1807 636 1
72 1 1704 474 1822 662 1
73 1 1712 478 1832 664 1
74 1 1722 475 1844 655 1
75 1 1721 475 1841 657 1
76 1 1716 473 1844 663 1
77 1 1694 491 1822 679 1
78 1 1667 482 1797 666 1
79 1 1630 492 1753 680 0
80 1 1566 499 1707 684 0
81 1 1509 495 1647 690 0
82 1 1442 515 1592 695 0
83 1 1399 519 1528 710 0
84 1 1352 530 1473 720 0
85 1 1300 538 1427 727 0
86 1 1250 535 1391 728 0
87 1 1217 538 1350 742 0
88 1 1198 535 1314 741 0
89 1 1160 547 1279 742 0
90 1 1115 532 1235 759 0
91 1 1073 544 1226 737 0
92 1 1029 547 1178 746 0
93 1 981 543 1128 737 0
94 1 922 538 1068 726 0
95 1 853 518 999 719 0
96 1 769 517 918 708 0
97 1 697 506 842 691 0
98 1 625 492 770 685 0
99 1 551 482 696 668 0
100 1 481 477 636 657 0
101 1 415 457 567 651 0
102 1 366 452 515 626 0
103 1 332 455 476 617 0
104 1 269 442 417 606 0
105 1 228 436 372 622 0
106 1 204 429 327 604 0
107 1 178 424 300 607 0
108 1 126 423 258 603 0
109 1 98 428 226 612 0
110 1 50 436 188 607 0
111 1 44 441 142 619 0
112 1 16 445 114 631 0
113 1 0 460 77 632 0
114 1 0 481 43 632 0
330 1 0 509 38 662 1
331 1 0 501 76 650 1
332 1 2 492 96 652 1
333 1 13 486 129 630 1
334 1 49 481 166 622 1
335 1 70 479 192 621 1
336 1 98 469 222 613 1
337 1 126 470 256 614 0
338 1 155 463 281 609 0
339 1 185 467 313 613 0
340 1 215 475 349 627 0
341 1 247 479 383 625 0
342 1 285 474 427 632 0
343 1 332 481 482 633 0
344 1 388 491 524 646 0
345 1 433 499 579 653 0
346 1 480 508 628 658 0
347 1 530 517 674 667 0
348 1 569 522 725 684 0
349 1 618 535 768 694 0
350 1 654 551 820 713 0
351 1 692 559 856 717 0
352 1 740 563 896 721 0
353 1 782 571 936 731 0
354 1 809 577 970 740 0
355 1 853 586 1009 742 0
356 1 892 584 1065 757 0
357 1 909 592 1095 751 0
358 1 945 597 1125 750 0
359 1 972 601 1138 763 0
360 1 997 595 1163 755 0
361 1 1022 586 1176 750 0
362 1 1046 589 1211 745 0
363 1 1063 591 1223 745 0
364 1 1089 578 1253 743 0
365 1 1117 580 1293 749 0
366 1 1147 577 1323 744 0
367 1 1180 577 1348 736 0
368 1 1193 565 1366 737 0
369 1 1233 556 1403 723 0
370 1 1254 548 1423 719 0
371 1 1272 541 1445 713 0
372 1 1312 538 1466 708 0
373 1 1313 519 1483 705 0
374 1 1326 518 1497 693 0
375 1 1347 517 1501 693 0
376 1 1359 525 1525 715 0
377 1 1365 532 1537 715 0
378 1 1376 525 1543 719 0
379 1 1382 527 1546 719 0
380 1 1386 529 1550 711 0
381 1 1388 534 1556 723 0
382 1 1373 546 1568 729 0
383 1 1383 554 1569 739 0
384 1 1387 569 1585 747 0
385 1 1400 571 1578 761 0
386 1 1383 582 1572 772 0
387 1 1379 578 1549 778 0
388 1 1368 578 1534 783 0
389 1 1337 588 1507 782 0
390 1 1330 603 1490 787 0
391 1 1307 606 1465 796 0
392 1 1278 613 1440 805 0
393 1 1265 626 1423 814 0
394 1 1238 630 1404 826 0
395 1 1217 634 1366 837 0
396 1 1184 634 1352 828 0
397 1 1171 634 1311 825 0
398 1 1146 628 1302 829 0
399 1 1130 630 1285 842 0
400 1 1111 643 1259 857 0
401 1 1094 650 1252 861 0
402 1 1094 665 1254 862 0
403 1 1092 670 1251 880 0
404 1 1074 683 1251 889 0
405 1 1074 689 1246 899 0
406 1 1070 708 1238 907 0
407 1 1072 708 1240 907 0
408 1 1073 714 1235 917 0
409 1 1066 709 1242 911 0
410 1 1062 701 1243 901 0
411 1 1063 696 1231 894 0
412 1 1057 696 1219 885 0
413 1 1042 695 1215 877 0
414 1 1036 685 1216 875 0
415 1 1040 675 1220 871 0
416 1 1046 676 1221 871 0
417 1 1054 667 1218 871 0
418 1 1064 676 1242 879 0
419 1 1078 676 1238 881 0
420 1 1094 688 1264 893 0
421 1 1120 689 1282 893 0
422 1 1150 698 1314 899 0
423 1 1204 698 1355 896 0
424 1 1248 702 1422 894 0
425 1 1360 707 1556 896 0
426 1 1505 713 1676 915 0
427 1 1657 727 1811 916 0
428 1 1782 733 1918 934 0
499 1 1818 426 1920 620 0
500 1 1673 399 1839 599 0
501 1 1547 383 1737 591 0
502 1 1433 382 1634 583 0
503 1 1342 375 1535 584 0
504 1 1247 370 1432 590 0
505 1 1190 374 1380 591 0
506 1 1153 372 1334 606 0
507 1 1121 374 1301 610 0
508 1 1096 374 1278 619 0
509 1 1080 383 1284 612 0
510 1 1082 374 1280 616 0
511 1 1076 379 1269 618 0
512 1 1075 375 1269 625 0
513 1 1072 382 1270 621 0
514 1 1076 379 1270 621 0
515 1 1076 383 1268 628 0
516 1 1080 385 1260 615 0
517 1 1074 385 1266 617 0
518 1 1068 390 1260 622 0
519 1 1068 388 1258 608 0
520 1 1062 375 1256 616 0
521 1 1064 382 1242 597 0
522 1 1054 366 1228 591 0
523 1 1046 364 1214 583 0
524 1 1034 356 1198 577 0
525 1 1030 347 1190 570 0
526 1 1024 340 1186 559 0
527 1 1012 338 1178 549 0
528 1 1008 339 1172 545 0
529 1 1002 339 1166 556 0
530 1 998 343 1164 555 0
531 1 994 334 1158 554 0
532 1 992 337 1158 541 0
533 1 990 326 1150 551 0
534 1 986 331 1155 547 0
535 1 986 327 1146 543 0
536 1 986 317 1144 544 0
537 1 982 321 1142 527 0
538 1 980 320 1132 527 0
539 1 972 311 1128 530 0
540 1 964 308 1122 511 0
541 1 956 299 1120 524 0
542 1 954 295 1118 515 0
543 1 952 295 1124 505 0
544 1 952 276 1136 499 0
545 1 950 276 1150 500 0
546 1 958 276 1164 492 0
547 1 961 260 1175 481 0
548 1 979 259 1172 478 0
549 1 994 254 1180 493 0
550 1 1016 252 1209 479 0
551 1 1028 246 1247 480 0
552 1 1050 237 1251 462 0
553 1 1085 234 1291 463 0
554 1 1107 233 1311 461 0
555 1 1146 221 1336 448 0
556 1 1178 220 1403 450 0
557 1 1204 220 1425 429 0
558 1 1245 208 1436 418 0
559 1 1259 203 1461 410 0
560 1 1282 198 1487 399 0
561 1 1321 202 1515 403 0
562 1 1325 198 1527 401 0
563 1 1346 190 1557 400 0
564 1 1377 190 1561 404 0
565 1 1402 189 1589 390 0
566 1 1418 177 1593 371 0
567 1 1425 191 1605 395 0
568 1 1446 194 1621 400 0
569 1 1457 198 1623 436 0
570 1 1479 196 1645 429 0
571 1 1485 200 1657 438 0
572 1 1498 206 1667 425 0
573 1 1503 202 1677 449 0
574 1 1508 203 1681 431 0
575 1 1522 215 1683 447 0
576 1 1527 226 1681 445 0
577 1 1523 228 1717 457 0
578 1 1530 231 1725 459 0
579 1 1546 244 1725 459 0
580 1 1561 248 1723 461 0
581 1 1570 255 1741 444 0
582 1 1584 269 1747 418 0
583 1 1614 270 1765 507 0
584 1 1639 282 1809 514 0
585 1 1647 304 1793 540 0
586 1 1686 316 1841 551 0
587 1 1731 326 1869 561 0
588 1 1765 354 1897 596 0
589 1 1818 374 1914 611 0
590 1 1869 439 1920 623 0
665 1 1879 430 1917 645 1
666 1 1857 422 1919 658 1
667 1 1850 403 1920 657 1
668 1 1839 400 1920 656 1
669 1 1826 398 1920 649 1
670 1 1814 399 1918 649 1
671 1 1806 392 1919 647 1
672 1 1805 395 1917 645 1
673 1 1796 398 1917 648 1
674 1 1790 396 1920 638 1
675 1 1788 396 1919 643 1
676 1 1786 390 1919 649 1
677 1 1770 398 1919 649 1
678 1 1770 383 1917 638 1
679 1 1770 388 1906 650 1
680 1 1766 390 1899 641 1
681 1 1767 386 1916 645 0
682 1 1758 382 1902 644 0
683 1 1754 388 1915 642 0
684 1 1757 399 1904 651 0
685 1 1754 401 1892 655 0
686 1 1756 401 1898 656 0
687 1 1754 400 1909 660 0
688 1 1754 412 1907 662 0
689 1 1760 408 1896 662 0
690 1 1760 425 1910 664 0
691 1 1770 431 1896 681 0
692 1 1770 426 1918 681 0
693 1 1770 435 1898 681 0
694 1 1774 447 1897 684 0
695 1 1774 440 1910 690 0
696 1 1778 449 1902 694 0
697 1 1787 461 1910 707 0
698 1 1778 469 1902 708 0
699 1 1788 469 1904 723 0
700 1 1792 481 1906 724 0
701 1 1796 486 1912 729 0
702 1 1796 492 1917 735 0
703 1 1783 500 1919 745 0
704 1 1795 505 1916 754 0
705 1 1804 518 1915 760 0
706 1 1802 517 1917 759 0
707 1 1810 517 1918 759 0
708 1 1810 527 1920 759 0
709 1 1812 529 1918 766 0
710 1 1814 531 1918 773 0
711 1 1816 534 1918 757 0
712 1 1816 535 1918 768 0
713 1 1824 534 1916 767 0
714 1 1826 530 1920 765 0
715 1 1828 539 1919 769 0
716 1 1834 566 1914 772 0
717 1 1832 564 1914 766 0
718 1 1834 560 1914 758 0
719 1 1834 556 1916 752 0
720 1 1834 556 1912 750 0
721 1 1822 546 1914 754 0
722 1 1820 546 1914 752 0
723 1 1832 554 1914 750 0
724 1 1832 554 1914 752 0
725 1 1832 556 1914 752 0
726 1 1832 558 1916 752 0
727 1 1832 558 1916 752 0
728 1 1832 558 1916 752 0
729 1 1834 558 1918 752 0
730 1 1834 558 1918 746 0
731 1 1832 538 1914 738 0
732 1 1834 536 1914 738 0
733 1 1836 526 1918 714 0
734 1 1841 517 1918 706 0
735 1 1846 509 1919 699 0
736 1 1850 495 1920 684 0
737 1 1834 487 1919 677 0
738 1 1832 475 1918 677 0
739 1 1830 478 1920 667 0
740 1 1826 468 1920 658 0
741 1 1828 462 1918 654 0
742 1 1828 456 1917 649 0
743 1 1826 456 1920 649 0
744 1 1826 453 1919 646 0
745 1 1830 454 1920 654 0
746 1 1823 456 1919 656 0
747 1 1818 455 1920 645 0
748 1 1812 453 1916 651 0
749 1 1811 447 1917 647 0
750 1 1811 451 1917 647 0
751 1 1804 451 1914 645 0
752 1 1803 456 1917 644 0
753 1 1788 453 1910 653 0
754 1 1770 444 1920 648 0
755 1 1771 441 1909 647 0
756 1 1758 437 1900 645 0
757 1 1746 450 1902 662 0
758 1 1740 448 1896 660 0
759 1 1740 446 1896 656 0
760 1 1734 448 1892 666 0
761 1 1731 431 1893 649 0
762 1 1720 460 1888 676 0
763 1 1714 449 1897 664 0
764 1 1716 455 1891 669 0
765 1 1714 472 1886 678 0
766 1 1710 481 1888 687 0
767 1 1714 496 1892 704 0
768 1 1716 500 1892 712 0
769 1 1724 500 1898 737 0
770 1 1736 532 1902 744 0
771 1 1746 536 1904 748 0
772 1 1752 540 1910 752 0
773 1 1760 544 1914 756 0
774 1 1766 558 1916 768 0
775 1 1770 562 1912 770 0
776 1 1776 568 1912 780 0
777 1 1790 580 1914 780 0
778 1 1794 582 1910 782 0
779 1 1790 580 1910 782 0
780 1 1788 578 1910 778 0
781 1 1788 557 1920 773 0
782 1 1780 553 1920 763 0
783 1 1792 545 1919 759 0
784 1 1798 540 1919 761 0
785 1 1802 551 1918 748 0
786 1 1804 554 1920 753 0
787 1 1810 557 1918 754 0
788 1 1820 558 1922 753 0
789 1 1828 561 1918 759 0
790 1 1836 548 1920 750 0
791 1 1837 552 1919 748 0
792 1 1839 555 1919 745 0
793 1 1837 554 1919 730 0
794 1 1828 547 1920 737 0
795 1 1832 540 1920 735 0
796 1 1830 541 1919 733 0
797 1 1838 526 1920 714 0
798 1 1839 531 1921 721 0
799 1 1840 529 1921 713 0
800 1 1832 531 1922 729 0
801 1 1836 536 1918 730 0
802 1 1850 530 1920 731 0
803 1 1850 526 1916 740 0
804 1 1852 538 1918 733 0
805 1 1852 535 1922 733 0
806 1 1850 530 1918 719 0
807 1 1848 522 1920 721 0
808 1 1848 506 1920 701 0
809 1 1839 495 1919 693 0
810 1 1835 479 1919 665 0
811 1 1820 472 1920 660 0
812 1 1816 470 1919 649 0
813 1 1816 461 1920 639 0
814 1 1818 454 1918 642 0
815 1 1816 448 1914 642 0
816 1 1814 446 1916 638 0
817 1 1814 438 1914 640 0
818 1 1812 430 1916 610 0
819 1 1812 432 1914 614 0
820 1 1798 442 1914 622 0
821 1 1798 440 1910 624 0
822 1 1800 440 1920 624 0
823 1 1798 440 1918 624 0
824 1 1796 434 1918 623 0
825 1 1801 429 1917 625 0
826 1 1813 430 1918 637 0
827 1 1805 434 1919 632 0
828 1 1798 442 1920 641 0
829 1 1806 448 1920 640 0
830 1 1809 436 1917 648 0
831 1 1814 434 1919 633 0
832 1 1805 440 1919 628 0
833 1 1807 440 1919 630 0
834 1 1809 443 1917 633 0
835 1 1809 442 1917 628 0
836 1 1822 452 1920 650 0
837 1 1824 453 1919 651 0
838 1 1826 454 1918 652 0
839 1 1829 454 1919 653 0
840 1 1832 454 1920 654 0
841 1 1846 452 1920 659 0
842 1 1860 449 1919 663 0
843 1 1860 466 1919 646 0
897 1 1753 567 1876 751 1
898 1 1595 591 1769 763 1
899 1 1455 589 1631 774 1
900 1 1337 612 1500 784 1
901 1 1239 621 1411 803 1
902 1 1153 627 1335 804 1
903 1 1090 633 1278 813 1
904 1 1054 636 1237 814 1
905 1 1014 642 1199 818 1
906 1 995 650 1171 820 1
907 1 985 648 1149 819 1
908 1 956 651 1136 828 1
909 1 940 652 1100 831 1
910 1 921 652 1089 825 1
911 1 910 660 1078 828 1
912 1 906 658 1072 837 1
913 1 900 661 1074 841 1
914 1 900 665 1072 845 1
915 1 900 669 1072 845 1
916 1 900 670 1074 843 1
917 1 902 669 1076 847 1
918 1 904 692 1076 848 1
919 1 904 674 1078 849 1
920 1 904 665 1080 849 1
921 1 918 672 1070 859 1
922 1 902 674 1082 847 1
923 1 924 667 1078 841 1
924 1 912 674 1086 843 1
925 1 914 675 1086 841 1
926 1 914 674 1086 841 1
927 1 912 672 1088 843 1
928 1 912 674 1090 843 1
929 1 912 669 1092 845 1
930 1 912 669 1092 843 1
931 1 918 670 1088 830 1
932 1 918 674 1092 820 1
933 1 922 670 1092 820 1
934 1 924 668 1094 816 1
935 1 922 660 1092 812 1
936 1 924 656 1090 810 1
937 1 924 652 1096 806 1
938 1 930 642 1094 822 1
939 1 926 636 1096 820 1
940 1 924 632 1094 814 1
941 1 924 638 1094 788 1
942 1 928 638 1096 786 0
943 1 924 634 1092 784 0
944 1 922 634 1092 784 0
945 1 920 628 1096 784 0
946 1 918 628 1094 786 0
947 1 918 628 1094 782 0
948 1 920 626 1096 780 0
949 1 920 624 1096 780 0
950 1 916 624 1092 780 0
951 1 916 624 1088 780 0
952 1 914 622 1088 782 0
953 1 914 608 1088 792 0
954 1 914 610 1086 794 0
955 1 914 614 1082 796 0
956 1 914 616 1074 798 0
957 1 912 618 1068 802 0
958 1 910 620 1066 804 0
959 1 908 622 1066 808 0
960 1 908 626 1062 812 0
961 1 906 593 1060 815 0
962 1 904 599 1056 815 0
963 1 900 597 1052 815 0
964 1 898 600 1048 837 0
965 1 894 605 1044 838 0
966 1 892 599 1044 836 0
967 1 890 593 1042 831 0
968 1 890 600 1038 832 0
969 1 888 599 1068 836 0
970 1 892 602 1050 838 0
971 1 890 604 1034 837 0
972 1 872 597 1039 838 0
973 1 872 605 1035 838 0
974 1 866 605 1038 846 0
975 1 878 604 1049 840 0
976 1 866 605 1037 846 0
977 1 868 600 1041 838 0
978 1 870 604 1040 843 0
979 1 862 602 1038 841 0
980 1 820 593 1002 832 0
981 1 774 591 937 829 0
982 1 675 574 847 818 0
983 1 522 584 698 791 0
984 1 369 550 555 772 0
985 1 235 543 413 764 0
986 1 133 543 283 761 0
987 1 38 546 196 748 0
988 1 0 569 106 751 0
989 1 0 577 47 746 0
1024 1 1 586 165 823 0
1025 1 152 605 328 828 0
1026 1 334 605 542 813 0
1027 1 509 587 703 819 0
1028 1 661 577 858 800 0
1029 1 767 570 987 807 0
1030 1 875 576 1065 814 0
1031 1 942 598 1156 828 0
1032 1 1003 615 1217 846 0
1033 1 1056 619 1256 854 0
1034 1 1090 639 1291 867 0
1035 1 1120 652 1301 876 0
1036 1 1147 650 1322 871 0
1037 1 1168 652 1349 875 0
1038 1 1186 644 1362 864 0
1039 1 1229 632 1388 857 0
1040 1 1245 627 1415 848 0
1041 1 1284 632 1437 835 0
1042 1 1302 623 1465 824 0
1043 1 1332 620 1496 815 0
1044 1 1338 617 1498 803 0
1045 1 1359 611 1521 807 0
1046 1 1377 599 1535 799 0
1047 1 1398 606 1554 772 0
1048 1 1432 596 1584 788 0
1049 1 1436 590 1588 778 0
1050 1 1434 582 1594 764 0
1051 1 1434 578 1596 768 0
1052 1 1432 574 1590 762 0
1053 1 1424 564 1578 752 0
1054 1 1418 554 1562 738 0
1055 1 1414 554 1552 738 0
1056 1 1378 560 1534 716 0
1057 1 1364 560 1520 756 0
1058 1 1344 572 1500 754 0
1059 1 1314 568 1466 718 0
1060 1 1322 549 1472 731 0
1061 1 1297 555 1445 737 0
1062 1 1266 556 1424 722 0
1063 1 1256 570 1402 730 0
1064 1 1253 568 1389 736 0
1065 1 1245 582 1381 742 0
1066 1 1236 594 1378 744 0
1067 1 1230 598 1362 740 0
1068 1 1219 603 1352 759 0
1069 1 1210 604 1335 771 0
1070 1 1194 606 1327 761 0
1071 1 1184 606 1321 769 0
1072 1 1180 606 1313 769 0
1073 1 1162 606 1310 773 0
1074 1 1154 622 1306 775 0
1075 1 1152 622 1296 775 0
1076 1 1148 634 1294 781 0
1077 1 1132 639 1300 779 0
1078 1 1128 648 1305 788 0
1079 1 1134 654 1286 802 0
1080 1 1134 658 1284 804 0
1081 1 1132 658 1284 802 0
1082 1 1128 658 1284 802 0
1083 1 1122 658 1278 798 0
1084 1 1111 643 1286 786 0
1085 1 1104 648 1268 796 0
1086 1 1100 644 1262 780 0
1087 1 1090 630 1246 778 0
1088 1 1086 628 1236 772 0
1089 1 1076 624 1234 768 0
1090 1 1070 620 1230 766 0
1091 1 1064 614 1232 768 0
1092 1 1064 616 1224 766 0
1093 1 1058 618 1212 766 0
1094 1 1058 620 1212 762 0
1095 1 1056 618 1212 766 0
1096 1 1048 618 1210 764 0
1097 1 1044 616 1210 762 0
1098 1 1040 618 1208 762 0
1099 1 1040 620 1208 766 0
1100 1 1044 620 1206 766 0
1101 1 1046 620 1210 766 0
1102 1 1048 622 1210 770 0
1103 1 1052 624 1206 772 0
1104 1 1056 624 1212 774 0
1105 1 1060 626 1218 776 0
1106 1 1068 622 1232 776 0
1107 1 1070 622 1234 770 0
1108 1 1072 618 1240 770 0
1109 1 1072 612 1242 760 0
1110 1 1078 604 1242 750 0
1111 1 1070 588 1232 736 0
1112 1 1052 584 1212 732 0
1113 1 1032 574 1204 720 0
1114 1 1014 558 1184 700 0
1115 1 988 546 1158 694 0
1116 1 971 525 1137 697 0
1117 1 944 518 1083 693 0
1118 1 908 502 1076 682 0
1119 1 874 496 1027 677 0
1120 1 818 477 987 671 0
1121 1 784 466 942 668 0
1122 1 748 468 904 662 0
1123 1 700 460 866 659 0
1124 1 651 453 802 651 0
1125 1 605 444 774 648 0
1126 1 560 444 737 647 0
1127 1 521 438 661 635 0
1128 1 486 429 627 626 0
1129 1 442 426 585 615 0
1130 1 413 423 585 599 0
1131 1 384 416 558 593 0
1132 1 364 410 523 579 0
1133 1 352 418 516 574 0
1134 1 353 416 531 556 0
1135 1 344 410 490 550 0
1136 1 346 405 492 541 0
1137 1 335 409 503 547 0
1138 1 326 413 494 634 0
1139 1 322 416 490 632 0
1140 1 322 412 481 637 0
1141 1 328 416 478 639 0
1142 1 333 418 471 638 0
1143 1 334 405 472 643 0
1144 1 335 405 478 637 0
1145 1 365 408 484 646 0
1146 1 359 406 504 639 0
1147 1 352 410 505 643 0
1148 1 372 412 512 638 0
1149 1 382 416 530 563 0
1150 1 377 417 529 577 0
1151 1 374 406 526 566 0
1152 1 376 405 526 612 0
1153 1 371 411 529 636 0
1154 1 372 406 526 643 0
1155 1 355 404 527 642 0
1156 1 348 404 492 642 0
1157 1 332 408 492 646 0
1158 1 322 412 469 646 0
1159 1 312 401 487 648 0
1160 1 313 412 468 649 0
1161 1 321 404 485 645 0
1162 1 337 401 510 648 0
1163 1 356 397 533 650 0
1164 1 395 398 596 646 0
1165 1 444 395 620 650 0
1166 1 517 384 717 644 0
1167 1 592 373 826 628 0
1168 1 728 361 950 615 0
1169 1 884 347 1100 599 0
1170 1 1049 332 1251 597 0
1171 1 1218 334 1420 595 0
1172 1 1372 337 1553 606 0
1173 1 1507 346 1694 615 0
1174 1 1618 367 1780 631 0
1175 1 1705 377 1854 642 0
1176 1 1782 398 1918 668 0
1177 1 1854 398 1917 668 0
1214 1 1826 544 1911 747 0
1215 1 1691 551 1860 744 0
1216 1 1556 548 1662 759 0
1217 1 1432 566 1521 765 0
1218 1 1335 592 1438 762 0
1219 1 1286 540 1422 767 0
1220 1 1237 531 1383 765 0
1221 1 1188 539 1348 767 0
1222 1 1173 547 1331 767 0
1223 1 1142 548 1306 695 0
1224 1 1124 556 1277 715 0
1225 1 1088 565 1261 709 0
1226 1 1069 568 1239 735 0
1227 1 1044 578 1211 741 0
1228 1 1028 584 1201 759 0
1229 1 1013 585 1189 773 0
1230 1 999 600 1169 784 0
1231 1 977 605 1149 791 0
1232 1 961 615 1135 803 0
1233 1 928 617 1110 804 0
1234 1 911 629 1085 813 0
1235 1 866 639 1046 814 0
1236 1 843 636 1011 820 0
1237 1 802 639 964 830 0
1238 1 735 642 905 836 0
1239 1 676 640 840 840 0
1240 1 597 638 774 830 0
1241 1 504 643 685 837 0
1242 1 417 637 583 833 0
1243 1 321 627 495 837 0
1244 1 224 618 392 830 0
1245 1 151 602 318 822 0
1246 1 82 599 235 827 0
1247 1 26 602 165 832 0
1248 1 0 622 112 836 0
1249 1 0 624 63 835 0
1296 1 21 680 181 871 0
1297 1 224 664 397 850 0
1298 1 455 646 625 849 0
1299 1 658 632 825 830 0
1300 1 809 611 978 811 0
1301 1 905 590 1080 801 0
1302 1 997 597 1159 801 0
1303 1 1034 596 1228 793 0
1304 1 1086 608 1250 809 0
1305 1 1092 617 1271 823 0
1306 1 1096 631 1281 839 0
1307 1 1105 643 1292 849 0
1308 1 1092 660 1290 861 0
1309 1 1092 674 1288 869 0
1310 1 1094 674 1292 875 0
1311 1 1094 678 1290 875 0
1312 1 1098 674 1278 879 0
1313 1 1094 675 1276 879 0
1314 1 1084 675 1264 887 0
1315 1 1089 680 1256 882 0
1316 1 1070 682 1248 891 0
1317 1 1068 685 1251 877 0
1318 1 1064 685 1243 879 0
1319 1 1052 683 1228 887 0
1320 1 1046 684 1224 887 0
1321 1 1042 683 1218 887 0
1322 1 1032 672 1210 881 0
1323 1 1020 671 1198 877 0
1324 1 1010 662 1184 873 0
1325 1 1002 662 1176 871 0
1326 1 990 665 1174 857 0
1327 1 990 662 1173 855 0
1328 1 986 665 1164 869 0
1329 1 980 670 1158 875 0
1330 1 976 675 1152 877 0
1331 1 974 686 1144 878 0
1332 1 972 688 1134 880 0
1333 1 964 696 1122 882 0
1334 1 954 696 1114 884 0
1335 1 942 698 1100 886 0
1336 1 934 700 1092 892 0
1337 1 924 702 1086 888 0
1338 1 912 706 1082 892 1
1339 1 906 704 1074 886 1
1340 1 900 700 1070 886 1
1341 1 896 700 1074 882 1
1342 1 894 694 1074 882 1
1343 1 896 692 1074 884 1
1344 1 896 690 1074 882 1
1345 1 906 688 1078 880 1
1346 1 908 686 1082 874 1
1347 1 910 686 1084 872 1
1348 1 914 682 1090 870 1
1349 1 920 660 1096 867 1
1350 1 912 660 1102 849 1
1351 1 926 660 1106 849 1
1352 1 940 657 1110 851 1
1353 1 946 656 1112 851 1
1354 1 951 654 1119 853 1
1355 1 966 657 1118 855 1
1356 1 972 684 1118 856 1
1357 1 972 682 1124 858 1
1358 1 970 682 1124 858 1
1359 1 970 682 1130 862 1
1360 1 972 682 1130 862 1
1361 1 978 658 1136 863 1
1362 1 978 657 1138 863 1
1363 1 980 680 1138 864 1
1364 1 980 680 1142 864 1
1365 1 982 680 1142 866 1
1366 1 986 678 1146 864 1
1367 1 988 678 1150 862 1
1368 1 996 676 1156 858 1
1369 1 1002 676 1162 858 1
1370 1 1008 678 1168 858 1
1371 1 1016 680 1168 864 1
1372 1 1022 680 1174 864 1
1373 1 1022 680 1178 864 1
1374 1 1028 682 1184 862 1
1375 1 1024 661 1184 867 1
1376 1 1018 665 1191 875 1
1377 1 1014 669 1186 875 1
1378 1 1008 669 1182 873 0
1379 1 1002 671 1177 875 0
1380 1 1004 670 1174 868 0
1381 1 997 656 1165 871 0
1382 1 985 667 1147 869 0
1383 1 970 663 1154 879 0
1384 1 968 667 1134 866 0
1385 1 937 659 1101 859 0
1386 1 901 651 1065 861 0
1387 1 806 643 984 845 0
1388 1 702 640 882 828 0
1389 1 574 632 742 822 0
1390 1 430 622 586 812 0
1391 1 278 614 422 829 0
1392 1 150 630 278 830 0
1393 1 23 632 147 850 0
1394 1 0 674 36 854 0
1760 1 1 266 24 358 0
1761 1 0 248 34 331 0
1762 1 0 235 36 316 0
1763 1 1 231 38 310 0
1764 1 1 208 53 291 0
1765 1 3 202 59 289 0
1766 1 2 200 62 284 0
1767 1 12 186 63 274 0
1768 1 19 184 76 274 0
1769 1 29 186 79 270 0
1770 1 28 184 91 274 0
1771 1 44 183 91 256 0
1772 1 50 182 102 266 0
1773 1 55 185 102 274 0
1774 1 58 184 120 288 0
1775 1 54 190 118 290 0
1776 1 56 198 120 302 0
1777 1 56 200 120 302 0
1778 1 58 204 122 306 0
1779 1 60 210 124 310 0
1780 1 54 211 112 295 0
1781 1 54 217 116 309 0
1782 1 49 231 107 318 0
1783 1 42 241 95 331 0
1784 1 29 260 83 339 0
1785 1 8 282 62 363 0
1786 1 0 293 48 379 0
1787 1 0 322 16 407 0
1844 1 1872 274 1921 369 0
1845 1 1801 265 1859 344 0
1846 1 1735 257 1793 337 0
1847 1 1691 248 1748 326 0
1848 1 1648 239 1703 316 0
1849 1 1605 229 1659 304 0
1850 1 1561 220 1614 293 0
1851 1 1527 208 1580 287 0
1852 1 1487 202 1551 282 0
1853 1 1463 195 1523 271 0
1854 1 1431 196 1502 266 0
1855 1 1417 191 1479 267 0
1856 1 1403 181 1458 254 0
1857 1 1385 180 1445 254 0
1858 1 1374 172 1430 247 0
1859 1 1363 169 1423 246 0
1860 1 1351 167 1415 244 0
1861 1 1346 167 1409 235 0
1862 1 1344 168 1401 241 0
1863 1 1334 168 1399 236 0
1864 1 1332 178 1392 254 0
1865 1 1328 172 1392 254 0
1866 1 1328 172 1392 254 0
1867 1 1342 170 1406 252 0
1868 1 1348 164 1416 252 0
1869 1 1348 148 1416 242 0
1870 1 1354 144 1416 224 0
1871 1 1366 138 1434 230 0
1872 1 1362 116 1428 202 0
1873 1 1358 92 1424 186 0
1874 1 1352 82 1422 174 0
1875 1 1358 84 1426 180 0
1876 1 1368 92 1434 188 0
1877 1 1382 104 1446 204 0
1878 1 1380 112 1448 208 0
1879 1 1382 110 1452 208 0
1880 1 1386 106 1456 204 0
1881 1 1390 104 1458 202 0
1882 1 1392 102 1460 194 0
1883 1 1392 98 1460 194 0
1884 1 1388 96 1460 196 0
1885 1 1396 102 1464 200 0
1886 1 1398 110 1470 216 0
1887 1 1410 118 1474 220 0
1888 1 1412 118 1482 218 0
1889 1 1420 128 1488 222 0
1890 1 1420 132 1488 228 0
1891 1 1420 136 1494 238 0
1892 1 1422 142 1496 252 0
1893 1 1422 144 1494 248 0
1894 1 1422 142 1494 248 0
1895 1 1422 136 1496 242 0
1896 1 1430 130 1500 238 0
1897 1 1434 132 1504 238 0
1898 1 1432 132 1502 238 0
1899 1 1432 132 1506 242 0
1900 1 1442 140 1512 248 0
1901 1 1456 148 1526 254 0
1902 1 1456 152 1526 258 0
1903 1 1456 148 1526 256 0
1904 1 1470 138 1540 242 0
1905 1 1472 120 1542 230 0
1906 1 1472 108 1542 218 0
1907 1 1484 100 1560 202 0
1908 1 1492 90 1566 202 0
1909 1 1498 82 1572 198 0
1910 1 1510 78 1576 182 0
1911 1 1512 70 1578 174 0
1912 1 1522 62 1596 164 0
1913 1 1534 56 1606 166 0
1914 1 1540 52 1610 156 0
1915 1 1544 52 1614 162 0
1916 1 1546 50 1616 160 0
1917 1 1546 50 1616 160 0
1918 1 1566 46 1644 170 0
1919 1 1578 46 1656 166 0
1920 1 1582 36 1660 156 0
1921 1 1597 25 1679 145 0
1922 1 1590 20 1674 140 0
1923 1 1592 6 1678 130 0
1924 1 1616 6 1704 132 0
1925 1 1616 1 1712 111 0
1926 1 1638 6 1734 116 0
1927 1 1652 3 1748 124 0
1928 1 1667 1 1763 133 0
1929 1 1689 19 1774 154 0
1930 1 1708 19 1793 154 0
1931 1 1718 32 1810 168 0
1932 1 1732 36 1827 169 0
1933 1 1749 44 1836 194 0
1934 1 1763 44 1853 204 0
1935 1 1775 60 1869 219 0
1936 1 1790 60 1879 219 0
1937 1 1801 60 1890 205 0
1938 1 1801 60 1898 205 0
1939 1 1811 60 1910 205 0
1940 1 1828 60 1922 203 0
1941 1 1842 60 1921 203 0
1942 1 1856 60 1921 203 0
1943 1 1871 60 1922 203 0
1944 1 1874 61 1921 177 0
2279 1 1357 2 1485 82 0
2280 1 1426 2 1556 102 0
2281 1 1513 2 1625 145 0
2282 1 1593 3 1724 165 0
2283 1 1708 31 1815 193 0
2284 1 1802 72 1911 226 0
2285 1 1881 107 1919 232 0
3090 1 3 630 45 691 0
3091 1 89 607 140 639 0
3092 1 181 578 232 619 0
3093 1 269 551 315 600 0
3094 1 347 539 388 576 0
3095 1 404 522 462 568 0
3096 1 472 496 518 542 0
3097 1 520 496 567 542 0
3098 1 572 479 621 516 0
3099 1 609 479 655 516 0
3100 1 642 469 693 522 0
3101 1 662 469 715 510 0
3102 1 681 471 723 513 0
3103 1 688 472 727 514 0
3104 1 675 466 719 507 0
3105 1 640 457 675 497 0
3106 1 560 448 597 486 0
3107 1 435 452 484 498 0
3108 1 294 452 347 498 0
3109 1 147 472 203 521 0
3110 1 24 505 63 542 0
3190 1 1883 32 1909 74 0
3191 1 1884 24 1909 68 0
3192 1 1885 17 1910 64 0
3193 1 1887 9 1914 58 0
3194 1 1892 9 1914 47 0
3195 1 1893 0 1918 34 0
3196 1 1893 0 1918 34 0
3204 1 1834 72 1872 123 0
3205 1 1754 153 1792 215 0
3206 1 1682 237 1719 283 0
3207 1 1620 292 1661 344 0
3208 1 1596 328 1626 376 0
3209 1 1579 332 1610 384 0
3210 1 1572 328 1608 375 0
3211 1 1567 329 1599 371 0
3212 1 1559 341 1600 380 0
3213 1 1563 358 1601 399 0
3214 1 1570 380 1601 418 0
3215 1 1580 396 1613 439 0
3216 1 1591 411 1626 456 0
3217 1 1604 425 1643 472 0
3218 1 1616 438 1651 482 0
3219 1 1621 459 1661 500 0
3220 1 1626 473 1662 516 0
3221 1 1618 498 1654 543 0
3222 1 1600 519 1638 567 0
3223 1 1580 543 1618 586 0
3224 1 1564 565 1601 606 0
3225 1 1552 584 1589 630 0
3226 1 1544 605 1575 649 0
3227 1 1534 622 1569 660 0
3228 1 1523 628 1554 675 0
3229 1 1516 638 1551 678 0
3230 1 1512 643 1545 688 0
3231 1 1499 643 1537 687 0
3232 1 1491 647 1524 686 0
3233 1 1486 644 1520 687 0
3234 1 1482 650 1519 692 0
3235 1 1484 649 1520 693 0
3236 1 1488 655 1520 690 0
3237 1 1490 655 1524 698 0
3238 1 1488 655 1528 704 0
3239 1 1495 655 1524 698 0
3240 1 1491 655 1528 698 0
3241 1 1485 659 1522 702 0
3242 1 1480 660 1516 705 0
3243 1 1473 660 1512 706 0
3244 1 1469 661 1503 708 0
3245 1 1466 661 1501 703 0
3246 1 1460 658 1499 701 0
3247 1 1460 655 1494 700 0
3248 1 1452 652 1488 698 0
3249 1 1449 649 1487 691 0
3250 1 1446 647 1482 689 0
3251 1 1445 643 1481 686 0
3252 1 1447 639 1483 683 0
3253 1 1448 638 1480 679 0
3254 1 1446 634 1484 675 0
3255 1 1449 630 1485 672 0
3256 1 1453 625 1488 668 0
3257 1 1456 621 1489 665 0
3258 1 1460 617 1492 662 0
3259 1 1463 617 1494 660 0
3260 1 1465 619 1503 657 1
3261 1 1469 617 1505 656 1
3262 1 1474 616 1509 656 1
3263 1 1478 614 1512 656 1
3264 1 1482 612 1515 655 1
3265 1 1487 611 1520 654 1
3266 1 1491 610 1524 653 1
3267 1 1496 608 1529 650 1
3268 1 1500 607 1533 649 1
3269 1 1505 606 1538 647 1
3270 1 1509 603 1543 645 1
3271 1 1514 600 1550 643 1
3272 1 1518 598 1555 641 1
3273 1 1524 596 1562 634 1
3274 1 1528 592 1567 633 1
3275 1 1534 590 1569 631 1
3276 1 1540 588 1572 629 1
3277 1 1546 585 1579 626 1
3278 1 1551 583 1585 624 1
3279 1 1556 580 1591 622 1
3280 1 1562 578 1597 617 1
3281 1 1566 577 1598 615 1
3282 1 1570 573 1602 611 1
3283 1 1572 572 1607 613 1
3284 1 1577 567 1607 606 1
3285 1 1578 562 1612 603 1
3286 1 1578 559 1616 598 1
3287 1 1593 550 1631 583 1
3288 1 1621 529 1654 571 1
3289 1 1675 493 1708 537 1
3290 1 1739 457 1777 499 1
3291 1 1814 411 1846 452 1
3292 1 1876 367 1913 408 0
5639 1 1281 68 1305 99 0
5640 1 1290 78 1318 105 0
5641 1 1300 78 1333 103 0
5642 1 1319 84 1347 109 0
5643 1 1333 78 1361 109 0
5644 1 1346 75 1378 99 0
5645 1 1354 75 1378 99 0
5646 1 1357 77 1376 99 0
5647 1 1361 80 1376 100 0
5648 1 1368 86 1382 104 0
5649 1 1382 96 1398 112 0
5650 1 1403 89 1419 104 0
5651 1 1413 67 1433 84 0
5652 1 1425 50 1446 71 0
5653 1 1438 38 1458 54 0
5654 1 1448 32 1469 51 0
5655 1 1462 34 1483 56 0
5656 1 1478 43 1496 61 0
5657 1 1494 47 1512 65 0
5658 1 1502 40 1519 58 0
5659 1 1500 29 1516 46 0
5660 1 1481 16 1498 32 0
5661 1 1454 5 1472 24 0
5662 1 1424 2 1443 14 0
5663 1 1396 1 1417 10 0
5664 1 1382 7 1399 24 0
5665 1 1367 36 1386 53 0
5666 1 1348 62 1367 82 0
5667 1 1325 81 1343 100 0
5668 1 1295 89 1312 107 0
5669 1 1267 91 1285 106 0
5670 1 1240 87 1259 105 0
5671 1 1223 82 1238 101 0
5672 1 1206 91 1223 110 0
5673 1 1185 108 1204 128 0
5674 1 1172 134 1189 152 0
5675 1 1158 163 1177 180 0
5676 1 1150 191 1169 210 0
5677 1 1142 222 1161 242 0
5678 1 1136 252 1153 271 0
5679 1 1126 284 1142 302 0
5680 1 1116 309 1133 326 0
5681 1 1111 340 1128 357 0
5682 1 1116 359 1133 377 0
5683 1 1124 369 1141 387 0
5684 1 1136 374 1155 394 0
5685 1 1131 380 1159 404 0
5686 1 1129 381 1156 407 0
5687 1 1124 385 1148 410 0
5688 1 1112 391 1138 416 0
5689 1 1109 402 1135 430 0
5690 1 1104 414 1130 444 0
5691 1 1101 426 1129 454 0
5692 1 1098 430 1127 457 0
5693 1 1089 439 1116 464 0
5694 1 1082 445 1106 476 0
5695 1 1061 459 1093 484 0
5696 1 1048 472 1077 499 0
5697 1 1036 483 1066 510 0
5698 1 1025 497 1053 525 0
5699 1 1013 523 1041 553 0
5700 1 1001 545 1033 572 0
5701 1 993 551 1025 580 0
5702 1 990 566 1022 595 0
5703 1 987 582 1018 616 0
5704 1 987 589 1019 623 0
5705 1 993 594 1025 622 0
5706 1 997 587 1029 617 0
5707 1 1001 576 1033 609 0
5708 1 997 570 1028 599 0
5709 1 993 564 1023 597 0
5710 1 989 550 1019 585 0
5711 1 992 528 1019 562 0
5712 1 995 495 1026 527 0
5713 1 1016 456 1042 490 0
5714 1 1029 412 1056 444 0
5715 1 1037 372 1066 405 0
5716 1 1032 333 1061 365 0
5717 1 1029 306 1055 339 0
5718 1 1014 300 1044 331 0
5719 1 1017 290 1047 321 0
5720 1 1029 270 1058 301 0
5721 1 1035 238 1064 266 0
5722 1 1031 205 1071 242 0
5723 1 1040 179 1075 216 0
5724 1 1045 156 1079 194 0
5725 1 1043 146 1077 178 0
5726 1 1047 132 1077 168 0
5727 1 1042 133 1074 171 0
5728 1 1040 131 1072 166 0
5729 1 1028 121 1062 160 0
5730 1 1017 111 1047 151 0
5731 1 996 103 1033 143 0
5732 1 987 88 1021 125 0
5733 1 974 71 1007 108 0
5734 1 961 66 995 103 0
5735 1 941 84 982 120 0
5736 1 920 120 958 151 0
5737 1 894 121 929 164 0
5738 1 850 103 887 138 0
5739 1 809 80 843 108 0
5740 1 765 61 796 92 0
5741 1 722 48 760 85 0
5742 1 689 50 730 86 0
5743 1 677 68 713 102 0
5744 1 670 84 703 116 0
5745 1 669 101 706 134 0
5746 1 674 104 710 136 0
5747 1 683 104 717 137 0
5748 1 690 105 728 134 0
5749 1 697 115 732 150 0
5750 1 695 126 736 159 0
5751 1 695 147 732 175 0
5752 1 703 162 741 194 0
5753 1 715 162 755 192 0
5754 1 719 148 761 180 0
5755 1 712 148 752 177 0
5756 1 696 149 737 177 0
5757 1 678 157 722 186 0
5758 1 664 171 706 197 0
5759 1 652 188 694 225 0
5760 1 641 213 685 239 0
5761 1 634 232 677 258 0
5762 1 618 245 661 266 0
5763 1 605 245 647 271 0
5764 1 588 251 633 277 0
5765 1 575 254 617 289 0
5766 1 561 266 608 292 0
5767 1 547 276 596 305 0
5768 1 537 284 587 308 0
5769 1 535 289 580 315 0
5959 1 741 648 816 722 0
5960 1 740 656 820 731 0
5961 1 739 663 823 739 0
5962 1 738 671 826 748 0
5963 1 737 679 829 756 0
5964 1 736 686 832 764 0
5965 1 735 694 835 773 0
5966 1 734 702 838 782 0
5967 1 739 701 846 783 0
5968 1 743 700 853 785 0
5969 1 747 699 860 786 0
5970 1 752 698 868 787 0
5971 1 756 697 875 789 0
5972 1 779 691 887 775 1
5973 1 803 684 900 761 1
5974 1 821 703 918 790 1
5975 1 839 703 938 788 1
5976 1 864 715 958 810 1
5977 1 883 715 977 800 1
5978 1 899 727 987 808 1
5979 1 929 739 1013 808 1
5980 1 932 738 1015 817 1
5981 1 958 749 1032 818 1
5982 1 979 745 1044 805 1
5983 1 988 735 1064 801 1
5984 1 993 733 1065 803 1
5985 1 1015 743 1091 804 1
5986 1 1028 742 1098 802 1
5987 1 1041 750 1111 812 1
5988 1 1044 742 1116 803 1
5989 1 1009 704 1096 779 1
5990 1 1004 708 1100 791 1
5991 1 998 713 1104 804 1
5992 1 993 718 1109 817 1
5993 1 988 722 1113 829 1
5994 1 983 727 1118 843 1
5995 1 990 734 1115 852 1
5996 1 998 741 1112 862 1
5997 1 998 761 1110 872 1
5998 1 998 780 1116 892 1
5999 1 1008 763 1115 893 1
6000 1 1008 763 1120 893 1
6001 1 1008 763 1126 893 1
6002 1 1018 761 1133 892 1
6003 1 1028 759 1140 891 1
6004 1 1038 757 1148 890 1
6005 1 1047 755 1154 890 1
6006 1 1053 753 1167 875 1
6007 1 1059 752 1180 860 1
6008 1 1065 751 1193 846 1
6009 1 1068 745 1196 846 1
6010 1 1072 740 1201 847 1
6011 1 1076 734 1205 847 1
6012 1 1080 728 1209 847 1
6013 1 1083 722 1213 846 1
6014 1 1087 717 1212 840 1
6015 1 1090 713 1211 834 1
6016 1 1094 708 1211 827 1
6017 1 1097 703 1210 821 1
6018 1 1100 698 1209 814 1
6019 1 1095 708 1210 824 1
6020 1 1089 718 1209 835 1
6021 1 1084 728 1210 845 1
6022 1 1078 738 1209 856 1
6023 1 1075 728 1204 859 1
6024 1 1072 718 1198 863 1
6025 1 1069 708 1193 867 1
6026 1 1066 698 1187 870 1
6027 1 1063 695 1183 860 1
6028 1 1059 693 1179 850 1
6029 1 1056 690 1175 839 1
6030 1 1053 687 1171 828 1
6031 1 1049 684 1167 817 1
6032 1 1046 683 1164 816 1
6033 1 1043 682 1161 815 1
6034 1 1040 680 1158 813 1
6035 1 1037 679 1155 812 1
6036 1 1034 677 1152 810 1
6037 1 1032 676 1150 809 1
6038 1 1029 674 1147 807 1
6039 1 1029 674 1147 809 1
6040 1 1029 674 1147 810 1
6041 1 1029 674 1148 812 1
6042 1 1029 674 1148 814 1
6043 1 1029 674 1149 816 1
6044 1 1029 674 1149 817 1
6045 1 1029 674 1150 819 1
6046 1 1029 674 1150 821 1
6047 1 1029 674 1150 822 1
6048 1 1029 674 1151 824 1
6049 1 1029 674 1151 826 1
6050 1 1029 674 1152 828 1
6051 1 1023 680 1150 821 1
6052 1 1018 685 1149 814 1
6053 1 1013 683 1141 820 1
6054 1 1008 681 1133 826 1
6055 1 1003 679 1126 833 0
6056 1 1006 684 1130 833 0
6057 1 1010 690 1135 834 0
6058 1 1013 695 1139 835 0
6059 1 1017 700 1144 835 0
6060 1 1020 705 1148 836 0
6061 1 1023 710 1153 836 0
6062 1 1022 714 1152 840 0
6063 1 1021 717 1151 843 0
6064 1 1020 720 1150 846 0
6065 1 1018 724 1148 850 0
6066 1 1017 727 1147 853 0
6067 1 1016 731 1146 857 0
6068 1 1014 734 1144 860 0
6069 1 1013 738 1143 864 0
6070 1 1018 738 1142 866 0
6071 1 1022 742 1145 870 0
6072 1 1026 746 1147 874 0
6073 1 1030 751 1149 879 0
6074 1 1033 755 1151 883 0
6075 1 1037 760 1153 888 0
6076 1 1041 759 1156 887 0
6077 1 1044 757 1158 885 0
6078 1 1047 756 1161 884 0
6079 1 1051 755 1164 882 0
6080 1 1054 754 1166 881 0
6081 1 1058 752 1169 879 0
6082 1 1061 751 1172 878 0
6083 1 1065 750 1175 877 0
6084 1 1068 749 1177 876 0
6085 1 1071 748 1180 875 0
6086 1 1075 746 1183 873 0
6087 1 1078 745 1185 871 0
6088 1 1082 744 1188 870 0
6089 1 1085 743 1191 869 0
6090 1 1085 729 1191 859 0
6091 1 1085 715 1192 848 0
6092 1 1084 712 1194 846 0
6093 1 1083 708 1195 843 0
6094 1 1082 704 1196 840 0
6095 1 1081 701 1197 838 0
6096 1 1079 697 1198 835 0
6097 1 1078 694 1199 833 0
6098 1 1077 690 1200 830 0
6099 1 1076 686 1202 827 0
6100 1 1075 683 1203 825 0
6101 1 1076 690 1204 828 0
6102 1 1077 697 1205 831 0
6103 1 1078 705 1207 836 0
6104 1 1079 712 1208 839 0
6105 1 1080 719 1209 842 0
6106 1 1081 727 1210 847 0
6107 1 1082 734 1212 850 0
6108 1 1104 734 1211 850 0
6109 1 1104 714 1211 837 0
6110 1 1094 698 1222 768 0
6118 1 1119 566 1242 648 0
6119 1 1119 561 1239 677 0
6120 1 1119 556 1237 670 0
6121 1 1119 551 1235 663 0
6122 1 1124 549 1238 663 0
6123 1 1128 548 1240 663 0
6124 1 1133 546 1243 663 0
6125 1 1137 544 1245 662 0
6126 1 1142 542 1248 661 0
6127 1 1142 548 1247 670 0
6128 1 1142 553 1246 678 0
6129 1 1142 558 1245 687 0
6130 1 1142 563 1244 695 0
6131 1 1142 568 1242 703 0
6132 1 1142 578 1242 713 0
6133 1 1142 597 1245 728 0
6134 1 1142 616 1248 744 0
6135 1 1142 625 1248 759 0
6136 1 1142 633 1249 773 0
6137 1 1142 633 1260 730 0
6139 1 1154 738 1237 785 0
6140 1 1154 666 1237 785 0
6141 1 1152 656 1239 775 0
6142 1 1150 647 1240 765 0
6143 1 1148 638 1242 756 0
6144 1 1148 623 1235 756 0
6145 1 1135 616 1235 756 0
6146 1 1134 621 1234 760 0
6147 1 1133 626 1233 763 0
6148 1 1132 631 1232 767 0
6149 1 1131 636 1230 771 0
6150 1 1130 641 1229 775 0
6151 1 1129 646 1228 778 0
6152 1 1128 651 1226 782 0
6153 1 1127 656 1225 786 0
6154 1 1126 661 1224 790 0
6155 1 1125 666 1222 793 0
6156 1 1124 671 1221 797 0
6157 1 1124 678 1231 801 0
6158 1 1124 684 1242 803 0
6159 1 1124 674 1221 810 0
6160 1 1122 676 1219 811 0
6161 1 1120 677 1216 810 0
6162 1 1118 679 1214 811 0
6163 1 1116 680 1211 810 0
6164 1 1114 682 1209 811 0
6165 1 1112 684 1207 811 1
6166 1 1109 685 1203 810 1
6167 1 1107 687 1201 811 1
6168 1 1105 688 1198 810 1
6169 1 1103 690 1196 811 1
6170 1 1101 691 1193 810 1
6171 1 1099 693 1191 811 1
6172 1 1097 691 1190 811 1
6173 1 1095 689 1190 811 1
6174 1 1093 686 1189 810 1
6175 1 1091 684 1188 811 1
6176 1 1088 682 1187 811 1
6177 1 1086 680 1186 811 1
6178 1 1084 677 1186 810 1
6179 1 1082 675 1185 810 1
6180 1 1080 673 1184 811 0
6181 1 1078 671 1184 811 0
6182 1 1079 672 1185 811 0
6183 1 1080 673 1187 811 0
6184 1 1081 675 1189 812 0
6185 1 1083 676 1191 812 0
6186 1 1084 677 1193 812 0
6187 1 1085 678 1194 811 0
6188 1 1086 680 1196 812 0
6189 1 1087 681 1198 812 0
6190 1 1119 753 1202 824 0
6192 1 1111 691 1220 805 0
6193 1 1111 691 1230 831 0
6194 1 1126 717 1233 836 0
6195 1 1136 721 1237 841 0
6196 1 1133 726 1229 845 0
6197 1 1128 727 1220 846 0
6198 1 1099 712 1198 841 0
6199 1 1071 698 1177 837 0
6200 1 1042 683 1154 831 0
6201 1 1011 681 1124 825 0
6202 1 981 679 1095 819 0
6203 1 979 680 1077 807 0
6204 1 970 681 1070 809 0
6205 1 965 675 1067 804 0
6206 1 970 676 1074 806 0
6207 1 974 677 1074 807 0
6208 1 985 681 1088 812 0
6209 1 997 684 1103 816 0
6210 1 998 684 1108 817 0
6211 1 1000 684 1113 818 0
6212 1 1001 684 1117 820 0
6213 1 1002 684 1121 821 0
6214 1 1003 684 1126 822 0
6215 1 997 683 1117 823 0
6216 1 992 681 1109 823 0
6217 1 986 679 1099 822 0
6218 1 981 678 1091 823 0
6219 1 976 676 1083 823 0
6220 1 971 692 1069 818 0
6221 1 973 692 1075 823 0
6222 1 976 693 1083 829 0
6223 1 980 698 1088 832 0
6224 1 984 703 1094 835 0
6225 1 988 708 1099 838 0
6226 1 993 708 1103 838 0
6227 1 998 708 1108 839 0
6228 1 1004 708 1113 839 0
6229 1 1009 708 1117 840 0
6230 1 1015 708 1123 840 0
6231 1 1020 708 1127 841 0
6232 1 1020 708 1128 843 0
6233 1 1020 708 1129 844 0
6234 1 1020 708 1130 846 0
6235 1 1020 708 1131 847 0
6236 1 1020 708 1132 849 0
6237 1 1020 708 1133 850 0
6238 1 1020 708 1134 852 0
6239 1 1020 708 1135 853 0
6240 1 1020 708 1136 855 0
6241 1 1020 708 1136 854 0
6242 1 1020 708 1136 854 0
6243 1 1020 707 1137 853 0
6244 1 1020 707 1137 852 0
6245 1 1020 707 1137 852 0
6246 1 1020 706 1137 851 0
6247 1 1020 706 1138 850 0
6248 1 1020 705 1138 849 0
6249 1 1020 705 1138 849 0
6250 1 1020 705 1138 848 0
6251 1 1020 704 1139 847 0
6252 1 1020 704 1139 847 0
6253 1 1020 703 1139 845 0
6254 1 1020 703 1139 845 0
6255 1 1020 703 1139 845 0
6256 1 1020 702 1140 843 0
6257 1 1020 702 1140 843 0
6258 1 1020 702 1140 843 0
6259 1 1020 701 1140 841 0
6260 1 1020 701 1141 841 0
6261 1 1020 700 1141 840 0
6262 1 1020 700 1141 839 0
6263 1 1020 700 1141 839 0
6264 1 1020 699 1142 838 0
6265 1 1020 699 1142 837 0
6266 1 1020 699 1142 837 0
6267 1 1020 698 1142 836 0
6268 1 1020 698 1143 835 0
6269 1 1020 697 1143 834 0
6270 1 1020 697 1143 834 0
6271 1 1020 697 1143 833 0
6272 1 1020 696 1144 832 0
6273 1 1020 696 1144 832 0
6274 1 1020 695 1144 830 0
6275 1 1020 695 1144 830 0
6276 1 1020 695 1144 830 0
6277 1 1024 692 1148 825 0
6278 1 1029 689 1152 821 0
6279 1 1033 686 1156 817 0
6280 1 1038 683 1160 813 0
6281 1 1042 680 1164 809 0
6282 1 1046 677 1168 804 0
6283 1 1051 674 1172 800 0
6284 1 1056 669 1177 800 0
6285 1 1061 664 1183 800 0
6286 1 1066 659 1188 799 0
6287 1 1071 654 1194 799 0
6288 1 1077 651 1196 796 0
6289 1 1082 649 1197 795 0
6290 1 1088 646 1199 792 0
6291 1 1093 644 1201 790 0
6292 1 1099 642 1203 789 0
6293 1 1094 642 1199 788 0
6294 1 1088 643 1195 788 0
6295 1 1083 644 1191 789 0
6296 1 1078 644 1187 788 0
6297 1 1073 645 1184 788 0
6298 1 1073 646 1183 788 0
6299 1 1073 647 1182 789 0
6300 1 1073 648 1181 789 0
6301 1 1073 649 1180 789 0
6302 1 1073 649 1189 789 0
6303 1 1073 664 1184 788 0
6304 1 1078 664 1190 788 0
6305 1 1083 664 1197 788 0
6306 1 1087 664 1203 788 0
6307 1 1092 664 1210 788 0
6308 1 1092 664 1215 795 0
6309 1 1084 663 1209 796 0
6310 1 1077 661 1204 796 0
6311 1 1069 660 1198 796 0
6312 1 1062 658 1193 796 0
6313 1 1054 657 1187 797 0
6314 1 1062 657 1192 798 0
6315 1 1069 657 1197 799 0
6316 1 1077 657 1202 800 0
6317 1 1084 657 1206 801 0
6318 1 1092 657 1211 802 0
6319 1 1106 669 1224 808 0
6320 1 1119 681 1236 813 0
6321 1 1133 693 1249 819 0
6322 1 1127 690 1243 816 0
6323 1 1121 686 1237 812 0
6324 1 1116 683 1232 809 0
6325 1 1110 679 1226 805 0
6326 1 1104 676 1220 802 0
6327 1 1104 675 1217 809 0
6328 1 1104 673 1214 815 0
6329 1 1104 672 1211 821 0
6330 1 1104 671 1208 828 0
6331 1 1110 698 1215 830 0
6332 1 1119 703 1217 829 0
6333 1 1121 704 1216 825 0
6334 1 1106 671 1208 800 0
6335 1 1090 638 1194 795 0
6336 1 1090 638 1196 793 0
6337 1 1090 638 1198 786 0
6338 1 1090 638 1201 720 0
6339 1 1121 723 1191 772 0
6340 1 1084 625 1191 772 0
6341 1 1092 626 1199 773 0
6342 1 1099 627 1206 774 0
6343 1 1107 628 1214 775 0
6344 1 1114 629 1221 776 0
6345 1 1121 629 1228 776 0
6346 1 1126 629 1233 776 0
6347 1 1131 629 1238 776 0
6348 1 1136 629 1243 776 0
6349 1 1140 629 1247 776 0
6350 1 1145 629 1252 776 0
6351 1 1150 629 1257 776 0
6352 1 1144 629 1251 776 0
6353 1 1139 629 1246 776 0
6354 1 1133 629 1240 776 0
6355 1 1127 629 1234 776 0
6356 1 1122 629 1229 776 0
6357 1 1116 628 1223 775 0
6358 1 1110 628 1217 775 0
6359 1 1105 628 1212 775 0
6360 1 1099 628 1206 775 0
6361 1 1095 629 1203 775 0
6362 1 1092 631 1202 777 0
6363 1 1088 632 1200 777 0
6364 1 1084 634 1197 779 0
6365 1 1080 635 1195 779 0
6366 1 1077 637 1194 781 0
6367 1 1073 638 1192 781 0
6368 1 1069 640 1189 783 0
6369 1 1081 643 1188 769 0
6370 1 1081 643 1198 787 0
6371 1 1078 644 1195 788 0
6372 1 1075 646 1192 790 0
6373 1 1071 647 1188 791 0
6374 1 1068 648 1185 792 0
6375 1 1065 649 1182 793 0
6376 1 1061 651 1178 795 0
6377 1 1058 652 1175 796 0
6378 1 1055 653 1172 797 0
6379 1 1051 655 1168 799 0
6380 1 1048 656 1165 800 0
6381 1 1044 657 1161 801 0
6382 1 1040 659 1157 803 0
6383 1 1036 660 1153 804 0
6384 1 1032 661 1149 805 0
6385 1 1028 662 1145 806 0
6386 1 1025 664 1142 808 0
6387 1 1024 663 1141 807 0
6388 1 1024 663 1141 807 0
6389 1 1024 663 1140 807 0
6390 1 1024 662 1140 806 0
6391 1 1024 662 1140 806 0
6392 1 1024 662 1139 806 0
6393 1 1023 661 1138 805 0
6394 1 1023 661 1138 805 0
6395 1 1023 660 1137 804 0
6396 1 1023 660 1137 805 0
6397 1 1023 660 1137 805 0
6398 1 1022 659 1136 804 0
6399 1 1022 659 1135 804 0
6400 1 1022 659 1135 804 0
6401 1 1022 658 1135 803 0
6402 1 1022 658 1134 803 0
6403 1 1021 657 1133 802 0
6404 1 1021 657 1133 802 0
6405 1 1021 657 1132 802 0
6406 1 1021 656 1132 801 0
6407 1 1021 656 1132 801 0
6408 1 1021 656 1132 801 0
6409 1 1020 655 1130 800 0
6410 1 1020 655 1130 800 0
6411 1 1020 654 1130 799 0
6412 1 1020 654 1129 799 0
6413 1 1020 654 1129 799 0
6414 1 1019 653 1128 798 0
6415 1 1019 653 1127 798 0
6416 1 1019 653 1127 798 0
6417 1 1019 652 1127 797 0
6418 1 1019 652 1127 798 0
6419 1 1018 651 1125 797 0
6420 1 1018 651 1125 797 0
6421 1 1018 651 1125 797 0
6422 1 1018 650 1124 796 0
6423 1 1018 650 1124 796 0
6424 1 1018 650 1124 796 0
6425 1 1017 649 1122 795 0
6426 1 1017 649 1122 795 0
6427 1 1017 648 1122 794 0
6428 1 1017 648 1122 794 0
6429 1 1017 648 1121 794 0
6430 1 1016 647 1120 793 0
6431 1 1016 647 1120 793 1
6432 1 1016 647 1119 793 1
6433 1 1016 646 1119 792 1
6434 1 1016 646 1119 792 1
6435 1 1015 645 1117 791 1
6436 1 1015 645 1117 791 1
6437 1 1015 645 1117 791 1
6438 1 1015 644 1116 790 1
6439 1 1015 644 1116 791 1
6440 1 1015 644 1116 791 1
6441 1 1014 643 1115 790 1
6442 1 1014 643 1114 790 1
6443 1 1014 643 1114 790 1
6444 1 1014 642 1114 789 1
6445 1 1014 642 1113 789 0
6446 1 1013 641 1112 788 0
6447 1 1013 641 1112 788 0
6448 1 1013 641 1111 788 0
6449 1 1013 640 1111 787 0
6450 1 1013 640 1111 787 0
6451 1 1013 640 1111 787 0
6452 1 1013 640 1111 787 0
6453 1 1013 641 1111 788 0
6454 1 1013 641 1111 788 0
6455 1 1013 641 1111 788 0
6456 1 1013 641 1111 788 0
6457 1 1014 642 1112 789 0
6458 1 1014 642 1112 789 0
6459 1 1014 642 1112 789 0
6460 1 1014 642 1112 789 0
6461 1 1014 643 1112 790 0
6462 1 1014 643 1112 790 0
6463 1 1014 643 1112 790 0
6464 1 1014 643 1112 790 0
6465 1 1014 644 1112 791 0
6466 1 1015 644 1113 791 0
6467 1 1015 644 1113 791 0
6468 1 1015 644 1113 791 0
6469 1 1015 645 1113 792 0
6470 1 1015 645 1113 792 0
6471 1 1015 645 1113 792 0
6472 1 1015 645 1113 792 0
6473 1 1015 646 1113 793 0
6474 1 1016 646 1114 793 0
6475 1 1016 646 1114 793 0
6476 1 1016 646 1114 793 0
6477 1 1016 647 1114 794 0
6478 1 1016 647 1114 794 0
6479 1 1016 647 1114 794 0
6480 1 1016 647 1114 794 0
6481 1 1016 648 1114 795 0
6482 1 1016 648 1114 795 0
6483 1 1017 648 1115 795 0
6484 1 1017 648 1115 795 0
6485 1 1017 649 1115 796 0
6486 1 1017 649 1115 796 0
6487 1 1017 649 1115 796 0
6488 1 1017 649 1115 796 0
6489 1 1017 650 1115 797 0
6490 1 1017 650 1115 797 0
6491 1 1018 650 1116 797 0
6492 1 1018 651 1116 798 0
6493 1 1018 651 1116 798 0
6494 1 1018 651 1116 798 0
6495 1 1016 651 1114 798 0
6496 1 1014 652 1112 799 0
6497 1 1013 652 1111 799 0
6498 1 1011 652 1109 799 0
6499 1 1009 652 1107 799 1
6500 1 1007 653 1105 800 1
6501 1 1006 653 1104 800 1
6502 1 1004 653 1102 800 1
6503 1 1002 653 1100 800 1
6504 1 1001 654 1099 801 1
6505 1 999 654 1097 801 1
6506 1 997 654 1095 801 1
6507 1 995 654 1093 801 1
6508 1 994 655 1092 802 1
6509 1 992 655 1090 802 1
6510 1 991 656 1089 803 1
6511 1 990 658 1088 805 0
6512 1 989 659 1087 806 0
6513 1 987 661 1085 808 0
6514 1 986 662 1084 809 0
6515 1 985 664 1083 811 0
6516 1 989 671 1087 818 0
6517 1 993 679 1091 826 0
6518 1 997 687 1095 834 0
6519 1 1002 694 1100 841 0
6520 1 1006 702 1104 849 0
6521 1 1010 710 1108 857 0
6522 1 1014 718 1112 865 0
6523 1 1018 725 1116 872 0
6524 1 1022 733 1120 880 0
6525 1 1024 737 1122 884 0
6526 1 1027 742 1125 889 0
6527 1 1029 746 1127 893 0
6528 1 1032 750 1130 897 0
6529 1 1034 755 1132 902 0
6530 1 1037 759 1135 906 0
6531 1 1038 757 1136 904 0
6532 1 1039 755 1137 902 0
6533 1 1040 752 1138 899 0
6534 1 1041 750 1139 897 0
6535 1 1042 748 1140 895 0
6536 1 1043 746 1141 893 0
6537 1 1044 743 1142 890 0
6538 1 1045 741 1143 888 0
6539 1 1057 741 1156 881 0
6540 1 1069 740 1168 872 0
6541 1 1080 739 1180 864 0
6542 1 1092 739 1193 857 0
6543 1 1103 738 1205 848 0
6544 1 1115 737 1217 840 1
6545 1 1127 737 1230 833 1
6628 1 235 977 348 1076 1
6629 1 342 939 460 1041 1
6630 1 450 900 573 1006 1
6631 1 548 857 658 964 1
6632 1 624 830 740 936 1
6633 1 684 806 797 905 1
6634 1 729 779 844 886 1
6635 1 767 765 886 864 1
6636 1 808 745 922 848 1
6637 1 825 723 951 838 1
6638 1 842 701 980 828 1
6639 1 859 679 1010 819 0
6640 1 881 679 1024 816 0
6641 1 904 679 1040 814 0
6642 1 927 679 1055 811 0
6643 1 941 671 1067 802 0
6644 1 944 667 1070 800 0
6645 1 947 663 1074 798 0
6646 1 950 658 1077 795 0
6647 1 953 654 1080 793 0
6648 1 956 649 1083 790 0
6649 1 959 645 1087 787 0
6650 1 962 641 1090 785 0
6651 1 965 636 1093 782 0
6652 1 968 632 1096 780 0
6653 1 971 627 1100 777 0
6654 1 976 633 1101 782 0
6655 1 982 638 1104 785 0
6656 1 988 643 1107 789 0
6657 1 993 648 1108 793 0
6658 1 999 654 1111 797 0
6659 1 1001 659 1113 803 0
6660 1 1003 664 1115 809 0
6661 1 1005 669 1117 815 0
6662 1 1008 675 1120 822 0
6663 1 1010 680 1122 828 0
6664 1 1012 685 1125 834 0
6665 1 1014 690 1127 840 0
6666 1 1012 701 1125 843 0
6667 1 1010 712 1124 847 0
6668 1 1008 722 1123 850 0
6669 1 1006 733 1122 854 0
6670 1 1004 753 1123 877 0
6671 1 1004 748 1121 876 0
6672 1 1004 743 1119 876 0
6673 1 1004 738 1117 876 0
6674 1 1005 733 1117 876 0
6675 1 1005 728 1115 876 0
6676 1 1010 738 1121 884 0
6677 1 1015 748 1127 892 0
6678 1 1020 759 1134 901 0
6679 1 1025 769 1140 909 0
6680 1 1030 779 1146 917 0
6681 1 1035 789 1152 925 0
6682 1 1035 788 1153 923 0
6683 1 1034 786 1154 919 0
6684 1 1034 784 1155 915 0
6685 1 1033 783 1155 912 0
6686 1 1035 782 1157 912 0
6687 1 1036 781 1158 911 0
6688 1 1038 780 1160 910 0
6689 1 1039 779 1161 910 0
6690 1 1041 778 1163 909 0
6691 1 1042 778 1164 910 0
6692 1 1043 777 1165 909 0
6693 1 1045 776 1167 909 0
6694 1 1041 773 1163 906 0
6695 1 1037 770 1159 903 0
6696 1 1033 768 1155 902 0
6697 1 1030 765 1152 899 0
6698 1 1026 762 1148 897 0
6699 1 1022 760 1144 895 0
6700 1 1018 757 1140 892 0
6701 1 1005 749 1127 885 0
6702 1 995 742 1117 878 0
6703 1 984 735 1106 872 0
6704 1 975 726 1092 855 0
6705 1 966 716 1077 838 0
6706 1 975 694 1082 819 0
6707 1 984 686 1093 804 0
6708 1 994 667 1110 787 0
6709 1 1011 653 1130 783 0
6710 1 1029 639 1151 779 0
6711 1 1048 641 1170 781 0
6712 1 1068 643 1190 784 0
6713 1 1088 645 1210 786 0
6714 1 1108 648 1230 789 0
6715 1 1128 650 1250 792 0
6716 1 1148 652 1270 794 0
6717 1 1168 654 1290 797 0
6718 1 1188 656 1310 799 0
6719 1 1193 643 1315 787 0
6720 1 1191 644 1312 786 0
6721 1 1188 645 1309 785 0
6722 1 1186 646 1307 784 0
6723 1 1183 647 1303 784 0
6724 1 1181 648 1301 783 0
6725 1 1178 649 1297 782 0
6726 1 1176 650 1295 782 0
6727 1 1172 645 1292 780 0
6728 1 1168 640 1288 777 0
6729 1 1164 635 1284 775 0
6730 1 1161 630 1282 773 0
6731 1 1157 625 1278 771 0
6732 1 1153 620 1275 769 0
6733 1 1147 619 1264 765 0
6734 1 1141 618 1253 762 0
6735 1 1135 616 1242 757 0
6736 1 1129 615 1231 753 0
6737 1 1122 588 1244 739 0
6738 1 1118 581 1238 731 0
6739 1 1115 575 1233 724 0
6740 1 1111 569 1227 717 0
6741 1 1107 563 1221 709 0
6742 1 1103 556 1216 701 0
6743 1 1100 550 1217 700 0
6744 1 1096 544 1218 698 0
6745 1 1106 544 1228 699 0
6746 1 1115 544 1237 699 0
6747 1 1125 544 1247 700 0
6748 1 1135 544 1257 700 0
6749 1 1145 543 1267 699 0
6750 1 1157 543 1283 697 0
6751 1 1169 543 1299 695 0
6752 1 1182 542 1316 692 0
6753 1 1194 542 1332 690 0
6754 1 1225 534 1355 687 0
6755 1 1256 527 1378 686 0
6756 1 1285 526 1406 685 0
6757 1 1305 532 1426 688 0
6758 1 1325 539 1446 691 0
6759 1 1345 545 1466 694 0
6760 1 1375 541 1495 691 0
6761 1 1406 538 1525 690 0
6762 1 1434 530 1570 700 0
6763 1 1453 526 1590 697 0
6764 1 1483 548 1620 697 0
6765 1 1517 547 1634 684 0
6766 1 1549 560 1666 697 0
6767 1 1571 551 1688 688 0
6768 1 1606 555 1723 692 0
6769 1 1631 550 1748 687 0
6770 1 1662 542 1779 679 0
6795 1 1764 448 1859 550 0
6796 1 1754 448 1849 550 0
6797 1 1744 448 1839 550 0
6798 1 1713 451 1808 553 0
6799 1 1690 449 1785 551 0
6800 1 1679 451 1774 553 0
6801 1 1661 464 1756 566 0
6802 1 1626 474 1721 576 0
6803 1 1605 485 1700 587 0
6804 1 1584 489 1679 591 0
6805 1 1579 489 1674 591 0
6806 1 1573 488 1668 590 0
6807 1 1563 474 1658 576 0
6808 1 1549 474 1644 576 0
6809 1 1533 474 1628 576 0
6810 1 1513 472 1608 574 0
6811 1 1495 479 1590 581 0
6812 1 1496 471 1591 573 0
6813 1 1487 459 1582 561 0
6814 1 1480 441 1575 543 0
6815 1 1506 385 1586 497 0
6816 1 1517 392 1592 499 0
6817 1 1521 399 1600 508 0
6818 1 1524 408 1608 523 0
6819 1 1527 417 1605 523 0
6820 1 1530 426 1617 544 0
6821 1 1533 435 1629 564 0
6822 1 1536 444 1642 584 0
6823 1 1545 450 1642 583 0
6824 1 1554 457 1642 583 0
6825 1 1544 458 1636 587 0
6826 1 1534 460 1630 591 0
6827 1 1524 462 1623 596 0
6828 1 1506 464 1607 599 0
6829 1 1488 466 1590 603 0
6830 1 1470 467 1574 605 0
6831 1 1453 469 1559 609 0
6832 1 1432 471 1538 611 0
6833 1 1422 479 1517 604 0
6834 1 1411 486 1496 597 0
6835 1 1403 486 1486 597 0
6836 1 1395 486 1477 597 0
6837 1 1388 486 1468 597 0
6838 1 1360 473 1437 539 0
7095 1 1017 696 1113 801 0
7096 1 1032 693 1120 786 0
7097 1 1024 681 1119 787 0
7098 1 1017 670 1118 788 0
7099 1 1013 676 1123 788 0
7100 1 1007 668 1113 787 0
7101 1 1013 675 1106 784 0
7102 1 1022 664 1121 770 0
7103 1 1003 672 1102 772 0
7104 1 990 672 1095 776 0
7105 1 990 666 1086 776 0
7106 1 984 671 1083 776 0
7107 1 983 681 1078 784 0
7108 1 972 668 1083 779 0
7109 1 974 656 1096 770 0
7110 1 977 643 1111 761 0
7111 1 980 630 1126 752 0
7112 1 975 626 1121 748 0
7113 1 971 622 1117 744 0
7114 1 966 618 1112 740 0
7115 1 962 614 1108 736 0
7116 1 967 612 1113 734 0
7117 1 973 609 1119 731 0
7118 1 978 607 1124 729 0
7119 1 984 605 1130 727 0
7120 1 991 600 1137 722 0
7121 1 997 596 1143 718 0
7122 1 1004 592 1150 714 0
7123 1 1011 587 1157 709 0
7124 1 996 623 1114 726 0
7125 1 1016 622 1116 713 0
7126 1 1016 612 1119 698 0
7127 1 1048 602 1136 689 0
7128 1 1050 590 1145 679 0
7129 1 1053 590 1146 690 0
7130 1 1064 591 1147 689 0
7131 1 1070 591 1159 690 0
7132 1 1082 592 1175 688 0
7320 1 1022 693 1096 769 1
7321 1 1022 697 1096 772 1
7322 1 1022 701 1097 776 1
7323 1 1018 699 1093 774 1
7324 1 1015 697 1091 772 1
7325 1 1011 695 1088 770 1
7326 1 1007 693 1084 767 1
7327 1 1003 691 1081 765 1
7328 1 999 689 1077 763 1
7329 1 995 688 1074 762 1
7330 1 992 686 1071 760 1
7331 1 988 684 1068 758 1
7332 1 984 674 1064 747 1
7333 1 980 664 1061 737 0
7334 1 969 654 1050 727 0
7335 1 958 644 1040 717 0
7336 1 956 638 1038 711 0
7337 1 953 633 1036 705 0
7338 1 951 627 1035 699 0
7339 1 953 636 1037 708 0
7340 1 955 645 1040 717 0
7341 1 957 654 1042 726 0
7342 1 964 668 1050 740 0
7343 1 966 678 1052 749 0
7344 1 969 689 1056 760 0
7345 1 972 693 1059 764 0
7346 1 975 698 1063 769 0
7347 1 978 700 1066 771 0
7348 1 980 701 1069 772 0
7349 1 983 703 1072 773 0
7350 1 986 705 1076 775 0
7351 1 980 702 1071 772 0
7352 1 973 700 1064 770 0
7353 1 967 697 1059 767 0
7354 1 961 694 1053 763 0
7355 1 954 692 1047 761 0
7356 1 948 689 1041 758 0
7357 1 942 686 1036 755 0
7358 1 936 686 1030 755 0
7359 1 931 685 1026 754 0
7360 1 926 685 1021 753 0
7361 1 926 685 1018 755 0
7362 1 927 686 1015 758 0
7363 1 927 687 1012 761 0
7364 1 928 687 1009 763 0
7365 1 921 695 1005 769 0
7366 1 915 702 1003 775 0
7367 1 908 709 999 780 0
7368 1 909 713 995 784 0
7369 1 909 717 990 789 0
7370 1 909 721 985 793 0
7371 1 911 723 982 793 0
7372 1 911 728 976 799 0
7373 1 912 732 971 804 0
7374 1 908 736 969 805 0
7375 1 904 739 968 804 0
7376 1 900 742 967 803 0
7377 1 892 744 961 814 0
7378 1 885 750 957 834 0
7379 1 878 757 956 829 0
7380 1 872 747 970 809 0
7381 1 884 747 975 807 0
7382 1 895 748 979 806 0
7383 1 907 749 983 804 0
7384 1 908 749 985 808 0
7385 1 910 748 987 810 0
7386 1 911 748 988 813 0
7387 1 916 751 989 810 0
7388 1 922 755 991 809 0
7389 1 932 758 1001 811 0
7390 1 945 764 1011 815 0
7391 1 958 769 1021 804 0
7479 1 1085 362 1199 424 1
7480 1 1085 365 1209 432 1
7481 1 1085 368 1219 441 1
7482 1 1093 373 1218 451 1
7483 1 1101 377 1218 460 1
7484 1 1109 381 1217 470 1
7485 1 1115 374 1226 474 1
7486 1 1120 367 1233 478 1
7487 1 1126 359 1242 481 1
7488 1 1126 359 1263 490 1
7489 1 1155 358 1275 486 1
7490 1 1178 365 1304 496 1
7491 1 1209 386 1322 521 1
7492 1 1210 413 1323 556 1
7493 1 1230 431 1343 574 1
7494 1 1246 471 1359 614 1
7495 1 1261 495 1356 638 1
7496 1 1276 516 1371 659 1
7497 1 1276 531 1371 674 1
7498 1 1276 547 1371 690 1
7499 1 1286 583 1381 726 1
7500 1 1306 600 1401 743 1
7501 1 1307 611 1402 754 1
7502 1 1316 618 1411 761 1
7503 1 1318 626 1413 769 1
7504 1 1316 639 1420 773 1
7505 1 1334 626 1432 773 1
7506 1 1334 616 1437 765 1
7507 1 1334 606 1442 757 1
7508 1 1334 596 1446 749 1
7509 1 1334 586 1451 740 1
7510 1 1322 575 1472 738 1
7511 1 1339 560 1513 714 1
7512 1 1354 547 1531 721 1
7513 1 1354 544 1559 721 1
7514 1 1354 533 1574 720 1
7515 1 1368 525 1588 710 1
7516 1 1382 517 1602 700 1
7517 1 1382 515 1624 700 1
7518 1 1382 513 1645 700 0
7519 1 1395 505 1655 700 0
7520 1 1409 498 1666 700 0
7521 1 1421 490 1678 692 0
7522 1 1433 481 1690 683 0
7523 1 1445 471 1702 673 0
7524 1 1458 462 1715 664 0
7525 1 1457 464 1713 664 0
7526 1 1456 465 1710 663 0
7527 1 1455 467 1708 663 0
7528 1 1455 468 1706 662 0
7529 1 1454 470 1704 662 0
7530 1 1453 472 1701 662 0
7531 1 1452 473 1698 661 0
7532 1 1452 475 1697 661 0
7533 1 1442 478 1688 665 0
7534 1 1432 481 1679 670 0
7535 1 1422 483 1670 673 0
7536 1 1420 482 1669 673 0
7537 1 1418 481 1668 673 0
7538 1 1416 480 1667 673 0
7539 1 1418 471 1670 666 0
7540 1 1419 463 1671 659 0
7541 1 1421 455 1674 652 0
7542 1 1418 440 1672 638 0
7543 1 1415 424 1670 624 0
7544 1 1413 409 1669 610 0
7545 1 1410 393 1667 595 0
7546 1 1425 396 1678 571 0
7547 1 1458 371 1711 546 0
7548 1 1506 332 1741 525 0
7549 1 1546 286 1781 479 0
7550 1 1586 255 1821 468 0
7551 1 1629 203 1831 416 0
7552 1 1614 165 1816 409 0
7553 1 1602 136 1804 380 0
7554 1 1547 113 1749 379 0
7555 1 1547 86 1749 352 0
7556 1 1504 54 1706 337 0
7557 1 1480 25 1682 308 0
7558 1 1482 0 1684 277 0
7559 1 1482 0 1684 247 0
7560 1 1462 0 1664 222 0
7561 1 1421 0 1623 213 0
7562 1 1407 0 1609 205 0
7563 1 1393 0 1595 198 0
7564 1 1380 0 1582 190 0
7565 1 1366 0 1568 182 0
7566 1 1352 0 1554 175 0
7567 1 1339 0 1541 167 0
7568 1 1325 0 1527 159 0
7569 1 1310 0 1527 159 0
7570 1 1310 0 1527 136 0
7571 1 1310 0 1527 131 0
7572 1 1310 0 1527 126 0
7573 1 1310 0 1527 121 0
7574 1 1310 0 1527 116 0
7575 1 1328 0 1527 116 0
7576 1 1349 0 1527 98 0
7577 1 1362 0 1527 92 0
7578 1 1376 0 1527 86 0
7579 1 1381 0 1531 84 0
7580 1 1387 0 1536 81 0
7581 1 1392 0 1541 79 0
7582 1 1398 0 1546 77 0
7583 1 1403 0 1550 74 0
7584 1 1409 0 1555 72 0
7585 1 1415 0 1569 71 0
7586 1 1421 0 1584 71 0
7587 1 1428 0 1600 71 0
7588 1 1434 0 1615 71 0
7589 1 1440 0 1629 71 0
7590 1 1447 0 1645 70 0
7591 1 1453 0 1660 70 0
7592 1 1459 0 1675 70 0
7593 1 1472 0 1675 83 0
7594 1 1485 0 1675 97 0
7595 1 1489 0 1681 98 0
7596 1 1493 0 1687 99 0
7597 1 1497 0 1693 100 0
7598 1 1501 0 1699 100 0
7599 1 1506 0 1706 101 0
7600 1 1510 0 1712 102 0
7601 1 1514 0 1718 103 0
7602 1 1518 0 1724 104 0
7603 1 1522 0 1730 105 0
7604 1 1526 0 1736 106 0
7605 1 1531 0 1748 106 0
7606 1 1536 0 1760 106 0
7607 1 1541 0 1773 106 0
7608 1 1553 0 1770 104 0
7609 1 1565 0 1768 102 0
7610 1 1576 0 1764 100 0
7611 1 1588 0 1762 99 0
7612 1 1599 0 1758 97 0
7613 1 1602 0 1761 97 0
7614 1 1605 0 1764 97 0
7615 1 1608 0 1767 97 0
7616 1 1610 0 1769 97 0
7617 1 1613 0 1772 97 0
7618 1 1616 0 1775 97 0
7619 1 1618 0 1777 96 0
7620 1 1619 0 1778 94 0
7621 1 1621 0 1780 93 0
7622 1 1623 0 1782 92 0
7623 1 1624 0 1783 91 0
7624 1 1626 0 1785 89 0
7625 1 1628 0 1787 88 0
7626 1 1630 0 1789 87 0
7627 1 1631 0 1790 86 0
7628 1 1633 0 1792 84 0
7629 1 1635 0 1794 83 0
7630 1 1637 0 1796 82 0
7631 1 1637 0 1808 83 0
7632 1 1637 0 1821 84 0
7633 1 1637 0 1833 85 0
7634 1 1637 1 1845 86 0
7635 1 1629 2 1857 91 0
7636 1 1635 2 1855 95 0
7637 1 1640 2 1852 88 0
7638 1 1640 2 1850 103 0
7639 1 1638 2 1848 104 0
7640 1 1632 0 1844 100 0
7641 1 1632 0 1840 106 0
7642 1 1628 0 1838 113 0
7643 1 1628 2 1836 113 0
7644 1 1632 6 1836 118 0
7645 1 1616 2 1824 130 0
7646 1 1612 2 1820 130 0
7647 1 1602 0 1812 128 0
7648 1 1594 0 1806 130 0
7649 1 1582 0 1796 156 0
7650 1 1582 0 1793 153 0
7651 1 1582 0 1791 151 0
7652 1 1582 0 1788 148 0
7653 1 1582 0 1786 146 0
7654 1 1582 0 1783 143 0
7655 1 1582 0 1781 141 0
7656 1 1582 0 1778 138 0
7657 1 1582 0 1776 136 0
7658 1 1582 0 1773 134 0
7659 1 1582 0 1771 131 0
7660 1 1568 0 1764 132 0
7661 1 1566 0 1760 132 0
7662 1 1562 0 1756 138 0
7663 1 1562 2 1756 138 0
7664 1 1550 0 1746 136 0
7665 1 1550 0 1748 138 0
7666 1 1548 0 1746 138 0
7667 1 1548 0 1748 144 0
7668 1 1550 2 1750 146 0
7669 1 1546 0 1748 140 0
7670 1 1546 0 1748 140 0
7671 1 1546 0 1748 140 0
7672 1 1548 2 1750 142 0
7673 1 1550 2 1752 142 0
7674 1 1554 0 1752 140 0
7675 1 1560 2 1762 146 0
7676 1 1568 4 1766 148 0
7677 1 1568 2 1768 150 0
7678 1 1574 0 1772 154 0
7679 1 1574 0 1768 156 0
7680 1 1576 2 1772 158 0
7681 1 1574 2 1768 160 0
7682 1 1572 2 1768 168 0
7683 1 1572 2 1768 172 0
7684 1 1580 4 1774 174 0
7685 1 1582 6 1774 176 0
7686 1 1576 0 1770 127 0
7687 1 1578 0 1771 125 0
7688 1 1581 0 1774 124 0
7689 1 1583 0 1776 122 0
7690 1 1586 0 1779 121 0
7691 1 1589 0 1763 118 0
7692 1 1574 0 1766 110 0
7693 1 1580 0 1757 112 0
7694 1 1572 0 1749 112 0
7695 1 1564 0 1741 112 0
7696 1 1557 0 1734 112 0
7697 1 1549 0 1726 112 0
7698 1 1534 0 1738 138 0
7699 1 1533 0 1736 139 0
7700 1 1532 0 1734 140 0
7701 1 1532 0 1734 140 0
7702 1 1532 0 1734 141 0
7703 1 1532 0 1734 142 0
7704 1 1532 0 1734 143 0
7705 1 1532 0 1734 144 0
7706 1 1532 0 1734 145 0
7707 1 1532 0 1734 146 0
7708 1 1532 0 1734 146 0
7709 1 1532 0 1734 147 0
7710 1 1532 0 1734 148 0
7711 1 1532 0 1734 149 0
7712 1 1532 0 1734 150 0
7713 1 1532 0 1734 151 0
7714 1 1532 0 1734 152 0
7715 1 1532 0 1734 153 0
7716 1 1532 0 1734 153 0
7717 1 1532 0 1734 154 0
7718 1 1532 0 1734 155 0
7719 1 1532 0 1734 156 0
7720 1 1532 0 1734 157 0
7721 1 1532 0 1734 158 0
7722 1 1532 0 1734 159 0
7723 1 1532 0 1734 160 0
7724 1 1532 0 1734 160 0
7725 1 1532 0 1734 161 0
7726 1 1532 0 1734 162 0
7727 1 1532 0 1734 163 0
7728 1 1532 0 1734 164 0
7729 1 1530 0 1732 166 0
7730 1 1528 0 1730 169 0
7731 1 1527 0 1729 171 0
7732 1 1525 0 1727 173 0
7733 1 1523 0 1725 176 0
7734 1 1522 0 1724 178 0
7735 1 1520 0 1722 180 0
7736 1 1497 0 1699 198 0
7737 1 1462 0 1664 214 0
7738 1 1424 0 1626 233 0
7739 1 1351 0 1553 240 0
7740 1 1299 0 1501 245 0
7741 1 1255 0 1457 252 0
7742 1 1210 0 1412 258 0
7743 1 1165 0 1367 265 0
7744 1 1137 0 1356 269 0
7745 1 1126 2 1358 249 0
7746 1 1130 0 1349 245 0
7747 1 1133 2 1340 250 0
7748 1 1124 0 1343 243 0
7749 1 1146 0 1359 228 0
7750 1 1134 0 1351 209 0
7751 1 1142 2 1358 209 0
7752 1 1144 0 1367 209 0
7753 1 1144 0 1368 210 0
7754 1 1152 0 1370 206 0
7755 1 1150 0 1390 202 0
7756 1 1150 6 1384 198 0
7757 1 1150 0 1386 195 0
7758 1 1152 4 1386 192 0
7759 1 1168 0 1394 186 0
7760 1 1160 0 1396 170 0
7761 1 1151 0 1392 168 0
7762 1 1142 0 1388 166 0
7763 1 1160 0 1387 165 0
7764 1 1152 0 1400 164 0
7765 1 1152 0 1414 162 0
7766 1 1159 0 1422 164 0
7767 1 1166 0 1430 166 0
7768 1 1171 0 1435 164 0
7769 1 1176 0 1440 162 0
7770 1 1180 0 1438 159 0
7771 1 1184 0 1436 156 0
7772 1 1186 0 1438 152 0
7773 1 1188 0 1440 148 0
7774 1 1203 0 1439 148 0
7775 1 1206 0 1460 155 0
7776 1 1208 0 1464 154 0
7777 1 1210 0 1468 152 0
7778 1 1230 0 1467 142 0
7779 1 1231 0 1473 148 0
7780 1 1225 0 1474 148 0
7781 1 1220 0 1476 148 0
7782 1 1226 0 1478 146 0
7783 1 1251 0 1477 146 0
7784 1 1242 0 1484 144 1
7785 1 1245 0 1486 144 1
7786 1 1248 0 1488 144 1
7787 1 1248 1 1486 143 1
7788 1 1248 2 1484 142 1
7789 1 1244 2 1482 144 1
7790 1 1238 2 1476 148 1
7791 1 1238 2 1478 148 1
7792 1 1232 2 1476 150 1
7793 1 1234 2 1474 150 1
7794 1 1236 4 1474 156 1
7795 1 1230 4 1474 160 1
7796 1 1228 4 1472 162 1
7797 1 1226 4 1466 170 1
7798 1 1230 12 1466 176 1
7799 1 1226 4 1462 166 1
7800 1 1226 4 1460 164 1
7801 1 1226 4 1460 178 1
7802 1 1224 4 1462 184 1
7803 1 1234 0 1470 160 0
7804 1 1236 0 1476 158 0
7805 1 1235 0 1471 174 0
7806 1 1238 0 1476 177 0
7807 1 1244 10 1474 210 0
7808 1 1246 12 1476 210 0
7809 1 1254 8 1486 214 0
7810 1 1256 6 1488 210 0
7811 1 1260 4 1488 206 0
7812 1 1262 4 1490 202 0
7813 1 1268 10 1494 204 0
7814 1 1282 30 1506 218 0
7815 1 1298 62 1516 238 0
7816 1 1316 100 1526 264 0
7817 1 1334 144 1532 296 0
7818 1 1346 177 1529 385 0
7819 1 1358 273 1498 451 0
7820 1 1370 400 1489 551 0
7822 1 1334 608 1439 709 0
7823 1 1333 691 1408 768 0
7824 1 1303 761 1386 796 0
7900 1 1097 992 1211 1079 0
7901 1 1093 988 1206 1080 0
7902 1 1089 984 1201 1080 0
7903 1 1084 980 1194 1081 0
7904 1 1080 975 1189 1080 0
7905 1 1076 971 1184 1081 0
7906 1 1072 967 1178 1081 0
7907 1 1067 962 1172 1081 0
7908 1 1063 958 1167 1081 0
7909 1 1063 956 1168 1081 0
7910 1 1063 953 1170 1081 0
7911 1 1063 951 1171 1081 0
7912 1 1063 948 1173 1080 0
7913 1 1063 946 1174 1081 0
7914 1 1063 943 1176 1080 0
7915 1 1063 941 1177 1080 0
7916 1 1063 939 1179 1081 0
7917 1 1063 936 1180 1080 0
7918 1 1063 934 1182 1080 0
7919 1 1063 931 1183 1080 0
7920 1 1065 926 1185 1075 0
7921 1 1067 921 1187 1070 0
7922 1 1069 916 1189 1065 0
7923 1 1073 902 1193 1051 0
7924 1 1076 888 1196 1037 0
7925 1 1082 882 1196 1022 0
7926 1 1087 875 1194 1006 0
7927 1 1093 869 1194 991 0
7928 1 1087 840 1204 965 0
7929 1 1123 802 1222 937 0
7930 1 1123 766 1254 898 0
7931 1 1175 727 1276 859 0
7932 1 1218 671 1319 802 0
7933 1 1272 623 1376 754 0
7934 1 1333 572 1432 700 0
7935 1 1382 516 1504 666 0
7936 1 1435 483 1551 618 0
7937 1 1476 460 1599 576 0
7938 1 1503 422 1634 562 0
7939 1 1546 399 1659 534 0
7940 1 1546 371 1675 534 0
7941 1 1552 383 1686 520 0
7942 1 1572 381 1689 517 0
7943 1 1592 378 1693 513 0
7944 1 1592 374 1708 514 0
7945 1 1588 370 1704 512 0
7946 1 1583 366 1700 511 0
7947 1 1565 359 1694 515 0
7948 1 1556 356 1684 514 0
7949 1 1548 354 1675 513 0
7950 1 1525 358 1651 519 0
7951 1 1503 363 1627 526 0
7952 1 1481 367 1604 532 1
7953 1 1459 372 1581 538 1
7954 1 1437 377 1558 545 1
7955 1 1379 383 1500 554 1
7956 1 1291 387 1413 561 1
7957 1 1187 408 1309 582 1
7958 1 1039 429 1183 594 1
7959 1 869 456 1013 621 1
7960 1 683 526 826 657 1
7961 1 448 603 591 734 1
7962 1 227 733 370 864 1
8376 1 1791 722 1838 790 1
8377 1 1687 743 1736 802 1
8378 1 1583 765 1633 814 1
8379 1 1524 769 1570 816 1
8380 1 1465 774 1506 819 1
8381 1 1422 766 1462 819 1
8382 1 1381 776 1421 823 1
8383 1 1339 787 1379 828 1
8384 1 1307 789 1347 828 1
8385 1 1274 791 1314 828 0
8386 1 1252 791 1290 835 0
8387 1 1230 791 1266 842 0
8388 1 1206 801 1244 842 0
8389 1 1195 793 1231 836 0
8390 1 1184 785 1219 830 0
8391 1 1174 780 1212 830 0
8392 1 1164 775 1205 830 0
8393 1 1158 780 1198 830 0
8394 1 1153 785 1193 830 0
8395 1 1153 784 1193 830 0
8396 1 1153 784 1193 831 0
8397 1 1153 783 1193 831 0
8398 1 1154 782 1195 830 0
8399 1 1154 781 1195 830 0
8400 1 1154 780 1195 830 0
8401 1 1155 779 1196 830 0
8402 1 1155 778 1196 830 0
8403 1 1155 778 1197 831 0
8404 1 1156 777 1198 831 0
8405 1 1156 776 1198 830 0
8406 1 1156 775 1198 830 0
8407 1 1162 763 1202 813 0
8408 1 1167 752 1204 797 0
8409 1 1182 730 1231 775 0
8410 1 1242 697 1287 741 0
8411 1 1325 635 1367 688 0
8412 1 1429 580 1478 620 0
8413 1 1536 506 1586 547 0
8438 1 1556 506 1613 563 0
8439 1 1459 541 1506 590 0
8440 1 1392 571 1428 621 0
8441 1 1334 609 1380 644 0
8442 1 1308 617 1350 672 0
8443 1 1276 623 1329 674 0
8444 1 1260 632 1310 687 0
8445 1 1252 641 1300 697 0
8446 1 1243 650 1288 707 0
8447 1 1234 658 1276 716 0
8448 1 1229 663 1271 720 0
8449 1 1225 667 1267 724 0
8450 1 1220 672 1262 728 0
8451 1 1215 676 1256 731 0
8452 1 1210 681 1251 736 0
8453 1 1206 685 1247 739 0
8454 1 1200 684 1240 738 0
8455 1 1195 682 1235 737 0
8456 1 1190 680 1229 735 0
8457 1 1185 678 1223 733 0
8458 1 1184 683 1224 736 0
8459 1 1183 689 1224 739 0
8460 1 1182 695 1224 743 0
8461 1 1181 701 1224 746 0
8462 1 1183 702 1226 745 0
8463 1 1185 704 1229 745 0
8464 1 1186 702 1229 743 0
8465 1 1186 700 1229 741 0
8466 1 1187 699 1230 741 0
8467 1 1188 697 1231 739 0
8468 1 1188 695 1231 737 0
8469 1 1189 694 1231 736 0
8470 1 1191 691 1233 734 0
8471 1 1193 688 1235 731 0
8472 1 1195 685 1237 729 0
8473 1 1193 683 1234 727 0
8474 1 1190 680 1231 725 0
8475 1 1188 678 1228 723 0
8476 1 1186 675 1225 721 0
8477 1 1183 672 1221 718 0
8478 1 1181 670 1218 717 0
8479 1 1178 667 1215 714 0
8480 1 1176 664 1212 712 0
8481 1 1177 664 1213 712 0
8482 1 1178 664 1215 712 0
8483 1 1180 663 1217 711 0
8484 1 1181 663 1219 711 0
8485 1 1182 663 1221 712 0
8486 1 1184 662 1223 711 0
8487 1 1185 662 1225 711 1
8488 1 1184 662 1224 712 1
8489 1 1183 662 1224 713 1
8490 1 1183 662 1225 714 1
8491 1 1182 662 1225 714 1
8492 1 1181 662 1225 715 1
8493 1 1180 662 1224 716 1
8494 1 1179 662 1224 717 1
8495 1 1179 662 1225 718 1
8496 1 1178 662 1225 719 0
8497 1 1177 662 1224 720 0
8498 1 1191 654 1236 704 0
8499 1 1204 645 1246 687 0
8500 1 1243 610 1280 661 0
8501 1 1307 580 1344 617 0
8502 1 1387 521 1429 572 0
8503 1 1482 465 1520 522 0
8504 1 1582 414 1635 474 0
8505 1 1690 375 1731 437 0
8520 1 1635 263 1690 321 0
8521 1 1543 246 1593 292 0
8522 1 1459 235 1504 292 0
8523 1 1378 206 1432 266 0
8524 1 1325 202 1375 247 0
8525 1 1287 183 1336 236 0
8526 1 1258 171 1307 226 0
8527 1 1236 161 1285 217 0
8528 1 1215 152 1264 209 0
8529 1 1192 148 1242 203 0
8530 1 1169 145 1220 198 0
8531 1 1152 140 1204 190 0
8532 1 1134 135 1186 182 0
8533 1 1116 130 1169 174 0
8534 1 1104 120 1155 166 0
8535 1 1092 110 1142 159 0
8536 1 1080 99 1129 150 0
8537 1 1073 94 1121 144 0
8538 1 1066 89 1114 138 0
8539 1 1059 84 1106 131 0
8540 1 1057 79 1107 127 0
8541 1 1054 75 1106 123 0
8542 1 1051 70 1105 118 0
8543 1 1049 66 1105 115 0
8544 1 1046 62 1104 111 0
8545 1 1047 60 1102 111 0
8546 1 1047 59 1099 112 0
8547 1 1048 58 1096 112 0
8548 1 1048 57 1093 113 0
8549 1 1047 56 1092 111 0
8550 1 1042 54 1088 107 0
8551 1 1036 53 1083 105 0
8552 1 1031 51 1077 96 0
8553 1 1025 50 1089 99 0
8554 1 1009 46 1069 93 0
8555 1 992 43 1049 89 0
8556 1 976 39 1029 83 0
8557 1 959 36 1008 78 0
8558 1 946 36 998 82 0
8559 1 933 37 988 87 0
8560 1 920 38 978 92 0
8561 1 906 39 963 94 0
8562 1 892 41 947 97 0
8563 1 878 42 932 99 0
8564 1 861 49 915 106 0
8565 1 844 55 897 112 0
8566 1 827 62 880 120 0
8567 1 806 59 857 115 0
8568 1 784 56 834 110 0
8569 1 763 53 812 105 0
8570 1 741 50 788 100 0
8571 1 712 50 762 101 0
8572 1 683 50 736 102 0
8573 1 654 50 709 103 0
8574 1 637 44 690 97 0
8575 1 619 39 670 93 0
8576 1 601 33 650 87 0
8577 1 580 19 650 65 0
8578 1 559 0 622 41 0
8798 1 1093 597 1127 626 0
8799 1 1071 609 1101 638 0
8800 1 1053 625 1087 655 0
8801 1 1035 640 1072 672 0
8802 1 1026 654 1063 686 0
8803 1 1016 667 1053 699 0
8804 1 1011 667 1053 701 0
8805 1 1006 667 1053 702 0
8806 1 1000 663 1047 701 0
8807 1 993 658 1039 699 0
8808 1 987 654 1033 698 0
8809 1 987 637 1034 681 0
8810 1 987 620 1034 664 0
8811 1 987 604 1034 639 0
8812 1 1005 566 1048 612 0
8813 1 1023 529 1062 585 0
8814 1 1055 493 1101 549 0
8815 1 1126 445 1163 482 0
8816 1 1199 383 1241 424 0
8817 1 1295 327 1327 366 0
8818 1 1377 277 1407 312 0
8819 1 1463 240 1502 275 0
8820 1 1550 202 1580 248 0
8821 1 1627 192 1661 222 0
8822 1 1678 159 1715 215 0
8823 1 1656 154 1696 200 0
8824 1 1528 142 1572 174 0
8825 1 1326 130 1368 160 0
8826 1 1153 125 1190 160 0
8827 1 1083 94 1125 133 0
8828 1 1107 72 1156 123 0
8829 1 1194 62 1238 113 0
8830 1 1280 62 1320 113 0
8831 1 1348 56 1399 105 0
8832 1 1400 50 1437 97 0
8833 1 1434 38 1481 96 0
8834 1 1465 38 1512 96 0
8835 1 1487 34 1529 78 0
8836 1 1504 34 1541 73 0
8837 1 1514 26 1552 71 0
8838 1 1524 19 1563 70 0
8839 1 1524 19 1571 60 0
8840 1 1535 19 1572 66 0
8841 1 1535 10 1576 66 0
8842 1 1545 10 1586 57 0
8843 1 1550 10 1591 59 0
8844 1 1555 10 1596 61 0
8845 1 1562 10 1603 61 0
8846 1 1568 10 1609 61 0
8847 1 1574 10 1615 61 0
8848 1 1582 10 1621 61 0
8849 1 1589 10 1626 61 0
8850 1 1594 10 1632 61 0
8851 1 1599 10 1638 61 0
8852 1 1604 10 1644 61 0
8853 1 1608 10 1649 61 0
8854 1 1609 10 1649 60 0
8855 1 1610 10 1649 59 0
8856 1 1611 10 1650 58 0
8857 1 1612 10 1650 57 0
8858 1 1613 10 1651 56 0
8859 1 1614 10 1651 56 0
8860 1 1614 10 1651 55 0
8861 1 1615 10 1651 54 0
8862 1 1616 10 1652 53 0
8863 1 1617 10 1652 52 0
8864 1 1618 10 1653 51 0
8865 1 1619 10 1653 50 0
8866 1 1619 1 1650 47 0
8867 1 1617 3 1652 43 0
8868 1 1620 4 1648 43 0
8869 1 1623 6 1653 46 0
8870 1 1626 7 1659 47 0
8871 1 1629 9 1660 49 0
8872 1 1632 10 1664 56 0
8873 1 1637 10 1672 54 0
8874 1 1641 10 1678 53 0
8875 1 1645 10 1685 52 0
8876 1 1649 10 1691 51 0
8877 1 1662 10 1702 55 0
8878 1 1674 10 1713 60 0
8879 1 1686 10 1723 65 0
8880 1 1693 13 1733 68 0
8881 1 1700 16 1743 72 0
8882 1 1708 19 1754 75 0
