248 1 1834 808 1918 976 0
249 1 1762 750 1918 937 0
250 1 1697 724 1867 950 0
251 1 1615 697 1805 915 0
252 1 1540 683 1725 901 0
253 1 1471 668 1651 918 0
254 1 1423 695 1605 887 0
255 1 1372 644 1564 882 0
256 1 1343 649 1530 882 0
257 1 1317 651 1509 867 0
258 1 1288 635 1468 861 0
259 1 1283 620 1456 867 0
260 1 1261 632 1431 870 0
261 1 1254 644 1427 855 0
262 1 1252 640 1417 870 0
263 1 1245 640 1413 853 0
264 1 1230 630 1400 858 0
265 1 1223 656 1391 872 0
266 1 1213 659 1378 861 0
267 1 1204 644 1382 870 0
268 1 1204 654 1367 863 0
269 1 1196 627 1371 865 0
270 1 1196 651 1354 860 0
271 1 1187 613 1360 846 0
272 1 1182 622 1352 840 0
273 1 1187 620 1379 836 0
274 1 1182 630 1335 832 0
275 1 1172 606 1345 820 0
276 1 1170 577 1331 798 0
277 1 1158 543 1331 771 0
278 1 1134 517 1324 755 0
279 1 1134 509 1299 739 0
280 1 1115 517 1283 726 0
281 1 1110 500 1285 723 0
282 1 1103 493 1266 707 0
283 1 1093 483 1290 704 0
284 1 1088 471 1266 685 0
285 1 1086 430 1254 663 0
286 1 1081 423 1246 656 0
287 1 1081 418 1251 644 0
288 1 1100 408 1273 603 0
289 1 1140 411 1312 595 0
290 1 1172 392 1345 608 0
291 1 1224 394 1394 635 1
292 1 1225 388 1407 630 1
293 1 1256 389 1430 624 1
294 1 1266 392 1434 610 1
295 1 1271 368 1441 601 1
296 1 1281 363 1456 591 1
297 1 1288 353 1461 588 1
298 1 1297 363 1465 577 1
299 1 1300 353 1458 564 1
300 1 1297 319 1499 525 1
301 1 1302 319 1482 549 1
302 1 1314 324 1477 542 1
303 1 1312 327 1477 541 1
304 1 1307 295 1516 521 0
305 1 1314 312 1521 519 0
306 1 1314 315 1489 533 0
307 1 1319 298 1504 560 0
308 1 1329 319 1494 530 0
309 1 1319 305 1504 533 0
310 1 1319 310 1492 528 0
311 1 1326 298 1504 531 0
312 1 1326 322 1504 536 0
313 1 1331 305 1494 535 0
314 1 1324 293 1499 521 0
315 1 1324 305 1506 521 0
316 1 1324 281 1502 523 0
317 1 1322 324 1490 521 0
318 1 1309 303 1477 519 0
319 1 1309 295 1467 509 0
320 1 1290 286 1470 519 0
321 1 1285 288 1448 483 0
322 1 1281 281 1444 491 0
323 1 1258 315 1435 499 0
324 1 1254 300 1430 501 0
325 1 1252 298 1430 503 0
326 1 1264 293 1437 493 0
327 1 1244 250 1452 504 0
328 1 1242 248 1450 508 0
329 1 1242 312 1434 504 0
330 1 1257 305 1413 519 0
331 1 1261 303 1407 517 0
332 1 1245 300 1403 506 0
333 1 1247 274 1410 509 0
334 1 1245 293 1415 495 0
335 1 1245 281 1430 497 0
336 1 1245 286 1413 461 0
337 1 1247 281 1415 480 0
338 1 1274 252 1420 441 0
339 1 1312 223 1468 437 0
340 1 1406 214 1586 430 0
341 1 1528 211 1710 405 0
342 1 1656 158 1824 367 0
343 1 1759 151 1915 357 0
394 1 1892 562 1923 723 0
395 1 1877 543 1922 742 0
396 1 1877 562 1922 742 0
397 1 1877 541 1922 743 0
398 1 1860 541 1922 743 0
399 1 1860 553 1922 743 0
400 1 1855 553 1922 716 0
401 1 1846 531 1922 716 0
402 1 1846 524 1922 716 0
403 1 1826 534 1919 709 0
404 1 1818 530 1921 707 0
405 1 1808 531 1916 703 0
406 1 1794 526 1915 702 0
407 1 1782 531 1895 698 0
408 1 1768 531 1894 698 0
409 1 1762 521 1871 694 0
410 1 1753 519 1862 692 0
411 1 1744 503 1858 678 0
412 1 1731 483 1851 676 0
413 1 1724 491 1839 661 0
414 1 1710 479 1833 647 0
415 1 1687 466 1805 628 0
416 1 1659 457 1778 614 0
417 1 1609 423 1738 603 0
418 1 1571 415 1705 559 0
419 1 1532 409 1657 581 0
420 1 1493 412 1640 591 0
421 1 1467 397 1612 569 0
422 1 1441 391 1592 552 0
423 1 1415 378 1573 550 0
424 1 1399 364 1550 542 0
425 1 1381 346 1526 531 0
426 1 1377 330 1537 521 0
427 1 1366 346 1528 515 0
428 1 1361 326 1525 513 0
429 1 1354 313 1501 511 0
430 1 1343 304 1507 497 0
431 1 1346 315 1508 493 0
432 1 1339 281 1506 494 0
433 1 1341 310 1525 488 0
434 1 1345 295 1510 486 0
435 1 1339 313 1495 484 0
436 1 1332 264 1524 482 0
437 1 1332 281 1524 467 0
438 1 1332 264 1526 457 0
439 1 1343 284 1497 466 0
440 1 1337 284 1504 464 0
441 1 1336 264 1496 455 0
442 1 1334 239 1510 457 0
443 1 1336 250 1521 459 0
444 1 1338 231 1510 456 0
445 1 1345 244 1525 446 0
446 1 1343 248 1519 439 0
447 1 1343 242 1521 438 0
448 1 1345 233 1499 433 0
449 1 1341 226 1533 417 0
450 1 1339 246 1490 415 0
451 1 1335 241 1497 423 0
452 1 1339 220 1499 420 0
453 1 1337 222 1519 418 0
454 1 1334 219 1510 430 0
455 1 1339 235 1526 430 0
456 1 1330 213 1526 433 0
457 1 1339 235 1534 431 0
458 1 1345 228 1536 437 0
459 1 1359 224 1530 435 0
460 1 1388 235 1559 435 0
461 1 1445 213 1609 424 0
462 1 1505 204 1685 430 0
463 1 1580 204 1742 419 0
464 1 1642 230 1806 414 0
465 1 1684 211 1833 426 0
466 1 1735 215 1882 424 0
467 1 1771 230 1918 430 0
468 1 1798 253 1921 435 0
469 1 1815 241 1922 446 0
470 1 1829 235 1920 455 0
471 1 1837 248 1920 455 0
472 1 1860 268 1920 492 0
473 1 1868 262 1920 502 0
474 1 1884 321 1922 503 0
519 1 1858 404 1922 610 1
520 1 1831 392 1922 603 1
521 1 1807 370 1912 591 1
522 1 1793 353 1922 586 1
523 1 1779 339 1923 565 1
524 1 1754 331 1915 559 1
525 1 1745 336 1920 552 1
526 1 1728 310 1896 536 1
527 1 1711 293 1889 528 1
528 1 1697 293 1879 519 1
529 1 1678 276 1836 509 1
530 1 1658 245 1817 487 1
531 1 1639 226 1831 485 1
532 1 1641 221 1816 475 1
533 1 1613 238 1793 464 1
534 1 1608 218 1778 458 1
535 1 1598 209 1780 456 1
536 1 1593 204 1773 444 1
537 1 1591 197 1773 442 1
538 1 1591 187 1759 437 1
539 1 1586 187 1768 437 1
540 1 1586 187 1776 425 1
541 1 1579 175 1761 432 1
542 1 1584 206 1757 441 1
543 1 1579 185 1742 437 1
544 1 1586 216 1765 441 0
545 1 1584 204 1752 437 0
546 1 1584 216 1766 451 0
547 1 1581 218 1754 456 0
548 1 1579 230 1749 458 0
549 1 1584 233 1747 459 0
550 1 1572 235 1750 463 0
551 1 1576 259 1741 461 0
552 1 1579 252 1754 463 0
553 1 1579 242 1747 465 0
554 1 1581 250 1756 456 0
555 1 1576 264 1751 468 0
556 1 1581 259 1766 465 0
557 1 1589 226 1764 468 0
558 1 1581 221 1778 468 0
559 1 1589 230 1776 470 0
560 1 1586 245 1768 463 0
561 1 1598 254 1754 460 0
562 1 1593 238 1768 459 0
563 1 1596 238 1764 459 0
564 1 1603 247 1756 458 0
565 1 1591 235 1754 461 0
566 1 1579 254 1740 475 0
567 1 1581 250 1766 464 0
568 1 1586 240 1766 463 0
569 1 1579 250 1759 464 0
570 1 1579 235 1728 465 0
571 1 1584 238 1771 473 0
572 1 1576 250 1790 466 0
573 1 1576 252 1778 478 0
574 1 1576 269 1727 475 0
575 1 1572 257 1786 478 0
576 1 1576 259 1770 473 0
577 1 1569 266 1759 472 0
578 1 1576 242 1761 480 0
579 1 1564 238 1729 480 0
580 1 1574 262 1768 471 1
581 1 1579 233 1764 473 1
582 1 1581 250 1739 464 1
583 1 1576 238 1770 466 1
584 1 1581 226 1734 473 1
585 1 1584 235 1759 470 1
586 1 1584 252 1749 466 1
587 1 1589 221 1757 463 1
588 1 1586 238 1773 464 1
589 1 1586 238 1744 464 1
590 1 1581 228 1744 456 1
591 1 1584 230 1778 453 1
592 1 1576 240 1751 454 1
593 1 1576 216 1756 446 1
594 1 1572 214 1752 435 1
595 1 1574 206 1766 432 1
596 1 1572 199 1752 420 1
597 1 1581 216 1746 420 1
598 1 1564 211 1766 413 1
599 1 1574 204 1749 406 1
600 1 1569 197 1747 401 1
601 1 1576 202 1763 396 1
602 1 1576 192 1746 394 1
603 1 1572 185 1709 401 1
604 1 1572 180 1766 394 1
605 1 1574 180 1749 389 1
606 1 1574 170 1747 384 1
607 1 1569 158 1744 374 1
608 1 1572 178 1752 399 1
609 1 1576 175 1756 377 1
610 1 1576 165 1746 379 1
611 1 1579 182 1740 376 1
612 1 1596 175 1740 381 1
613 1 1589 178 1740 380 1
614 1 1598 178 1763 377 1
615 1 1605 158 1775 379 1
616 1 1608 161 1783 377 1
617 1 1620 156 1783 374 1
618 1 1622 163 1792 379 1
619 1 1632 175 1802 384 1
620 1 1637 161 1810 384 1
621 1 1641 173 1809 394 1
622 1 1641 175 1804 395 1
623 1 1637 187 1795 396 1
624 1 1639 153 1807 395 0
625 1 1629 161 1815 391 0
626 1 1632 170 1814 393 0
627 1 1639 173 1813 385 0
628 1 1627 153 1780 393 0
629 1 1625 146 1790 386 0
630 1 1617 158 1770 398 0
631 1 1622 156 1787 374 0
632 1 1615 134 1768 381 0
633 1 1622 139 1790 393 0
634 1 1622 146 1787 386 0
635 1 1617 163 1778 386 0
636 1 1625 129 1790 391 0
637 1 1627 146 1792 393 0
638 1 1634 185 1797 394 0
639 1 1639 180 1785 401 0
640 1 1644 187 1814 398 0
641 1 1641 178 1794 406 0
642 1 1644 182 1807 403 0
643 1 1644 180 1790 410 0
644 1 1644 185 1819 397 0
645 1 1644 187 1805 396 0
646 1 1641 178 1780 404 0
647 1 1646 163 1787 405 0
648 1 1646 168 1768 396 0
649 1 1641 151 1790 391 0
650 1 1641 158 1792 381 0
651 1 1644 149 1822 377 0
652 1 1637 137 1825 359 0
653 1 1644 127 1802 359 0
654 1 1639 132 1804 351 0
655 1 1646 110 1799 348 0
656 1 1644 134 1812 349 0
657 1 1641 132 1809 349 0
658 1 1639 153 1804 351 0
659 1 1629 103 1780 355 0
660 1 1625 141 1783 359 0
661 1 1625 149 1766 379 0
662 1 1627 134 1771 379 0
663 1 1625 190 1795 394 0
664 1 1634 180 1785 389 0
665 1 1626 163 1800 403 0
666 1 1646 182 1815 401 0
667 1 1644 199 1797 403 0
668 1 1641 187 1790 408 0
669 1 1639 187 1785 408 0
670 1 1632 178 1783 411 0
671 1 1627 182 1783 415 0
672 1 1614 160 1808 424 0
673 1 1634 199 1807 435 0
674 1 1639 216 1804 434 0
675 1 1634 221 1785 444 0
676 1 1625 233 1778 454 0
677 1 1625 226 1793 452 0
678 1 1617 238 1768 461 0
679 1 1620 233 1773 479 0
680 1 1610 269 1765 489 0
681 1 1598 295 1757 495 0
682 1 1560 351 1729 519 0
683 1 1524 331 1665 557 0
684 1 1483 382 1657 581 0
685 1 1439 423 1627 611 0
686 1 1423 452 1609 635 0
687 1 1415 478 1568 651 0
688 1 1396 507 1574 689 0
689 1 1396 481 1569 711 0
690 1 1391 531 1554 728 0
691 1 1391 526 1578 732 0
692 1 1394 519 1557 735 0
693 1 1396 538 1578 744 0
694 1 1391 536 1547 742 0
695 1 1394 529 1564 743 0
696 1 1391 533 1559 751 0
697 1 1384 514 1554 756 0
698 1 1382 521 1552 749 0
699 1 1382 536 1564 745 0
700 1 1384 531 1552 757 0
701 1 1377 538 1562 754 0
702 1 1382 533 1533 756 0
703 1 1379 521 1564 751 0
704 1 1379 546 1544 752 0
705 1 1374 524 1549 747 0
706 1 1382 521 1540 751 0
707 1 1374 517 1537 747 0
708 1 1379 524 1525 745 0
709 1 1379 526 1540 747 0
710 1 1384 536 1552 742 0
711 1 1379 536 1544 745 0
712 1 1377 531 1542 752 0
713 1 1377 541 1545 750 0
714 1 1377 538 1542 747 0
715 1 1379 531 1549 752 0
716 1 1379 526 1532 752 0
717 1 1374 509 1547 744 0
718 1 1372 533 1533 749 0
719 1 1370 521 1562 754 0
720 1 1367 546 1530 757 0
721 1 1362 538 1549 752 0
722 1 1365 550 1528 761 0
723 1 1365 529 1535 755 0
724 1 1358 543 1540 752 0
725 1 1358 517 1536 752 0
726 1 1358 555 1523 759 0
727 1 1355 526 1528 756 0
728 1 1358 553 1528 767 0
729 1 1360 546 1535 760 0
730 1 1370 546 1521 769 0
731 1 1362 555 1532 764 0
732 1 1358 560 1526 766 0
733 1 1355 546 1504 772 0
734 1 1353 574 1528 766 0
735 1 1367 558 1511 767 0
736 1 1362 550 1530 766 0
737 1 1372 553 1511 762 0
738 1 1382 558 1543 735 0
739 1 1382 529 1552 757 0
740 1 1377 536 1535 752 0
741 1 1377 538 1545 756 0
742 1 1367 548 1547 750 1
743 1 1370 548 1540 745 1
744 1 1372 529 1521 752 1
745 1 1365 541 1555 750 1
746 1 1372 536 1550 752 1
747 1 1365 541 1518 752 1
748 1 1365 531 1540 745 1
749 1 1360 555 1528 749 1
750 1 1367 529 1552 745 1
751 1 1365 526 1543 742 1
752 1 1362 524 1540 740 1
753 1 1365 531 1521 740 1
754 1 1377 512 1557 742 1
755 1 1401 507 1574 721 1
756 1 1425 490 1612 716 1
757 1 1507 478 1687 689 1
758 1 1600 442 1771 689 1
759 1 1692 416 1880 663 1
760 1 1794 406 1923 642 1
782 1 1875 333 1918 595 0
783 1 1868 333 1918 586 0
784 1 1868 337 1921 575 0
785 1 1866 341 1919 567 0
786 1 1855 334 1917 570 0
787 1 1837 347 1922 567 0
788 1 1812 353 1915 581 0
789 1 1803 346 1923 569 0
790 1 1788 317 1920 561 0
791 1 1770 318 1902 554 0
792 1 1754 322 1885 547 0
793 1 1735 320 1873 534 0
794 1 1717 307 1862 530 0
795 1 1700 310 1824 532 0
796 1 1678 307 1829 536 0
797 1 1665 307 1815 534 0
798 1 1652 309 1805 543 0
799 1 1639 325 1795 543 0
800 1 1625 338 1786 549 0
801 1 1617 349 1777 549 0
802 1 1600 332 1749 554 0
803 1 1589 346 1752 565 0
804 1 1584 346 1748 558 0
805 1 1585 355 1735 564 0
806 1 1588 350 1735 561 0
807 1 1583 354 1721 561 0
808 1 1581 360 1732 564 0
809 1 1577 357 1719 566 0
810 1 1573 357 1758 576 0
811 1 1571 361 1718 573 0
812 1 1563 375 1727 579 0
813 1 1555 346 1716 576 0
814 1 1556 373 1716 585 0
815 1 1548 360 1715 589 0
816 1 1542 362 1729 587 0
817 1 1538 394 1703 596 0
818 1 1528 372 1713 593 0
819 1 1519 387 1735 601 0
820 1 1521 377 1696 600 0
821 1 1524 416 1677 615 0
822 1 1521 399 1682 605 0
823 1 1514 404 1672 630 0
824 1 1504 428 1660 639 0
825 1 1487 435 1687 657 0
826 1 1461 459 1617 670 0
827 1 1437 476 1602 711 0
828 1 1401 500 1552 718 0
829 1 1382 543 1528 771 0
830 1 1358 553 1514 779 0
831 1 1343 567 1504 800 0
832 1 1334 591 1485 807 0
833 1 1326 601 1496 811 0
834 1 1331 620 1484 829 0
835 1 1329 647 1485 827 0
836 1 1329 627 1497 836 0
837 1 1331 639 1480 845 0
838 1 1334 644 1497 825 0
839 1 1331 644 1511 846 0
840 1 1324 656 1512 853 0
841 1 1334 654 1514 835 0
842 1 1332 647 1519 858 0
843 1 1342 666 1528 863 0
844 1 1350 651 1560 857 0
845 1 1358 648 1562 863 0
846 1 1350 680 1561 874 0
847 1 1374 642 1576 880 0
848 1 1382 695 1596 887 0
849 1 1389 659 1591 894 0
850 1 1403 683 1612 897 0
851 1 1408 695 1626 887 0
852 1 1411 673 1625 891 0
853 1 1435 687 1644 893 0
854 1 1420 663 1646 891 0
855 1 1439 668 1655 886 0
856 1 1444 680 1658 877 0
857 1 1430 678 1665 870 0
858 1 1437 610 1655 876 0
859 1 1466 603 1665 855 0
860 1 1451 625 1653 841 0
861 1 1447 635 1644 829 0
862 1 1415 632 1638 819 0
863 1 1413 606 1615 810 0
864 1 1398 577 1616 803 0
865 1 1379 603 1576 805 0
866 1 1356 546 1568 781 0
867 1 1346 577 1531 775 0
868 1 1336 589 1497 781 0
869 1 1302 558 1455 779 0
870 1 1278 533 1441 761 0
871 1 1249 514 1412 766 0
872 1 1228 521 1406 735 0
873 1 1196 509 1378 742 0
874 1 1187 512 1377 730 0
875 1 1175 497 1328 730 0
876 1 1158 500 1331 718 0
877 1 1139 500 1314 721 0
878 1 1124 473 1318 706 0
879 1 1119 461 1313 711 0
880 1 1107 461 1285 699 0
881 1 1103 447 1278 694 0
882 1 1112 440 1285 668 0
883 1 1112 396 1329 643 0
884 1 1131 360 1296 612 0
885 1 1128 348 1309 576 0
886 1 1140 315 1322 550 0
887 1 1174 269 1346 538 0
888 1 1211 271 1393 501 0
889 1 1295 233 1499 475 0
890 1 1418 233 1596 468 0
891 1 1536 230 1726 451 0
892 1 1651 211 1843 456 0
893 1 1788 218 1916 439 0
909 1 1848 406 1920 600 0
910 1 1807 392 1924 651 0
911 1 1783 471 1927 661 0
912 1 1754 517 1919 673 0
913 1 1723 565 1913 704 0
914 1 1680 601 1884 714 0
915 1 1639 517 1836 719 0
916 1 1601 558 1793 748 0
917 1 1584 589 1778 730 0
918 1 1555 550 1766 737 0
919 1 1531 570 1723 726 0
920 1 1485 546 1708 714 0
921 1 1461 526 1663 701 0
922 1 1442 490 1641 696 0
923 1 1423 471 1615 682 0
924 1 1403 476 1607 690 0
925 1 1391 483 1585 675 0
926 1 1384 495 1574 665 0
927 1 1358 442 1564 636 0
928 1 1346 428 1545 620 0
929 1 1326 413 1544 615 0
930 1 1307 408 1542 602 0
931 1 1300 394 1523 579 0
932 1 1283 365 1521 586 0
933 1 1281 363 1514 574 0
934 1 1270 319 1507 571 0
935 1 1271 307 1501 566 0
936 1 1278 276 1489 559 0
937 1 1269 283 1487 554 0
938 1 1237 266 1505 507 0
939 1 1224 198 1502 494 0
940 1 1224 188 1502 486 0
941 1 1220 180 1496 476 0
942 1 1222 178 1500 470 0
943 1 1224 180 1502 472 0
944 1 1228 180 1506 472 0
945 1 1230 186 1508 474 0
946 1 1230 186 1512 480 0
947 1 1238 190 1518 482 0
948 1 1244 194 1524 476 0
949 1 1246 196 1526 476 0
950 1 1240 200 1520 488 0
951 1 1234 212 1510 498 0
952 1 1230 222 1502 508 0
953 1 1232 228 1498 514 0
954 1 1248 228 1514 512 0
955 1 1264 230 1530 502 0
956 1 1262 226 1522 494 0
957 1 1244 230 1504 508 0
958 1 1222 234 1486 516 0
959 1 1222 236 1484 518 0
960 1 1238 230 1504 518 0
961 1 1262 226 1526 508 0
962 1 1260 226 1518 486 0
963 1 1234 228 1494 504 0
964 1 1210 232 1472 516 0
965 1 1204 236 1462 514 0
966 1 1220 226 1486 516 0
967 1 1244 226 1502 502 0
968 1 1234 226 1492 494 0
969 1 1220 228 1476 504 0
970 1 1200 238 1448 506 0
971 1 1206 244 1452 500 0
972 1 1224 234 1472 498 0
973 1 1234 230 1488 498 0
974 1 1224 230 1480 500 0
975 1 1212 240 1454 508 0
976 1 1182 246 1426 506 0
977 1 1186 254 1434 512 0
978 1 1198 252 1450 514 0
979 1 1222 240 1474 528 0
980 1 1210 276 1460 536 0
981 1 1184 280 1434 544 0
982 1 1170 286 1420 544 0
983 1 1176 286 1424 542 0
984 1 1184 278 1428 540 0
985 1 1188 276 1436 538 0
986 1 1182 276 1428 534 0
987 1 1176 278 1418 540 0
988 1 1164 280 1412 540 0
989 1 1162 280 1412 544 0
990 1 1164 280 1377 560 0
991 1 1170 329 1374 539 0
992 1 1162 278 1372 565 0
993 1 1162 278 1370 560 0
994 1 1156 329 1348 567 0
995 1 1154 278 1365 565 0
996 1 1160 322 1365 557 0
997 1 1162 282 1358 555 0
998 1 1158 327 1355 562 0
999 1 1150 329 1346 567 0
1000 1 1148 324 1345 571 0
1001 1 1134 363 1338 579 0
1002 1 1131 348 1337 578 0
1003 1 1131 363 1349 579 0
1004 1 1114 365 1334 586 0
1005 1 1127 380 1319 596 0
1006 1 1112 382 1322 605 0
1007 1 1119 377 1301 600 0
1008 1 1127 368 1312 596 0
1009 1 1124 375 1328 591 0
1010 1 1122 351 1314 572 0
1011 1 1127 358 1338 574 0
1012 1 1120 336 1322 569 0
1013 1 1127 334 1331 567 0
1014 1 1124 346 1321 552 0
1015 1 1129 339 1326 548 0
1016 1 1127 331 1336 557 0
1017 1 1122 336 1319 540 1
1018 1 1110 327 1302 548 1
1019 1 1105 324 1314 542 1
1020 1 1100 310 1305 536 1
1021 1 1105 317 1295 535 1
1022 1 1095 307 1316 540 1
1023 1 1105 334 1302 538 1
1024 1 1100 334 1299 531 1
1025 1 1094 339 1290 533 1
1026 1 1091 324 1302 535 1
1027 1 1095 322 1311 526 1
1028 1 1103 315 1307 526 1
1029 1 1107 327 1297 529 1
1030 1 1100 336 1306 526 1
1031 1 1102 315 1293 521 1
1032 1 1112 315 1304 521 1
1033 1 1110 317 1312 516 1
1034 1 1115 305 1321 514 1
1035 1 1119 291 1323 509 1
1036 1 1124 286 1302 504 0
1037 1 1127 276 1338 499 0
1038 1 1139 266 1329 504 0
1039 1 1144 276 1338 502 0
1040 1 1148 271 1340 499 0
1041 1 1146 269 1340 495 0
1042 1 1141 274 1355 500 0
1043 1 1151 259 1353 487 0
1044 1 1153 281 1347 485 0
1045 1 1158 264 1340 487 0
1046 1 1163 274 1362 490 0
1047 1 1165 262 1374 480 0
1048 1 1165 266 1362 480 0
1049 1 1170 257 1360 479 0
1050 1 1172 263 1365 484 0
1051 1 1185 267 1394 488 0
1052 1 1189 259 1379 485 0
1053 1 1196 254 1414 487 0
1054 1 1210 262 1417 477 0
1055 1 1223 259 1422 477 0
1056 1 1233 252 1449 473 0
1057 1 1240 247 1454 475 0
1058 1 1247 242 1465 477 0
1059 1 1264 254 1499 475 0
1060 1 1273 254 1489 480 0
1061 1 1281 240 1490 468 0
1062 1 1293 230 1528 460 0
1063 1 1300 223 1506 463 0
1064 1 1316 230 1533 460 0
1065 1 1332 233 1533 459 0
1066 1 1348 228 1569 446 0
1067 1 1367 235 1566 444 0
1068 1 1370 199 1591 441 0
1069 1 1394 206 1612 434 0
1070 1 1413 214 1634 435 0
1071 1 1436 206 1641 432 0
1072 1 1462 202 1668 428 0
1073 1 1485 202 1687 425 0
1074 1 1531 170 1737 424 0
1075 1 1569 187 1799 429 0
1076 1 1632 158 1843 422 0
1077 1 1697 170 1925 420 0
1078 1 1769 218 1925 420 0
1079 1 1824 218 1925 420 0
1133 1 1745 497 1913 737 0
1134 1 1665 464 1859 682 0
1135 1 1576 392 1770 649 0
1136 1 1519 355 1711 621 0
1137 1 1466 331 1668 583 0
1138 1 1425 327 1629 565 0
1139 1 1406 300 1599 516 0
1140 1 1377 242 1588 499 0
1141 1 1358 252 1540 482 0
1142 1 1331 230 1529 435 0
1143 1 1307 216 1504 446 0
1144 1 1293 197 1495 442 0
1145 1 1278 175 1477 437 0
1146 1 1278 158 1465 417 0
1147 1 1288 182 1482 410 0
1148 1 1285 156 1484 406 0
1149 1 1283 144 1489 396 0
1150 1 1290 146 1506 384 0
1151 1 1305 139 1509 389 0
1152 1 1307 151 1518 384 0
1153 1 1326 127 1552 381 0
1154 1 1334 151 1560 367 0
1155 1 1394 137 1591 379 0
1156 1 1437 115 1639 372 0
1157 1 1521 137 1696 379 0
1158 1 1615 113 1788 363 0
1159 1 1704 120 1865 377 0
1160 1 1764 129 1917 398 0
1161 1 1841 144 1917 398 0
1248 1 1851 117 1920 420 0
1249 1 1819 122 1920 420 0
1250 1 1783 146 1920 434 0
1251 1 1745 129 1918 424 0
1252 1 1716 132 1887 429 0
1253 1 1694 146 1885 437 0
1254 1 1680 134 1885 415 0
1255 1 1665 146 1869 453 0
1256 1 1653 175 1845 454 0
1257 1 1637 156 1834 459 0
1258 1 1622 134 1807 463 0
1259 1 1605 170 1802 468 0
1260 1 1589 190 1788 476 0
1261 1 1567 163 1793 473 0
1262 1 1555 192 1766 463 0
1263 1 1543 187 1752 470 0
1264 1 1531 156 1749 480 0
1265 1 1538 190 1728 456 0
1266 1 1526 146 1742 463 0
1267 1 1512 163 1745 461 0
1268 1 1533 165 1742 465 0
1269 1 1531 192 1723 451 0
1270 1 1531 192 1740 454 0
1271 1 1536 161 1733 452 0
1272 1 1536 146 1738 465 0
1273 1 1533 149 1735 440 0
1274 1 1538 158 1771 453 0
1275 1 1543 161 1728 454 0
1276 1 1528 194 1725 446 0
1277 1 1536 165 1747 446 0
1278 1 1522 142 1776 430 1
1279 1 1536 156 1726 437 1
1280 1 1528 149 1773 437 1
1281 1 1516 94 1794 466 1
1282 1 1520 136 1792 434 1
1283 1 1520 104 1798 474 1
1284 1 1518 102 1796 476 1
1285 1 1524 102 1792 472 1
1286 1 1528 98 1792 468 1
1287 1 1532 136 1790 430 1
1288 1 1542 136 1796 430 1
1289 1 1548 132 1794 422 1
1290 1 1550 134 1796 424 1
1291 1 1554 132 1798 418 1
1292 1 1560 132 1810 420 1
1293 1 1570 126 1814 414 1
1294 1 1596 124 1830 406 1
1295 1 1612 120 1852 404 1
1296 1 1624 122 1858 398 1
1297 1 1630 120 1862 406 1
1298 1 1652 102 1862 416 1
1299 1 1644 127 1858 410 1
1300 1 1672 163 1872 393 1
1301 1 1682 168 1886 411 1
1302 1 1699 151 1901 422 1
1303 1 1733 175 1923 449 1
1304 1 1772 100 1918 437 1
1305 1 1762 132 1918 437 1
1306 1 1778 146 1922 441 1
1307 1 1815 168 1921 442 1
1308 1 1808 168 1918 430 1
1309 1 1800 168 1917 427 1
1310 1 1815 129 1916 407 1
1311 1 1815 129 1920 393 1
1312 1 1833 105 1920 375 1
1313 1 1833 105 1920 355 1
1314 1 1847 84 1920 354 1
1315 1 1847 84 1920 328 1
1316 1 1858 63 1920 343 1
1317 1 1848 68 1919 307 1
1318 1 1837 48 1919 306 1
1319 1 1817 54 1916 310 0
1320 1 1781 34 1924 307 0
1321 1 1753 33 1917 288 0
1322 1 1710 33 1889 291 0
1323 1 1678 23 1870 281 0
1324 1 1649 19 1838 285 0
1325 1 1634 15 1824 278 0
1326 1 1636 21 1836 276 0
1327 1 1638 11 1825 281 0
1328 1 1692 21 1897 302 0
1329 1 1745 39 1917 327 0
1330 1 1808 40 1917 327 0
1331 1 1872 62 1917 318 0
1340 1 1814 110 1920 337 1
1341 1 1774 112 1920 357 1
1342 1 1688 104 1884 340 1
1343 1 1612 102 1809 342 1
1344 1 1538 112 1743 344 1
1345 1 1475 105 1693 346 1
1346 1 1431 99 1665 347 0
1347 1 1412 113 1626 345 0
1348 1 1397 112 1634 355 0
1349 1 1388 124 1631 363 0
1350 1 1377 119 1610 360 0
1351 1 1388 142 1609 367 0
1352 1 1376 146 1598 372 0
1353 1 1372 144 1588 370 0
1354 1 1362 146 1587 365 0
1355 1 1348 137 1575 366 0
1356 1 1345 141 1575 360 0
1357 1 1354 141 1570 348 0
1358 1 1350 133 1569 340 0
1359 1 1350 117 1573 333 0
1360 1 1355 104 1576 326 0
1361 1 1354 119 1580 326 0
1362 1 1355 121 1580 330 0
1363 1 1358 127 1592 334 0
1364 1 1361 133 1584 340 0
1365 1 1358 137 1580 341 0
1366 1 1351 135 1578 344 0
1367 1 1352 144 1574 340 0
1368 1 1351 138 1573 339 0
1369 1 1344 134 1573 342 0
1370 1 1350 130 1576 338 0
1371 1 1355 127 1574 335 0
1372 1 1352 123 1579 334 0
1373 1 1358 123 1585 335 0
1374 1 1358 130 1592 328 0
1375 1 1366 109 1592 330 0
1376 1 1368 116 1600 312 0
1377 1 1372 98 1602 305 0
1378 1 1398 98 1602 281 0
1379 1 1398 83 1613 281 0
1380 1 1398 106 1625 296 0
1381 1 1405 90 1626 297 0
1382 1 1416 104 1646 297 0
1383 1 1430 108 1646 297 0
1384 1 1446 109 1668 302 0
1385 1 1460 108 1668 302 0
1386 1 1462 101 1683 313 0
1387 1 1463 116 1685 320 0
1388 1 1457 95 1684 320 0
1389 1 1468 104 1683 322 0
1390 1 1464 109 1685 325 0
1391 1 1464 117 1680 332 0
1392 1 1481 117 1692 342 0
1393 1 1484 123 1699 352 0
1394 1 1502 141 1709 366 0
1395 1 1515 145 1716 375 0
1396 1 1533 173 1736 388 0
1397 1 1567 171 1756 407 0
1398 1 1593 173 1794 398 0
1399 1 1666 203 1848 450 0
1400 1 1754 221 1912 477 0
1493 1 1868 182 1923 415 0
1494 1 1846 190 1922 411 0
1495 1 1831 206 1924 441 0
1496 1 1827 209 1920 430 0
1497 1 1827 226 1925 459 0
1498 1 1831 227 1918 463 0
1499 1 1826 244 1925 477 0
1500 1 1832 258 1919 493 0
1501 1 1832 279 1919 493 0
1502 1 1832 299 1919 516 0
1503 1 1845 311 1919 521 0
1504 1 1846 341 1919 521 0
1505 1 1846 341 1924 534 0
1506 1 1859 356 1919 547 0
1507 1 1871 343 1919 547 0
1508 1 1869 346 1919 547 0
1509 1 1869 347 1918 546 0
1510 1 1879 359 1918 547 0
1513 1 1836 250 1922 526 0
1514 1 1836 315 1915 526 0
1515 1 1841 295 1919 518 0
1516 1 1841 303 1923 519 0
1517 1 1841 285 1923 519 0
1518 1 1841 285 1921 519 0
1519 1 1866 265 1921 518 0
1520 1 1866 285 1921 519 0
2345 1 1820 242 1921 506 0
2346 1 1775 257 1904 468 0
2347 1 1746 223 1881 457 0
2348 1 1715 168 1889 431 0
2349 1 1661 190 1826 423 0
2350 1 1637 182 1805 413 0
2351 1 1586 172 1796 412 0
2352 1 1555 151 1713 396 0
2353 1 1512 158 1675 386 0
2354 1 1468 139 1674 393 0
2355 1 1444 129 1626 386 0
2356 1 1432 141 1610 403 0
2357 1 1420 129 1612 395 0
2358 1 1403 141 1602 405 0
2359 1 1379 153 1573 412 0
2360 1 1365 163 1562 417 0
2361 1 1360 161 1553 411 0
2362 1 1336 170 1518 436 0
2363 1 1334 175 1526 432 0
2364 1 1317 185 1515 443 0
2365 1 1293 180 1502 449 0
2366 1 1283 192 1477 468 0
2367 1 1266 199 1460 456 0
2368 1 1245 218 1442 477 0
2369 1 1235 216 1432 485 0
2370 1 1223 254 1431 483 0
2371 1 1211 245 1421 495 0
2372 1 1201 257 1395 516 0
2373 1 1189 279 1379 517 0
2374 1 1177 305 1383 533 0
2375 1 1163 315 1381 543 0
2376 1 1144 324 1362 540 0
2377 1 1144 334 1362 562 0
2378 1 1134 348 1348 554 0
2379 1 1124 334 1338 557 0
2380 1 1117 339 1323 560 0
2381 1 1110 319 1328 559 0
2382 1 1095 334 1323 555 0
2383 1 1093 341 1321 557 0
2384 1 1083 346 1299 557 1
2385 1 1098 351 1309 557 1
2386 1 1072 317 1295 550 1
2387 1 1091 334 1302 557 1
2388 1 1083 329 1292 557 1
2389 1 1079 334 1288 560 1
2390 1 1076 329 1285 552 1
2391 1 1069 336 1283 547 1
2392 1 1069 317 1287 545 1
2393 1 1062 315 1283 541 1
2394 1 1069 324 1285 533 1
2395 1 1076 312 1285 535 1
2396 1 1074 310 1283 538 1
2397 1 1100 291 1294 543 1
2398 1 1100 295 1304 547 0
2399 1 1098 295 1297 537 0
2400 1 1095 293 1318 538 0
2401 1 1100 293 1306 550 0
2402 1 1095 295 1316 554 0
2403 1 1105 298 1311 560 0
2404 1 1088 305 1311 562 0
2405 1 1100 305 1323 564 0
2406 1 1107 312 1328 566 0
2407 1 1098 310 1316 569 0
2408 1 1095 319 1304 585 0
2409 1 1091 300 1319 591 0
2410 1 1088 315 1321 594 0
2411 1 1088 303 1318 598 0
2412 1 1088 312 1311 598 0
2413 1 1086 327 1295 615 0
2414 1 1071 336 1323 617 0
2415 1 1076 329 1311 620 0
2416 1 1069 327 1314 625 0
2417 1 1059 324 1301 629 0
2418 1 1052 322 1292 622 0
2419 1 1057 327 1299 610 0
2420 1 1047 315 1301 610 0
2421 1 1038 329 1290 612 0
2422 1 1040 298 1297 603 0
2423 1 1033 295 1280 588 0
2424 1 1023 293 1299 579 0
2425 1 1023 264 1280 569 0
2426 1 1016 257 1270 540 0
2427 1 1002 257 1268 531 0
2428 1 997 247 1268 521 0
2429 1 1006 228 1263 511 0
2430 1 1004 226 1254 483 0
2431 1 1004 182 1263 465 0
2432 1 1004 190 1246 447 0
2433 1 1009 173 1262 442 0
2434 1 1006 158 1285 425 0
2435 1 1026 160 1291 400 0
2436 1 1018 120 1281 374 0
2437 1 1017 69 1308 345 0
2438 1 1019 76 1290 323 0
2439 1 1019 26 1310 295 0
2440 1 1019 26 1295 254 0
2441 1 1034 0 1325 218 0
2442 1 1055 0 1324 189 0
2443 1 1082 2 1329 170 0
2444 1 1096 2 1322 151 0
2445 1 1094 0 1327 139 0
2446 1 1094 0 1317 124 0
2447 1 1112 0 1334 115 0
2448 1 1112 0 1332 110 0
2449 1 1120 0 1331 93 0
2450 1 1120 0 1310 86 0
2461 1 1092 0 1293 126 0
2462 1 1093 1 1330 168 0
2463 1 1074 1 1311 187 0
2464 1 1061 1 1329 197 0
2465 1 1061 0 1287 194 0
2466 1 1047 0 1299 209 0
2467 1 1070 0 1318 230 0
2468 1 1068 1 1318 242 0
2469 1 1070 2 1344 252 0
2470 1 1058 0 1346 259 0
2471 1 1060 0 1351 260 0
2472 1 1060 0 1340 259 0
2473 1 1050 7 1355 257 0
2474 1 1041 17 1346 264 0
2475 1 1034 28 1324 271 0
2476 1 1029 49 1343 286 0
2477 1 1028 50 1344 295 0
2478 1 1032 53 1363 315 0
2479 1 1043 88 1342 332 0
2480 1 1045 93 1346 351 0
2481 1 1057 117 1366 367 0
2482 1 1063 117 1361 379 0
2483 1 1075 162 1376 392 0
2484 1 1083 161 1375 401 0
2485 1 1097 191 1396 414 0
2486 1 1133 202 1388 436 0
2487 1 1143 253 1437 522 0
2488 1 1204 214 1523 476 0
2489 1 1331 211 1670 506 0
2490 1 1495 226 1819 512 0
3019 1 1800 822 1915 1007 1
3020 1 1704 846 1879 1002 1
3021 1 1634 815 1821 978 1
3022 1 1603 837 1749 1000 1
3023 1 1572 822 1745 978 1
3024 1 1552 813 1715 998 1
3025 1 1533 815 1696 978 1
3027 1 1519 820 1656 995 1
3028 1 1512 811 1670 998 0
3029 1 1512 834 1666 1005 0
3030 1 1514 835 1661 1011 0
3031 1 1497 837 1669 1015 0
3032 1 1499 833 1655 1037 0
3033 1 1487 855 1655 1048 0
3034 1 1490 853 1657 1053 0
3035 1 1488 865 1652 1058 0
3036 1 1488 894 1647 1065 0
3037 1 1485 916 1648 1075 0
3038 1 1484 896 1652 1081 0
3039 1 1486 907 1656 1082 0
3040 1 1488 922 1658 1078 0
3041 1 1495 933 1661 1079 0
3042 1 1496 941 1665 1078 0
3043 1 1512 938 1664 1076 0
3044 1 1505 949 1671 1082 0
3045 1 1504 943 1670 1077 0
3046 1 1516 943 1669 1077 0
3047 1 1516 955 1658 1077 0
3048 1 1523 965 1659 1077 0
3049 1 1540 966 1659 1077 0
3050 1 1540 995 1673 1077 0
3051 1 1564 984 1702 1077 0
3052 1 1561 981 1702 1077 0
3053 1 1561 987 1721 1077 0
3054 1 1618 987 1754 1077 0
3055 1 1645 995 1786 1077 0
3056 1 1694 1004 1840 1077 0
3396 1 1726 627 1863 754 0
3397 1 1651 639 1788 754 0
3398 1 1605 603 1763 764 0
3399 1 1572 596 1728 781 0
3400 1 1519 603 1723 766 0
3401 1 1497 598 1679 759 0
3402 1 1454 591 1634 752 0
3403 1 1425 574 1648 759 0
3404 1 1425 582 1610 755 0
3405 1 1386 570 1597 747 0
3406 1 1362 589 1556 745 0
3407 1 1338 601 1549 754 0
3408 1 1324 596 1528 740 0
3409 1 1307 579 1516 742 0
3410 1 1295 606 1472 738 0
3411 1 1281 586 1504 737 0
3412 1 1252 570 1487 747 0
3413 1 1235 572 1444 745 0
3414 1 1230 601 1439 754 0
3415 1 1223 618 1420 757 0
3416 1 1216 618 1425 757 0
3417 1 1189 594 1405 769 0
3418 1 1196 639 1410 766 0
3419 1 1172 610 1390 778 0
3420 1 1153 622 1359 783 0
3421 1 1141 610 1357 778 0
3422 1 1139 644 1338 793 0
3423 1 1107 613 1337 791 0
3424 1 1096 632 1346 795 0
3425 1 1093 632 1302 805 0
3426 1 1074 656 1321 802 0
3427 1 1069 659 1292 815 0
3428 1 1067 675 1283 812 0
3429 1 1036 632 1275 814 0
3431 1 985 637 1251 817 0
3432 1 994 656 1240 821 0
3433 1 982 642 1253 817 0
3434 1 975 671 1251 820 0
3435 1 978 678 1223 819 0
3436 1 968 692 1222 821 0
3437 1 970 673 1222 826 0
3438 1 963 673 1239 824 0
3439 1 946 663 1208 831 0
3440 1 941 651 1207 828 0
3441 1 946 673 1200 826 0
3442 1 951 683 1208 824 0
3443 1 941 680 1198 819 0
3444 1 929 651 1203 816 0
3445 1 938 601 1206 822 0
3446 1 915 601 1215 812 0
3447 1 913 591 1225 805 0
3448 1 913 596 1199 812 0
3449 1 927 639 1191 807 0
3450 1 934 685 1201 817 0
3451 1 941 661 1205 800 0
3452 1 910 591 1186 807 0
3453 1 913 644 1182 802 0
3454 1 929 692 1193 805 0
3455 1 946 704 1193 805 0
3456 1 951 709 1184 802 0
3457 1 949 704 1182 805 0
3458 1 898 632 1193 810 0
3459 1 903 656 1198 805 0
3460 1 917 654 1196 810 0
3461 1 961 699 1177 812 0
3462 1 953 714 1205 807 0
3463 1 956 685 1196 812 0
3464 1 958 724 1174 813 0
3465 1 949 733 1175 823 0
3466 1 953 704 1181 819 0
3467 1 958 724 1196 820 0
3468 1 963 726 1189 822 0
3469 1 953 745 1203 831 0
3470 1 958 736 1186 832 0
3471 1 958 755 1193 834 0
3472 1 956 738 1191 834 0
3473 1 953 745 1193 829 0
3474 1 958 740 1184 833 0
3475 1 966 740 1194 829 0
3476 1 968 719 1201 832 0
3477 1 975 733 1198 826 0
3478 1 975 726 1205 824 0
3479 1 968 721 1201 819 0
3480 1 956 707 1206 815 0
3481 1 982 733 1229 814 0
3482 1 982 721 1208 805 0
3483 1 982 719 1210 805 0
3484 1 982 709 1212 802 0
3485 1 970 697 1212 800 0
3486 1 992 687 1222 797 0
3487 1 997 690 1223 793 0
3488 1 992 721 1225 793 0
3489 1 997 714 1225 790 0
3490 1 997 714 1232 795 0
3491 1 1006 719 1222 798 0
3492 1 1011 714 1225 793 0
3493 1 1009 731 1230 791 0
3494 1 1011 724 1249 793 0
3495 1 1016 724 1242 791 0
3496 1 1014 726 1235 783 0
3497 1 1021 702 1242 786 0
3498 1 1028 685 1239 788 0
3499 1 1028 697 1256 776 0
3500 1 1047 695 1265 774 0
3501 1 1062 687 1283 763 0
3502 1 1079 651 1302 749 0
3503 1 1103 644 1317 747 0
3504 1 1127 639 1338 728 0
3505 1 1122 627 1355 716 0
3506 1 1136 601 1369 706 0
3507 1 1158 606 1374 702 0
3508 1 1156 586 1377 684 0
3509 1 1177 579 1395 665 0
3510 1 1182 577 1391 661 0
3511 1 1187 553 1434 649 0
3512 1 1194 546 1422 642 0
3513 1 1204 536 1439 632 0
3514 1 1220 490 1453 603 0
3515 1 1240 495 1456 588 0
3516 1 1269 461 1495 569 0
3517 1 1314 447 1513 538 0
3518 1 1334 418 1531 528 0
3519 1 1326 399 1564 509 0
3520 1 1336 406 1550 497 0
3521 1 1358 380 1581 490 0
3522 1 1338 365 1571 490 0
3523 1 1336 363 1557 480 0
3524 1 1353 348 1576 480 0
3525 1 1336 339 1576 466 0
3526 1 1348 370 1571 468 0
3527 1 1350 341 1566 463 0
3528 1 1348 353 1571 458 0
3529 1 1346 322 1576 456 0
3530 1 1343 303 1569 454 0
3531 1 1350 346 1561 454 0
3532 1 1336 315 1552 442 0
3533 1 1346 336 1572 439 0
3534 1 1343 312 1564 434 0
3535 1 1341 300 1574 425 0
3536 1 1346 336 1567 422 0
3537 1 1343 315 1566 420 0
3538 1 1336 327 1566 425 0
3539 1 1316 221 1543 406 0
3540 1 1341 291 1545 411 0
3541 1 1334 276 1550 405 0
3542 1 1334 279 1545 406 0
3543 1 1338 274 1544 391 0
3544 1 1331 276 1566 391 0
3545 1 1288 223 1562 401 0
3546 1 1338 276 1554 393 0
3547 1 1334 286 1552 394 0
3548 1 1334 279 1548 394 1
3549 1 1322 269 1548 396 1
3550 1 1324 257 1545 391 1
3551 1 1317 286 1543 391 1
3552 1 1324 279 1545 387 1
3553 1 1326 266 1544 388 1
3554 1 1319 276 1545 391 1
3555 1 1317 293 1552 401 1
3556 1 1314 286 1544 399 1
3557 1 1305 276 1540 398 1
3558 1 1300 266 1535 403 1
3559 1 1307 300 1530 403 1
3560 1 1317 264 1540 403 1
3561 1 1300 274 1535 406 1
3562 1 1300 286 1530 408 1
3563 1 1300 298 1528 406 1
3564 1 1293 233 1511 401 1
3565 1 1297 266 1520 407 1
3566 1 1295 298 1533 411 1
3567 1 1302 291 1523 416 1
3568 1 1300 286 1511 420 1
3569 1 1288 276 1523 410 1
3570 1 1309 300 1513 413 1
3571 1 1309 295 1523 415 1
3572 1 1307 300 1525 415 1
3573 1 1314 307 1523 410 1
3574 1 1302 254 1532 412 1
3575 1 1322 266 1528 403 1
3576 1 1326 279 1530 408 1
3577 1 1302 254 1532 417 1
3578 1 1305 288 1533 413 1
3579 1 1305 300 1531 410 1
3580 1 1305 252 1538 413 1
3581 1 1317 266 1538 419 0
3582 1 1309 286 1542 408 0
3583 1 1326 271 1535 412 0
3584 1 1312 279 1542 413 0
3585 1 1331 283 1547 410 0
3586 1 1317 271 1523 415 0
3587 1 1280 190 1545 411 0
3588 1 1319 257 1540 420 0
3589 1 1331 295 1549 422 0
3590 1 1329 281 1547 425 0
3591 1 1338 305 1542 422 0
3592 1 1331 298 1545 423 0
3593 1 1334 279 1548 423 0
3594 1 1334 303 1548 413 0
3595 1 1329 252 1550 415 0
3596 1 1338 269 1547 418 0
3597 1 1317 276 1550 413 0
3598 1 1336 271 1557 422 0
3599 1 1341 300 1550 422 0
3600 1 1346 235 1543 437 0
3601 1 1334 286 1550 420 0
3602 1 1336 307 1552 432 0
3603 1 1346 303 1550 428 0
3604 1 1346 291 1543 430 0
3605 1 1336 315 1557 440 0
3606 1 1346 312 1562 441 0
3607 1 1343 303 1542 432 0
3608 1 1331 312 1554 437 0
3609 1 1322 317 1557 442 0
3610 1 1326 324 1556 444 0
3611 1 1322 305 1536 449 0
3612 1 1314 331 1542 451 0
3613 1 1317 331 1521 453 0
3614 1 1312 317 1533 446 0
3615 1 1297 331 1523 456 0
3616 1 1309 312 1511 461 0
3617 1 1307 324 1518 461 0
3618 1 1317 327 1526 454 0
3619 1 1314 343 1525 460 0
3620 1 1305 324 1533 456 0
3621 1 1312 339 1528 456 0
3622 1 1305 322 1531 459 0
3623 1 1317 324 1531 449 0
3624 1 1317 319 1531 458 0
3625 1 1319 274 1535 454 0
3626 1 1319 319 1530 448 0
3627 1 1331 298 1542 459 0
3628 1 1322 286 1536 430 0
3629 1 1334 281 1536 427 0
3630 1 1334 266 1545 422 1
3631 1 1336 247 1538 417 1
3632 1 1334 238 1548 411 1
3633 1 1334 242 1555 400 1
3634 1 1343 211 1557 398 1
3635 1 1355 182 1557 396 1
3636 1 1372 199 1574 389 1
3637 1 1367 178 1583 377 1
3638 1 1367 156 1576 362 1
3639 1 1382 153 1584 355 1
3640 1 1382 156 1588 348 1
3641 1 1406 137 1612 346 1
3642 1 1406 117 1605 340 1
3643 1 1414 132 1617 329 1
3644 1 1418 79 1601 319 1
3645 1 1418 98 1613 314 1
3646 1 1422 105 1608 311 1
3647 1 1426 89 1620 312 1
3648 1 1435 93 1629 309 1
3649 1 1442 96 1641 307 1
3650 1 1437 86 1634 304 1
3651 1 1437 91 1629 305 1
3652 1 1442 122 1610 309 1
3653 1 1447 101 1627 310 1
3654 1 1435 98 1629 302 1
3655 1 1439 79 1624 305 1
3656 1 1444 93 1646 304 1
3657 1 1435 84 1644 307 1
3658 1 1437 91 1631 309 1
3659 1 1444 86 1619 307 1
3660 1 1437 108 1641 302 1
3661 1 1437 115 1629 312 1
3662 1 1424 72 1627 311 1
3663 1 1422 122 1613 315 1
3664 1 1420 110 1615 319 1
3665 1 1418 103 1615 323 1
3666 1 1416 84 1603 323 1
3667 1 1414 101 1620 327 1
3668 1 1408 105 1605 331 1
3669 1 1401 137 1607 341 1
3670 1 1396 127 1593 336 1
3671 1 1394 120 1603 336 1
3672 1 1398 120 1595 341 1
3673 1 1386 120 1600 336 1
3674 1 1391 108 1597 348 1
3675 1 1384 139 1605 348 1
3676 1 1389 129 1588 352 1
3677 1 1386 141 1592 357 1
3678 1 1377 129 1579 355 1
3679 1 1372 134 1593 355 1
3680 1 1379 146 1585 352 1
3681 1 1377 156 1583 355 1
3682 1 1384 158 1607 355 1
3683 1 1379 146 1602 362 1
3684 1 1379 165 1581 362 1
3685 1 1370 163 1598 367 1
3686 1 1372 175 1581 365 1
3687 1 1370 185 1593 372 1
3688 1 1374 192 1580 370 1
3689 1 1365 187 1586 377 1
3690 1 1360 204 1581 384 1
3691 1 1374 197 1588 391 1
3692 1 1358 199 1586 393 1
3693 1 1367 230 1590 398 1
3694 1 1370 233 1596 408 1
3695 1 1372 245 1598 408 1
3696 1 1370 259 1588 420 1
3697 1 1372 266 1593 424 1
3698 1 1382 276 1586 434 1
3699 1 1389 276 1605 439 1
3700 1 1389 269 1603 439 1
3701 1 1389 269 1593 451 1
3702 1 1396 303 1593 444 1
3703 1 1382 288 1603 449 1
3704 1 1389 279 1593 447 1
3705 1 1386 279 1595 447 1
3706 1 1398 310 1585 449 1
3707 1 1403 305 1588 446 1
3708 1 1401 298 1612 444 1
3709 1 1406 322 1600 444 1
3710 1 1389 279 1605 440 1
3711 1 1389 254 1605 434 1
3712 1 1391 283 1607 432 1
3713 1 1401 283 1607 434 1
3714 1 1394 286 1610 432 1
3715 1 1386 276 1595 434 1
3716 1 1384 262 1605 427 1
3717 1 1391 250 1609 415 1
3718 1 1384 240 1602 418 1
3719 1 1391 228 1595 418 1
3720 1 1413 223 1615 410 1
3721 1 1415 233 1619 406 1
3722 1 1435 233 1632 403 1
3723 1 1432 218 1636 396 1
3724 1 1437 194 1651 396 1
3725 1 1442 187 1663 386 1
3726 1 1451 185 1660 375 1
3727 1 1463 170 1681 369 1
3728 1 1478 161 1708 360 1
3729 1 1475 163 1720 362 1
3730 1 1500 146 1711 352 1
3731 1 1519 120 1725 348 1
3732 1 1524 165 1752 359 1
3733 1 1540 139 1790 350 1
3734 1 1557 134 1799 360 1
3735 1 1574 113 1828 360 0
3736 1 1603 125 1833 358 0
3737 1 1608 117 1862 362 0
3738 1 1625 108 1884 362 0
3739 1 1649 74 1889 362 0
3740 1 1656 79 1896 360 0
3741 1 1658 62 1881 362 0
3742 1 1637 64 1839 357 0
3743 1 1593 89 1814 346 0
3744 1 1531 57 1766 328 0
3745 1 1454 0 1693 327 0
3746 1 1389 33 1619 338 0
3747 1 1360 26 1578 314 0
3748 1 1305 16 1538 307 0
3749 1 1271 18 1543 300 0
3750 1 1237 2 1508 303 0
3751 1 1204 2 1490 300 0
3752 1 1192 2 1471 303 0
3753 1 1175 2 1434 305 0
3754 1 1170 0 1461 307 0
3755 1 1146 0 1420 307 0
3756 1 1131 36 1378 305 0
3757 1 1122 2 1415 315 0
3758 1 1104 2 1377 317 0
3759 1 1094 2 1384 324 0
3760 1 1082 2 1326 327 0
3761 1 1074 0 1350 322 0
3762 1 1072 0 1334 324 0
3763 1 1070 0 1314 324 0
3764 1 1058 0 1322 334 0
3765 1 1060 0 1319 329 0
3766 1 1088 0 1346 331 0
3767 1 1116 0 1355 327 0
3768 1 1119 93 1400 328 0
3769 1 1177 105 1458 352 0
3770 1 1254 117 1489 371 0
3771 1 1336 149 1564 370 0
3772 1 1451 132 1648 403 0
3773 1 1540 161 1768 377 0
3774 1 1649 170 1853 405 0
3775 1 1706 209 1920 437 0
3776 1 1774 252 1920 437 0
3777 1 1812 266 1920 492 0
3778 1 1843 283 1919 492 0
3796 1 1860 440 1922 622 0
3797 1 1841 495 1922 665 0
3798 1 1824 495 1922 673 0
3799 1 1803 529 1923 707 0
3800 1 1791 529 1923 750 0
3801 1 1781 567 1906 759 0
3802 1 1786 596 1906 774 0
3803 1 1805 620 1920 759 0
3804 1 1812 608 1920 759 0
3846 1 1839 610 1923 833 0
3847 1 1807 627 1920 790 0
3848 1 1783 612 1896 774 0
3849 1 1752 580 1888 751 0
3850 1 1726 577 1858 742 0
3851 1 1703 551 1829 731 0
3852 1 1690 542 1808 723 0
3853 1 1671 531 1797 715 0
3854 1 1656 532 1800 715 0
3855 1 1646 539 1787 706 0
3856 1 1631 559 1740 695 0
3857 1 1608 541 1728 685 0
3858 1 1583 517 1708 674 0
3859 1 1548 475 1682 665 0
3860 1 1520 475 1663 644 0
3861 1 1481 464 1624 619 0
3862 1 1452 439 1592 596 0
3863 1 1405 412 1566 569 0
3864 1 1360 377 1514 537 0
3865 1 1318 340 1480 498 0
3866 1 1272 335 1430 471 0
3867 1 1229 318 1402 456 0
3868 1 1183 293 1368 438 0
3869 1 1143 287 1336 421 0
3870 1 1114 276 1290 407 0
3871 1 1070 287 1257 396 0
3872 1 1048 234 1232 376 0
3873 1 1001 234 1194 365 0
3874 1 995 218 1184 356 0
3875 1 970 209 1166 353 0
3876 1 957 212 1157 346 0
3877 1 955 225 1170 343 0
3878 1 939 221 1144 334 0
3879 1 924 207 1109 334 0
3880 1 917 205 1104 328 0
3881 1 898 189 1100 321 0
3882 1 889 197 1117 326 0
3883 1 893 192 1102 319 0
3884 1 891 178 1088 315 0
3885 1 886 173 1109 317 0
3886 1 884 161 1105 302 0
3887 1 874 134 1109 292 0
3888 1 857 84 1111 283 0
3889 1 884 132 1114 276 0
3890 1 884 108 1107 266 0
3891 1 881 113 1111 262 0
3892 1 870 71 1107 252 0
3893 1 886 106 1107 245 0
3894 1 860 45 1102 244 0
3895 1 860 45 1093 238 0
3896 1 864 80 1114 235 0
3897 1 851 52 1111 226 0
3898 1 846 61 1083 226 0
3899 1 823 58 1083 226 0
3900 1 826 61 1064 222 0
3901 1 834 80 1061 226 0
3902 1 807 55 1048 226 0
3903 1 823 58 1067 235 0
3904 1 820 55 1061 232 0
3905 1 822 20 1042 232 0
3906 1 807 20 1038 242 0
3907 1 791 14 1041 245 0
3908 1 813 77 1047 251 0
3909 1 804 90 1067 251 0
3910 1 807 14 1057 258 0
3911 1 807 16 1070 268 0
3912 1 823 103 1045 274 0
3913 1 817 103 1048 287 0
3914 1 820 103 1061 287 0
3915 1 794 106 1051 299 0
3916 1 817 141 1067 312 0
3917 1 845 147 1051 318 0
3918 1 836 131 1080 324 0
3919 1 864 166 1112 334 0
3920 1 888 172 1140 324 0
3921 1 904 147 1156 331 0
3922 1 915 122 1159 341 0
3923 1 959 163 1200 331 0
3924 1 966 182 1213 331 0
3925 1 988 169 1210 337 0
3926 1 1001 125 1258 318 0
3927 1 1032 160 1266 321 0
3928 1 1032 160 1273 334 0
3929 1 1046 122 1293 312 0
3930 1 1056 160 1283 312 0
3931 1 1061 131 1283 299 0
3932 1 1070 109 1298 299 0
3933 1 1064 115 1298 292 0
3934 1 1086 103 1308 287 0
3935 1 1088 68 1305 283 0
3936 1 1093 74 1302 264 0
3937 1 1126 4 1353 280 0
3938 1 1140 71 1362 270 0
3939 1 1124 58 1365 257 0
3940 1 1182 52 1366 258 0
3941 1 1206 0 1432 261 0
3942 1 1216 42 1431 261 0
3943 1 1244 0 1489 252 0
3944 1 1258 0 1524 261 0
3945 1 1306 0 1537 261 0
3946 1 1320 6 1618 260 0
3947 1 1354 22 1632 280 0
3948 1 1382 22 1616 280 0
3949 1 1396 14 1629 280 0
3950 1 1435 14 1663 274 0
3951 1 1445 14 1667 283 0
3952 1 1458 18 1701 277 0
3953 1 1486 18 1721 296 0
3954 1 1515 4 1737 289 0
3955 1 1528 18 1742 293 0
3956 1 1550 18 1745 306 0
3957 1 1537 18 1751 303 0
3958 1 1547 68 1755 299 0
3959 1 1566 18 1763 312 0
3960 1 1591 77 1783 321 0
3961 1 1632 90 1819 312 0
3962 1 1705 71 1895 337 0
3963 1 1832 109 1920 356 0
4334 1 1865 786 1919 984 0
4335 1 1856 786 1919 994 0
4336 1 1843 786 1918 1009 0
4337 1 1836 786 1918 1009 0
4338 1 1822 803 1920 995 0
4339 1 1814 809 1918 1005 0
4340 1 1795 812 1920 997 0
4341 1 1786 823 1919 1010 0
4342 1 1772 838 1918 1050 0
4343 1 1764 849 1925 1055 0
4344 1 1762 842 1921 1033 0
4345 1 1745 869 1887 1050 0
4346 1 1745 865 1874 1050 0
4347 1 1738 882 1883 1043 0
4348 1 1733 877 1856 1047 0
4349 1 1733 875 1847 1048 0
4350 1 1724 880 1837 1049 0
4351 1 1723 879 1842 1053 0
4352 1 1725 900 1834 1055 0
4353 1 1723 874 1843 1058 0
4354 1 1733 884 1850 1059 0
4355 1 1721 894 1854 1063 0
4356 1 1736 916 1874 1069 0
4357 1 1748 910 1863 1069 0
4358 1 1751 896 1871 1076 0
4359 1 1754 921 1870 1076 0
4360 1 1754 932 1865 1076 0
4361 1 1763 929 1866 1075 0
4362 1 1763 933 1883 1076 0
4363 1 1763 948 1884 1075 0
4364 1 1769 948 1884 1076 0
4365 1 1771 959 1884 1076 0
4366 1 1771 959 1875 1078 0
4367 1 1806 958 1875 1078 0
4368 1 1823 964 1875 1078 0
4757 1 1805 425 1915 641 0
4758 1 1742 365 1881 579 0
4759 1 1675 331 1819 559 0
4760 1 1625 336 1793 542 0
4761 1 1572 281 1747 514 0
4762 1 1543 334 1694 492 0
4763 1 1483 271 1675 473 0
4764 1 1456 252 1650 439 0
4765 1 1420 221 1631 403 0
4766 1 1389 170 1615 376 0
4767 1 1367 168 1600 353 0
4768 1 1338 127 1566 329 0
4769 1 1319 86 1554 302 0
4770 1 1287 84 1527 276 0
4771 1 1270 59 1506 257 0
4772 1 1220 38 1471 241 0
4773 1 1184 4 1461 220 0
4774 1 1144 0 1403 208 0
4775 1 1106 5 1350 191 0
4776 1 1077 0 1337 195 0
4777 1 1035 5 1282 180 0
4778 1 1027 0 1285 187 0
4779 1 1019 0 1285 176 0
4780 1 996 0 1249 185 0
4781 1 996 0 1249 180 0
4782 1 1028 2 1274 169 0
4783 1 1063 2 1274 167 0
4784 1 1090 0 1301 155 0
4785 1 1153 0 1339 149 0
4786 1 1215 0 1426 128 0
4787 1 1257 5 1426 115 0
4788 1 1297 0 1498 110 0
4789 1 1354 2 1515 96 0
4790 1 1370 2 1552 87 0
4791 1 1416 2 1591 100 0
4792 1 1444 2 1592 79 0
4793 1 1460 2 1635 85 0
4794 1 1473 2 1636 92 0
4795 1 1500 2 1636 92 0
4796 1 1506 2 1635 71 0
4797 1 1506 2 1644 71 0
4798 1 1523 2 1644 69 0
4799 1 1523 2 1644 73 0
4800 1 1523 2 1677 73 0
4801 1 1523 2 1667 79 0
4802 1 1523 2 1657 89 0
4803 1 1509 2 1657 81 0
4804 1 1509 2 1653 89 0
4805 1 1509 2 1645 96 0
4806 1 1500 2 1650 98 0
4807 1 1486 0 1663 105 0
4808 1 1509 8 1655 105 0
4809 1 1488 0 1651 113 0
4810 1 1492 2 1666 113 0
4811 1 1478 0 1640 120 0
4812 1 1478 0 1632 128 0
4813 1 1462 2 1673 140 0
4814 1 1442 2 1634 148 0
4815 1 1412 0 1600 149 0
4816 1 1410 0 1598 161 0
4817 1 1389 2 1566 177 0
4818 1 1370 2 1562 184 0
4819 1 1370 2 1556 188 0
4820 1 1349 2 1550 198 0
4821 1 1349 2 1518 188 0
4822 1 1333 28 1519 189 0
4823 1 1316 36 1519 188 0
4824 1 1316 53 1489 201 0
4825 1 1331 65 1521 247 0
4826 1 1337 86 1514 274 0
4827 1 1356 111 1533 307 0
4828 1 1362 130 1550 322 0
4829 1 1362 162 1544 342 0
4830 1 1352 109 1529 345 0
4831 1 1343 162 1539 348 0
4832 1 1339 174 1542 347 0
4833 1 1328 157 1537 345 0
4834 1 1328 174 1514 345 0
4835 1 1337 164 1504 350 0
4836 1 1328 166 1527 346 0
4837 1 1339 143 1519 337 0
4838 1 1354 149 1542 331 0
4839 1 1368 139 1552 316 0
4840 1 1383 120 1579 318 0
4841 1 1395 103 1593 310 0
4842 1 1416 105 1610 308 0
4843 1 1429 122 1625 312 0
4844 1 1452 113 1642 311 0
4845 1 1452 105 1642 310 0
4846 1 1458 99 1671 312 0
4847 1 1488 122 1674 312 0
4848 1 1498 86 1709 314 0
4849 1 1513 122 1695 314 0
4850 1 1519 113 1722 311 0
4851 1 1527 103 1723 314 0
4852 1 1550 132 1755 324 0
4853 1 1555 111 1739 328 0
4854 1 1565 107 1763 333 0
4855 1 1576 69 1764 345 0
4856 1 1588 38 1878 330 0
4857 1 1588 42 1770 344 0
4858 1 1592 136 1777 343 0
4859 1 1603 139 1785 344 0
4860 1 1605 111 1789 343 0
4861 1 1604 101 1787 329 0
4862 1 1613 109 1809 339 0
4863 1 1607 113 1801 341 0
4864 1 1611 99 1809 341 0
4865 1 1622 130 1814 331 0
4866 1 1624 88 1818 333 0
4867 1 1630 82 1831 327 0
4868 1 1638 88 1827 327 0
4869 1 1656 103 1844 343 0
4870 1 1656 80 1856 343 0
4871 1 1662 80 1846 341 0
4872 1 1668 111 1862 373 0
4873 1 1674 124 1850 369 0
4874 1 1697 126 1877 394 0
4875 1 1697 126 1883 385 0
4876 1 1714 120 1915 369 0
4877 1 1705 126 1880 379 0
4878 1 1710 145 1875 357 0
4879 1 1716 44 1918 366 0
4880 1 1720 141 1917 381 0
4881 1 1724 136 1917 381 0
4882 1 1728 147 1915 381 0
4883 1 1731 153 1916 379 0
4884 1 1728 151 1915 385 0
4885 1 1737 149 1915 385 0
4886 1 1739 178 1915 383 0
4887 1 1737 164 1915 387 0
4888 1 1743 180 1915 391 0
4889 1 1739 187 1915 391 0
4890 1 1745 178 1915 402 0
4891 1 1737 183 1913 409 0
4892 1 1733 155 1917 410 0
4893 1 1737 151 1915 391 0
4894 1 1739 153 1915 412 0
4895 1 1733 62 1913 411 0
4896 1 1743 168 1918 413 0
4897 1 1741 176 1918 421 0
4898 1 1739 170 1916 415 0
4899 1 1739 168 1916 402 0
4900 1 1739 155 1916 402 0
4901 1 1733 151 1917 408 0
4902 1 1734 62 1916 386 0
4903 1 1730 134 1906 402 0
4904 1 1737 145 1927 410 0
4905 1 1747 162 1916 402 0
4906 1 1733 151 1917 414 0
4907 1 1735 136 1908 399 0
4908 1 1735 155 1921 400 0
4909 1 1737 187 1914 404 0
4910 1 1747 157 1915 404 0
4911 1 1741 174 1916 395 0
4912 1 1741 172 1916 412 0
4913 1 1739 172 1916 406 0
4914 1 1735 162 1908 396 0
4915 1 1741 166 1921 415 0
4916 1 1731 155 1914 397 0
4917 1 1733 166 1915 389 0
4918 1 1724 153 1918 406 0
4919 1 1731 143 1911 406 0
4920 1 1731 159 1914 406 0
4921 1 1739 164 1919 406 0
4922 1 1739 164 1915 417 0
4923 1 1733 149 1913 387 0
4924 1 1728 159 1913 427 0
4925 1 1728 195 1911 423 0
4926 1 1735 178 1911 425 0
4927 1 1722 172 1913 423 0
4928 1 1724 170 1915 421 0
4929 1 1735 176 1904 406 0
4930 1 1737 170 1913 391 0
4931 1 1720 166 1915 385 0
4932 1 1722 164 1902 377 0
4933 1 1731 153 1918 414 0
4934 1 1737 162 1910 390 0
4935 1 1739 122 1917 400 0
4936 1 1743 141 1915 381 0
4937 1 1743 136 1915 383 0
4938 1 1756 118 1915 375 0
4939 1 1770 99 1917 389 0
4940 1 1772 132 1917 389 0
4941 1 1795 145 1919 367 0
4942 1 1804 105 1919 367 0
4943 1 1821 122 1919 339 0
4944 1 1837 130 1919 339 0
4945 1 1834 111 1916 333 0
4946 1 1858 101 1917 335 0
4947 1 1858 120 1917 335 0
4948 1 1858 120 1918 331 0
4949 1 1862 120 1918 310 0
4953 1 1860 72 1920 302 0
4954 1 1875 60 1921 322 0
4955 1 1836 33 1920 271 0
4956 1 1836 38 1920 326 0
4957 1 1788 43 1920 326 0
4958 1 1750 40 1920 326 0
4959 1 1706 55 1896 312 0
4960 1 1661 50 1843 307 0
4961 1 1625 45 1831 311 0
4962 1 1591 60 1809 319 0
4963 1 1540 62 1754 331 0
4964 1 1504 89 1722 353 0
4965 1 1475 115 1698 372 0
4966 1 1442 151 1677 379 0
4967 1 1413 141 1655 400 0
4968 1 1406 165 1632 400 0
4969 1 1391 214 1624 423 0
4970 1 1406 206 1624 432 0
4971 1 1463 245 1677 442 0
4972 1 1497 254 1706 460 0
4973 1 1536 266 1745 480 0
4974 1 1564 307 1758 494 0
4975 1 1591 324 1793 514 0
4976 1 1601 346 1817 545 0
4977 1 1625 401 1807 569 0
4978 1 1625 396 1819 595 0
4979 1 1637 413 1802 615 0
4980 1 1646 461 1819 646 0
4981 1 1649 466 1831 651 0
4982 1 1649 478 1819 668 0
4983 1 1651 521 1833 691 0
4984 1 1653 533 1835 706 0
4985 1 1661 574 1841 713 0
4986 1 1668 541 1846 733 0
4987 1 1687 584 1855 749 0
4988 1 1706 584 1875 729 0
4989 1 1720 582 1870 731 0
4990 1 1732 589 1896 735 0
4991 1 1732 572 1896 735 0
4992 1 1723 558 1886 736 0
4993 1 1706 550 1864 720 0
4994 1 1694 531 1857 716 0
4995 1 1656 538 1814 694 0
4996 1 1622 514 1804 670 0
4997 1 1576 476 1761 666 0
4998 1 1538 488 1720 646 0
4999 1 1495 452 1685 637 0
5000 1 1475 454 1653 615 0
5001 1 1442 413 1624 605 0
5002 1 1423 401 1605 583 0
5003 1 1413 404 1593 565 0
5004 1 1391 339 1597 541 0
5005 1 1382 341 1567 523 0
5006 1 1396 334 1576 516 0
5007 1 1377 312 1607 511 0
5008 1 1374 281 1569 483 0
5009 1 1365 257 1591 471 0
5010 1 1374 242 1583 453 0
5011 1 1372 221 1583 451 0
5012 1 1374 235 1583 456 0
5013 1 1372 223 1588 449 0
5014 1 1374 254 1592 448 0
5015 1 1379 238 1569 447 0
5016 1 1377 242 1591 444 0
5017 1 1391 245 1600 449 0
5018 1 1381 233 1605 454 0
5019 1 1396 226 1600 442 0
5020 1 1390 235 1622 456 0
5021 1 1391 242 1621 453 0
5022 1 1384 218 1610 448 0
5023 1 1386 245 1597 449 0
5024 1 1386 242 1614 458 0
5025 1 1398 269 1602 461 0
5026 1 1413 279 1617 464 0
5027 1 1413 254 1615 458 0
5028 1 1415 271 1614 456 0
5029 1 1408 266 1612 456 0
5030 1 1408 264 1631 456 0
5031 1 1401 250 1617 452 0
5032 1 1413 257 1631 456 0
5033 1 1406 250 1622 454 0
5034 1 1411 230 1608 448 0
5035 1 1406 211 1636 446 0
5036 1 1418 245 1620 435 0
5037 1 1408 233 1631 432 0
5038 1 1415 228 1629 427 0
5039 1 1425 180 1641 413 0
5040 1 1427 149 1648 389 0
5041 1 1430 168 1656 379 0
5042 1 1449 153 1653 362 0
5043 1 1456 151 1660 362 0
5044 1 1471 139 1692 362 0
5045 1 1483 129 1689 352 0
5046 1 1497 127 1703 353 0
5047 1 1526 125 1732 351 0
5048 1 1572 139 1745 350 0
5049 1 1622 132 1804 350 0
5050 1 1702 132 1887 358 0
5051 1 1769 137 1920 370 0
5052 1 1839 153 1920 357 0
5073 1 1858 228 1920 480 0
5074 1 1805 228 1920 485 0
5075 1 1754 228 1919 487 0
5076 1 1699 228 1879 487 0
5077 1 1665 228 1847 487 0
5078 1 1641 223 1833 489 0
5079 1 1620 242 1812 475 0
5080 1 1598 211 1780 482 0
5081 1 1593 218 1775 480 0
5082 1 1572 216 1774 487 0
5083 1 1560 230 1738 482 0
5084 1 1545 228 1749 475 0
5085 1 1543 226 1728 471 0
5086 1 1545 211 1737 456 0
5087 1 1555 192 1740 446 0
5088 1 1560 194 1735 441 0
5089 1 1564 168 1754 422 0
5090 1 1569 156 1778 415 0
5091 1 1579 163 1764 403 0
5092 1 1581 139 1766 403 0
5093 1 1584 134 1769 374 0
5094 1 1591 113 1756 372 0
5095 1 1593 108 1771 355 0
5096 1 1598 101 1776 351 0
5097 1 1605 91 1802 345 0
5098 1 1603 91 1785 336 0
5099 1 1603 93 1768 345 0
5100 1 1596 91 1793 341 0
5101 1 1601 81 1793 347 0
5102 1 1598 98 1783 352 0
5103 1 1598 91 1800 350 0
5104 1 1608 86 1807 357 0
5105 1 1613 103 1800 353 0
5106 1 1615 91 1795 357 0
5107 1 1613 105 1798 357 0
5108 1 1620 103 1798 367 0
5109 1 1618 122 1798 364 0
5110 1 1622 110 1812 367 0
5111 1 1627 122 1814 374 0
5112 1 1627 117 1805 383 0
5113 1 1627 137 1821 387 0
5114 1 1627 141 1821 388 0
5115 1 1632 134 1805 396 0
5116 1 1629 141 1828 395 0
5117 1 1627 134 1826 388 0
5118 1 1625 156 1806 386 0
5119 1 1619 136 1811 395 0
5120 1 1620 151 1812 396 0
5121 1 1618 140 1814 394 0
5122 1 1614 141 1804 393 0
5123 1 1612 148 1809 395 0
5124 1 1611 146 1797 399 0
5125 1 1609 153 1808 400 0
5126 1 1609 157 1809 401 0
5127 1 1605 159 1791 410 0
5128 1 1599 156 1805 404 0
5129 1 1597 165 1797 406 0
5130 1 1594 159 1772 407 0
5131 1 1588 164 1800 406 0
5132 1 1583 174 1781 409 0
5133 1 1577 175 1771 405 0
5134 1 1575 163 1778 399 0
5135 1 1566 173 1782 403 0
5136 1 1566 164 1763 399 0
5137 1 1565 167 1769 407 0
5138 1 1555 156 1770 400 0
5139 1 1547 161 1750 403 0
5140 1 1541 163 1740 397 0
5141 1 1534 167 1728 403 0
5142 1 1530 163 1722 397 1
5143 1 1522 157 1722 396 1
5144 1 1516 156 1718 392 1
5145 1 1500 64 1706 388 1
5146 1 1516 159 1707 386 1
5147 1 1511 139 1698 380 1
5148 1 1508 140 1708 385 1
5149 1 1512 154 1724 382 1
5150 1 1507 127 1727 379 1
5151 1 1502 152 1712 386 1
5152 1 1502 157 1716 384 1
5153 1 1502 151 1717 383 1
5154 1 1504 151 1714 377 1
5155 1 1501 144 1713 370 1
5156 1 1502 126 1716 354 1
5157 1 1499 110 1704 342 1
5158 1 1501 97 1716 326 1
5159 1 1498 75 1712 311 1
5160 1 1504 75 1726 303 1
5161 1 1505 55 1719 284 1
5162 1 1509 44 1719 266 1
5163 1 1513 23 1724 250 1
5164 1 1522 1 1730 233 1
5165 1 1533 1 1733 211 1
5166 1 1557 1 1737 188 1
5167 1 1566 3 1742 162 1
5168 1 1582 1 1747 154 1
5169 1 1582 4 1766 147 1
5170 1 1586 0 1770 135 1
5171 1 1586 4 1776 131 1
5172 1 1599 1 1768 124 1
5173 1 1606 0 1774 127 1
5174 1 1618 0 1779 123 1
5175 1 1627 0 1796 115 1
5176 1 1651 0 1796 109 1
5177 1 1650 1 1823 104 1
5178 1 1659 1 1822 96 1
5179 1 1664 0 1820 97 1
5180 1 1664 0 1828 94 1
5181 1 1674 0 1829 93 1
5182 1 1674 0 1843 88 1
5183 1 1691 0 1843 86 1
5184 1 1699 0 1843 79 1
5185 1 1698 0 1843 86 1
5186 1 1698 0 1866 91 1
5187 1 1705 0 1861 104 1
5188 1 1699 1 1870 114 1
5189 1 1699 0 1874 135 1
5190 1 1686 0 1880 156 1
5191 1 1686 2 1889 177 1
5192 1 1688 0 1886 203 1
5193 1 1665 3 1873 224 1
5194 1 1665 2 1867 238 1
5195 1 1636 0 1866 274 1
5196 1 1622 26 1845 318 0
5197 1 1594 67 1804 370 0
5198 1 1557 129 1771 422 0
5199 1 1509 173 1763 480 0
5200 1 1478 235 1718 545 0
5201 1 1451 281 1669 579 0
5202 1 1432 331 1653 626 0
5203 1 1408 370 1624 670 0
5204 1 1389 394 1622 687 0
5205 1 1391 406 1595 697 0
5206 1 1374 442 1576 713 0
5207 1 1362 437 1583 718 0
5208 1 1355 423 1585 716 0
5209 1 1358 420 1567 723 0
5210 1 1353 435 1576 718 0
5211 1 1358 408 1564 727 0
5212 1 1341 418 1567 730 0
5213 1 1346 428 1569 719 0
5214 1 1338 430 1556 728 0
5215 1 1341 435 1550 728 0
5216 1 1341 444 1559 732 0
5217 1 1336 437 1564 728 0
5218 1 1348 449 1574 728 0
5219 1 1364 440 1586 719 0
5220 1 1386 416 1602 690 0
5221 1 1430 370 1653 658 0
5222 1 1475 303 1696 603 0
5223 1 1536 279 1747 565 0
5224 1 1581 230 1797 511 0
5225 1 1639 192 1833 473 0
5226 1 1673 146 1870 449 0
5227 1 1694 122 1869 410 0
5228 1 1726 91 1911 362 0
5229 1 1730 64 1910 359 0
5230 1 1730 43 1905 331 0
5231 1 1742 12 1905 315 0
5232 1 1738 2 1905 295 0
5233 1 1735 0 1903 254 0
5234 1 1735 0 1898 246 0
5235 1 1734 0 1901 245 0
5236 1 1734 0 1906 226 0
5237 1 1734 0 1900 222 0
5238 1 1734 0 1904 222 0
5239 1 1735 0 1907 213 0
5240 1 1735 0 1899 212 0
5241 1 1746 0 1910 214 0
5242 1 1745 0 1909 223 0
5243 1 1743 0 1907 230 0
5244 1 1745 2 1916 237 0
5245 1 1735 1 1914 238 0
5246 1 1735 1 1914 241 0
5247 1 1736 0 1915 252 0
5248 1 1736 0 1918 259 0
5249 1 1732 0 1911 270 0
5250 1 1735 0 1918 275 0
5251 1 1712 19 1916 288 0
5252 1 1728 35 1910 300 0
5253 1 1721 41 1900 311 0
5254 1 1718 56 1901 317 0
5255 1 1718 70 1901 336 0
5256 1 1720 88 1899 360 0
5257 1 1711 92 1893 366 0
5258 1 1713 93 1889 378 0
5259 1 1707 121 1889 387 0
5260 1 1705 101 1887 396 0
5261 1 1703 118 1879 401 0
5262 1 1699 148 1886 409 0
5263 1 1699 164 1878 407 0
5264 1 1698 164 1872 409 0
5265 1 1691 165 1871 410 0
5266 1 1677 173 1870 405 0
5267 1 1680 168 1866 405 0
5268 1 1676 157 1868 400 0
5269 1 1673 148 1856 392 0
5270 1 1662 143 1852 390 0
5271 1 1656 129 1843 381 0
5272 1 1644 112 1836 368 0
5273 1 1634 99 1821 367 0
5274 1 1629 81 1833 360 0
5275 1 1623 74 1817 340 0
5276 1 1624 50 1807 330 0
5277 1 1623 42 1816 318 0
5278 1 1624 31 1813 312 0
5279 1 1627 25 1812 297 0
5280 1 1624 17 1814 287 0
5281 1 1620 12 1806 274 0
5282 1 1613 0 1800 256 0
5283 1 1609 0 1795 251 0
5284 1 1598 0 1787 241 0
5285 1 1591 0 1802 229 0
5286 1 1591 0 1789 229 0
5287 1 1587 0 1798 222 0
5288 1 1587 0 1788 211 0
5289 1 1583 0 1781 213 0
5290 1 1583 0 1798 211 0
5291 1 1569 0 1763 205 0
5292 1 1575 0 1764 197 0
5293 1 1565 0 1769 186 0
5294 1 1557 0 1757 180 0
5295 1 1562 0 1758 168 0
5296 1 1562 0 1744 158 0
5297 1 1560 0 1738 154 0
5298 1 1553 0 1738 150 0
5299 1 1542 0 1727 154 0
5300 1 1537 0 1726 151 0
5301 1 1539 0 1704 139 0
5302 1 1539 0 1704 139 0
5303 1 1524 0 1703 132 0
5304 1 1524 0 1705 143 0
5305 1 1520 0 1696 144 0
5306 1 1520 0 1688 140 0
5307 1 1522 0 1681 150 0
5308 1 1520 0 1688 143 0
5309 1 1520 0 1688 137 0
5310 1 1519 0 1679 126 0
5311 1 1525 0 1689 129 0
5312 1 1528 0 1702 121 0
5313 1 1528 0 1703 122 0
5314 1 1560 0 1706 125 0
5315 1 1560 0 1711 115 0
5316 1 1597 0 1711 111 0
5317 1 1615 0 1751 115 0
5318 1 1631 0 1762 115 0
5319 1 1637 0 1762 110 0
5320 1 1662 0 1822 108 0
5321 1 1673 0 1822 108 0
5322 1 1682 0 1821 101 0
5323 1 1696 0 1845 96 0
5324 1 1713 0 1845 93 0
5325 1 1727 0 1884 86 0
5326 1 1745 0 1884 94 0
5327 1 1778 0 1920 90 0
5328 1 1800 0 1920 90 0
5329 1 1817 0 1920 89 0
5330 1 1835 0 1919 89 0
5331 1 1841 0 1920 87 0
5332 1 1856 0 1919 87 0
5333 1 1847 0 1920 78 0
5377 1 1752 0 1920 103 0
5378 1 1755 0 1920 96 0
5379 1 1755 0 1915 103 0
5380 1 1755 0 1911 99 0
5381 1 1764 0 1911 98 0
5382 1 1768 0 1913 107 0
5383 1 1774 0 1916 125 0
5384 1 1779 0 1916 130 0
5385 1 1779 0 1916 139 0
5386 1 1781 0 1915 130 0
5387 1 1781 0 1917 134 0
5388 1 1781 0 1917 134 0
5389 1 1780 0 1917 138 0
5390 1 1784 0 1917 137 0
5391 1 1784 0 1917 139 0
5392 1 1784 0 1916 138 0
5393 1 1789 0 1915 141 0
5394 1 1789 0 1919 148 0
5395 1 1789 0 1919 153 0
5396 1 1789 0 1919 154 0
5397 1 1789 0 1919 151 0
5398 1 1798 0 1920 154 0
5399 1 1799 0 1920 155 0
5400 1 1807 0 1920 154 0
5401 1 1807 0 1920 152 0
5402 1 1803 0 1919 152 0
5403 1 1804 0 1919 154 0
5404 1 1807 0 1920 157 0
5405 1 1807 0 1920 159 0
5406 1 1807 0 1920 160 0
5407 1 1809 0 1920 157 0
5408 1 1806 0 1919 153 0
5409 1 1806 0 1919 153 0
5410 1 1806 0 1919 149 0
5411 1 1808 0 1920 148 0
5412 1 1808 0 1920 145 0
5413 1 1808 0 1920 144 0
5414 1 1808 0 1920 145 0
5415 1 1808 0 1920 142 0
5416 1 1808 0 1920 144 0
5417 1 1808 0 1920 144 0
5418 1 1808 0 1916 148 0
5419 1 1808 0 1919 144 0
5420 1 1818 0 1919 143 0
5421 1 1818 0 1919 144 0
5422 1 1818 0 1919 146 0
5423 1 1825 0 1918 148 0
5424 1 1823 0 1920 149 0
5425 1 1823 0 1920 152 0
5426 1 1823 0 1920 151 0
5427 1 1823 0 1920 150 0
5428 1 1823 0 1920 154 0
5429 1 1823 0 1920 155 0
5430 1 1823 0 1920 153 0
5431 1 1823 0 1920 150 0
5432 1 1823 0 1920 156 0
5433 1 1823 0 1920 154 0
5434 1 1823 0 1920 156 0
5435 1 1823 0 1920 154 0
5436 1 1823 0 1920 148 0
5437 1 1823 0 1920 141 0
5438 1 1823 0 1919 144 0
5439 1 1823 0 1919 135 0
5440 1 1823 0 1919 131 0
5441 1 1823 0 1920 134 0
5442 1 1823 0 1920 129 0
5443 1 1823 0 1921 129 0
5444 1 1823 0 1921 124 0
5445 1 1823 0 1917 121 0
5446 1 1823 0 1920 116 0
5447 1 1823 0 1919 117 0
5448 1 1823 0 1919 107 0
5449 1 1823 0 1919 108 0
5450 1 1835 0 1919 107 0
5451 1 1841 0 1919 95 0
5452 1 1849 0 1920 91 0
5453 1 1858 0 1919 94 0
5454 1 1868 0 1919 86 0
5455 1 1872 0 1919 66 0
5456 1 1871 0 1920 55 0
5778 1 1827 14 1925 317 0
5779 1 1846 19 1922 312 0
5780 1 1829 19 1922 305 0
5781 1 1829 19 1922 302 0
5782 1 1822 9 1923 304 0
5783 1 1821 9 1923 299 0
5784 1 1823 9 1922 312 0
5785 1 1823 24 1922 317 0
5786 1 1821 24 1923 322 0
5787 1 1828 33 1922 326 0
5788 1 1821 55 1923 329 0
5789 1 1816 45 1922 333 0
5790 1 1823 36 1922 324 0
5791 1 1821 64 1923 318 0
5792 1 1826 31 1923 322 0
5793 1 1833 57 1923 321 0
5794 1 1828 7 1921 317 0
5795 1 1823 7 1924 322 0
5796 1 1828 28 1919 323 0
5797 1 1826 40 1917 349 0
5798 1 1816 48 1924 341 0
5799 1 1823 38 1924 329 0
5800 1 1826 45 1917 336 0
5801 1 1818 48 1921 351 0
5802 1 1818 23 1919 330 0
5803 1 1811 38 1919 331 0
5804 1 1806 45 1919 326 0
5805 1 1804 26 1919 324 0
5806 1 1801 36 1916 315 0
5807 1 1800 40 1922 316 0
5808 1 1804 52 1921 311 0
5809 1 1799 52 1921 311 0
5810 1 1794 52 1921 311 0
5811 1 1794 52 1921 314 0
5812 1 1794 50 1919 300 0
5813 1 1786 48 1920 300 0
5814 1 1785 47 1919 297 0
5815 1 1785 47 1919 295 0
5816 1 1781 47 1919 296 0
5817 1 1781 47 1919 296 0
5818 1 1776 47 1920 294 0
5819 1 1776 42 1920 293 0
5820 1 1776 44 1920 293 0
5821 1 1776 44 1920 293 0
5822 1 1772 38 1924 291 0
5823 1 1772 38 1918 289 0
5824 1 1773 45 1918 288 0
5825 1 1773 45 1918 293 0
5826 1 1773 45 1918 292 0
5827 1 1773 45 1918 294 0
5828 1 1773 46 1918 295 0
5829 1 1773 46 1918 295 0
5830 1 1773 48 1918 295 0
5831 1 1773 46 1918 297 0
5832 1 1773 49 1918 297 0
5833 1 1773 49 1918 297 0
5834 1 1777 49 1918 297 0
5835 1 1777 49 1918 301 0
5836 1 1777 50 1918 304 0
5837 1 1777 50 1918 304 0
5838 1 1781 50 1918 307 0
5839 1 1781 50 1918 304 0
5840 1 1786 69 1919 304 0
5841 1 1786 48 1919 304 0
5842 1 1786 48 1919 302 0
5843 1 1790 32 1918 302 0
5844 1 1790 0 1920 287 0
5845 1 1794 0 1919 291 0
5846 1 1790 23 1918 282 0
5847 1 1790 15 1918 282 0
5848 1 1791 0 1918 279 0
5849 1 1790 14 1918 277 0
5850 1 1790 14 1920 273 0
5851 1 1790 1 1920 269 0
5852 1 1790 1 1919 264 0
5853 1 1791 1 1919 261 0
5854 1 1793 1 1919 255 0
5855 1 1783 1 1918 260 0
5856 1 1786 1 1919 255 0
5857 1 1786 1 1919 259 0
5858 1 1786 1 1920 253 0
5859 1 1786 1 1920 231 0
5860 1 1786 1 1920 226 0
5861 1 1786 1 1920 206 0
5862 1 1781 1 1920 208 0
5863 1 1779 1 1920 198 0
5864 1 1781 1 1920 190 0
5865 1 1782 1 1920 181 0
5866 1 1780 1 1920 176 0
5867 1 1780 1 1920 165 0
5868 1 1778 1 1920 155 0
5869 1 1779 1 1920 152 0
5870 1 1774 1 1920 157 0
5871 1 1776 1 1920 148 0
5872 1 1770 3 1921 138 0
5873 1 1767 3 1921 130 0
5874 1 1767 1 1921 130 0
5875 1 1766 1 1920 119 0
5876 1 1761 1 1909 124 0
5877 1 1761 1 1909 118 0
5878 1 1755 1 1909 118 0
5879 1 1755 1 1907 108 0
5880 1 1755 1 1905 111 0
5881 1 1747 1 1905 112 0
5882 1 1747 1 1901 109 0
5883 1 1747 1 1897 115 0
5884 1 1741 1 1900 104 0
5885 1 1741 1 1907 107 0
5886 1 1741 1 1902 109 0
5887 1 1741 1 1900 112 0
5888 1 1741 1 1911 111 0
5889 1 1741 1 1905 107 0
5890 1 1741 1 1902 109 0
5891 1 1741 1 1894 114 0
5892 1 1741 1 1898 119 0
5893 1 1741 1 1893 121 0
5894 1 1741 1 1890 111 0
5895 1 1741 1 1895 114 0
5896 1 1741 1 1897 124 0
5897 1 1741 1 1888 111 0
5898 1 1741 1 1884 115 0
5899 1 1737 0 1891 116 0
5900 1 1735 0 1901 109 0
5901 1 1736 0 1915 126 0
5902 1 1736 0 1898 118 0
5903 1 1736 0 1897 113 0
5904 1 1738 0 1897 115 0
5905 1 1739 0 1894 116 0
5906 1 1739 0 1892 119 0
5907 1 1739 0 1901 116 0
5908 1 1739 0 1901 110 0
5909 1 1739 0 1899 118 0
5910 1 1739 0 1900 127 0
5911 1 1739 0 1901 116 0
5912 1 1739 0 1903 120 0
5913 1 1743 0 1903 118 0
5914 1 1749 0 1903 128 0
5915 1 1756 0 1910 118 0
5916 1 1762 0 1916 128 0
5917 1 1766 0 1917 133 0
5918 1 1771 0 1916 177 0
5919 1 1776 0 1916 184 0
5920 1 1781 0 1916 210 0
5921 1 1787 0 1916 232 0
5922 1 1786 0 1917 242 0
5923 1 1786 25 1921 260 0
5924 1 1786 35 1921 273 0
5925 1 1786 35 1919 291 0
5926 1 1791 81 1920 315 0
5927 1 1791 114 1920 342 0
5928 1 1787 135 1920 368 0
5929 1 1780 135 1920 387 0
5930 1 1780 187 1920 418 0
5931 1 1766 211 1918 437 0
5932 1 1750 239 1917 457 0
5933 1 1725 231 1914 470 0
5934 1 1725 244 1909 471 0
5935 1 1685 230 1892 475 0
5936 1 1669 222 1866 458 0
5937 1 1632 203 1838 447 0
5938 1 1587 177 1804 428 0
5939 1 1568 118 1770 408 0
5940 1 1538 112 1738 405 0
5941 1 1506 110 1709 399 0
5942 1 1454 145 1670 403 0
5943 1 1421 156 1644 410 0
5944 1 1411 173 1613 458 0
5945 1 1399 194 1603 474 0
5946 1 1393 204 1586 458 0
5947 1 1390 224 1581 487 0
5948 1 1376 260 1575 482 0
5949 1 1378 280 1562 533 0
5950 1 1367 311 1554 549 0
5951 1 1366 342 1552 586 0
5952 1 1368 349 1539 603 0
5953 1 1361 376 1543 611 0
5954 1 1370 402 1541 642 0
5955 1 1374 417 1545 653 0
5956 1 1372 444 1544 670 0
5957 1 1369 451 1544 688 0
5958 1 1366 471 1533 689 0
5959 1 1350 482 1524 700 0
5960 1 1324 494 1530 696 0
5961 1 1310 504 1522 712 0
5962 1 1296 528 1502 734 0
5963 1 1280 550 1482 746 0
5964 1 1278 558 1484 758 0
5965 1 1280 564 1484 758 0
5966 1 1272 564 1480 762 0
5967 1 1272 568 1482 768 0
5968 1 1274 572 1444 825 0
5969 1 1274 576 1461 820 0
5970 1 1270 576 1449 815 0
5971 1 1266 574 1447 832 0
5972 1 1260 576 1444 815 0
5973 1 1258 574 1437 815 0
5974 1 1256 576 1439 817 0
5975 1 1259 598 1427 826 0
5976 1 1266 603 1431 824 0
5977 1 1261 577 1405 805 0
5978 1 1254 596 1413 810 0
5979 1 1254 586 1424 809 0
5980 1 1254 596 1417 800 0
5981 1 1237 598 1402 804 0
5982 1 1234 584 1406 805 0
5983 1 1237 613 1398 812 0
5984 1 1228 598 1394 805 0
5985 1 1230 613 1396 824 0
5986 1 1228 625 1389 819 0
5988 1 1228 618 1389 827 0
5989 1 1210 630 1389 841 0
5990 1 1206 630 1382 846 0
5991 1 1200 628 1365 856 0
5992 1 1198 647 1372 844 0
5993 1 1196 644 1355 841 0
5994 1 1211 651 1362 838 0
5995 1 1192 642 1362 851 0
5996 1 1189 635 1364 844 0
5997 1 1186 637 1348 839 0
5998 1 1184 612 1358 841 0
5999 1 1184 632 1343 841 0
6000 1 1182 622 1341 836 0
6001 1 1180 635 1350 844 0
6002 1 1178 627 1350 845 0
6003 1 1194 637 1352 851 0
6004 1 1189 630 1345 851 0
6005 1 1189 635 1350 839 0
6006 1 1176 637 1343 846 0
6007 1 1174 635 1362 846 0
6008 1 1182 635 1340 849 0
6009 1 1178 632 1336 841 0
6010 1 1184 610 1348 841 0
6011 1 1188 615 1341 841 0
6012 1 1190 618 1348 841 0
6013 1 1192 615 1355 838 0
6014 1 1196 603 1343 831 0
6015 1 1196 602 1346 822 0
6016 1 1194 608 1355 834 0
6017 1 1196 610 1354 814 0
6018 1 1206 618 1359 824 0
6019 1 1198 594 1348 815 0
6020 1 1208 606 1362 817 0
6021 1 1208 598 1360 804 0
6022 1 1208 589 1367 786 0
6023 1 1212 579 1379 785 0
6024 1 1218 574 1391 768 0
6025 1 1232 570 1394 764 0
6026 1 1236 550 1384 759 0
6027 1 1234 546 1396 750 0
6028 1 1246 521 1408 737 0
6029 1 1250 512 1411 718 0
6030 1 1254 493 1411 711 0
6031 1 1256 493 1418 692 0
6032 1 1260 505 1415 695 0
6033 1 1260 459 1427 677 0
6034 1 1264 454 1430 670 0
6035 1 1276 457 1432 643 0
6036 1 1290 452 1437 641 0
6037 1 1292 446 1456 659 0
6038 1 1305 444 1478 646 0
6039 1 1314 435 1480 635 0
6040 1 1318 447 1485 651 0
6041 1 1322 444 1487 641 0
6042 1 1319 432 1499 648 0
6043 1 1326 437 1485 627 0
6044 1 1328 440 1502 644 0
6045 1 1332 440 1504 627 0
6046 1 1336 430 1487 636 0
6047 1 1350 425 1515 631 0
6048 1 1348 452 1512 607 0
6049 1 1352 435 1533 629 0
6050 1 1360 423 1533 625 0
6051 1 1368 420 1521 626 0
6052 1 1380 413 1540 610 0
6053 1 1382 411 1552 613 0
6054 1 1384 406 1555 597 0
6055 1 1382 411 1545 599 0
6056 1 1384 408 1569 612 0
6057 1 1398 401 1571 617 0
6058 1 1398 399 1578 605 0
6059 1 1408 404 1578 610 0
6060 1 1415 389 1583 600 0
6061 1 1400 389 1560 615 0
6062 1 1400 394 1564 607 0
6063 1 1404 389 1562 603 0
6064 1 1408 394 1576 603 0
6065 1 1408 377 1572 599 0
6066 1 1406 368 1569 597 0
6067 1 1404 375 1579 596 0
6068 1 1408 370 1576 605 0
6069 1 1408 360 1574 602 0
6070 1 1408 372 1581 590 0
6071 1 1408 368 1557 594 0
6072 1 1410 353 1574 591 0
6073 1 1406 363 1564 575 0
6074 1 1401 365 1571 586 0
6075 1 1406 358 1574 593 0
6076 1 1404 363 1555 593 0
6077 1 1406 365 1564 573 0
6078 1 1402 387 1576 603 0
6079 1 1408 355 1561 593 0
6080 1 1406 363 1572 586 0
6081 1 1402 372 1569 595 0
6082 1 1400 384 1579 577 0
6083 1 1398 358 1567 605 0
6084 1 1396 370 1555 603 0
6085 1 1392 365 1552 597 0
6086 1 1390 380 1564 597 0
6087 1 1390 372 1557 598 0
6088 1 1388 377 1555 603 0
6089 1 1386 382 1548 583 0
6090 1 1376 372 1552 605 0
6091 1 1384 384 1547 598 0
6092 1 1374 372 1543 593 0
6093 1 1391 375 1540 596 0
6094 1 1386 372 1532 578 0
6095 1 1382 372 1548 581 0
6096 1 1372 351 1555 586 0
6097 1 1372 372 1548 588 0
6098 1 1372 382 1550 586 0
6099 1 1372 377 1540 581 0
6100 1 1372 365 1550 563 0
6101 1 1372 363 1533 579 0
6102 1 1374 368 1525 574 0
6103 1 1379 355 1554 573 0
6104 1 1379 351 1549 565 0
6105 1 1367 355 1554 566 0
6106 1 1384 353 1540 571 0
6107 1 1372 348 1542 571 0
6108 1 1377 351 1535 565 0
6109 1 1377 360 1547 566 0
6110 1 1374 353 1544 567 0
6111 1 1379 353 1532 569 0
6112 1 1374 339 1537 553 0
6113 1 1372 351 1535 572 0
6114 1 1377 343 1545 566 0
6115 1 1379 327 1540 560 0
6116 1 1372 339 1528 557 0
6117 1 1376 341 1536 557 0
6118 1 1374 334 1548 553 0
6119 1 1374 339 1545 549 0
6120 1 1374 329 1543 553 0
6121 1 1376 329 1531 545 0
6122 1 1378 315 1543 550 0
6123 1 1376 317 1524 539 0
6124 1 1376 307 1531 531 0
6125 1 1374 307 1536 547 0
6126 1 1374 307 1528 517 0
6127 1 1370 293 1548 540 0
6128 1 1370 286 1536 517 0
6129 1 1370 281 1528 491 0
6130 1 1370 295 1519 523 0
6131 1 1368 281 1546 511 0
6132 1 1356 259 1542 487 0
6133 1 1352 266 1512 494 0
6134 1 1355 252 1523 485 0
6135 1 1334 245 1499 471 0
6136 1 1319 211 1505 465 0
6137 1 1312 218 1478 421 0
6138 1 1304 206 1473 446 0
6139 1 1292 221 1468 454 0
6140 1 1290 206 1460 439 0
6141 1 1278 209 1441 447 0
6142 1 1266 218 1417 444 0
6143 1 1249 223 1417 453 0
6144 1 1235 228 1403 451 0
6145 1 1218 218 1391 446 0
6146 1 1213 226 1386 449 0
6147 1 1204 218 1384 456 0
6148 1 1196 230 1374 453 0
6149 1 1170 221 1360 442 0
6150 1 1158 223 1333 461 0
6151 1 1144 214 1326 449 0
6152 1 1144 197 1334 425 0
6153 1 1141 204 1328 422 0
6154 1 1134 187 1319 410 0
6155 1 1152 153 1329 391 0
6156 1 1148 151 1328 372 0
6157 1 1154 127 1346 374 0
6158 1 1154 106 1341 360 0
6159 1 1160 125 1341 358 0
6160 1 1166 96 1348 343 0
6161 1 1174 105 1353 340 0
6162 1 1182 82 1365 334 0
6163 1 1185 108 1374 338 0
6164 1 1198 68 1379 322 0
6165 1 1198 62 1370 322 0
6166 1 1214 60 1386 298 0
6167 1 1220 67 1403 300 0
6168 1 1238 35 1417 290 0
6169 1 1242 34 1425 276 0
6170 1 1250 32 1435 274 0
6171 1 1262 30 1437 274 0
6172 1 1262 28 1454 295 0
6173 1 1262 28 1449 279 0
6174 1 1272 26 1451 283 0
6175 1 1266 24 1454 271 0
6176 1 1276 20 1484 230 0
6177 1 1282 18 1490 228 0
6178 1 1286 14 1492 226 0
6179 1 1286 21 1485 271 0
6180 1 1286 14 1487 266 0
6181 1 1290 7 1485 261 0
6182 1 1290 0 1502 247 0
6183 1 1300 0 1485 233 0
6184 1 1304 8 1480 233 0
6185 1 1308 0 1473 235 0
6186 1 1308 0 1483 230 0
6187 1 1305 0 1492 223 0
6188 1 1305 0 1492 233 0
6189 1 1316 0 1492 221 0
6190 1 1316 0 1495 221 0
6191 1 1322 0 1500 209 0
6192 1 1322 0 1497 199 0
6193 1 1317 0 1490 199 0
6194 1 1317 0 1495 209 0
6195 1 1330 0 1522 166 0
6196 1 1317 2 1499 196 0
6197 1 1319 0 1492 204 0
6198 1 1324 0 1492 192 0
6199 1 1326 0 1496 202 0
6200 1 1338 0 1496 190 0
6201 1 1352 0 1521 192 0
6202 1 1352 0 1545 199 0
6203 1 1378 0 1543 190 0
6204 1 1379 0 1561 197 0
6205 1 1404 2 1581 204 0
6206 1 1406 0 1579 202 0
6207 1 1423 0 1617 197 0
6208 1 1454 2 1627 206 0
6209 1 1463 4 1648 199 0
6210 1 1488 4 1653 209 0
6211 1 1495 0 1685 226 0
6212 1 1532 10 1736 218 0
6213 1 1554 16 1766 226 0
6214 1 1584 22 1788 238 0
6215 1 1612 36 1808 250 0
6216 1 1613 36 1793 293 0
6217 1 1660 46 1810 315 0
6218 1 1675 62 1826 328 0
6219 1 1690 84 1848 338 0
6220 1 1718 86 1853 317 0
6221 1 1735 113 1876 353 0
6222 1 1744 105 1875 369 0
6223 1 1746 129 1901 379 0
6224 1 1754 122 1911 376 0
6225 1 1769 120 1915 374 0
6226 1 1762 129 1904 386 0
6227 1 1771 110 1920 376 0
6228 1 1781 129 1920 379 0
6229 1 1786 122 1922 388 0
6230 1 1786 122 1922 396 0
6231 1 1805 116 1920 392 0
6232 1 1827 134 1920 391 0
6233 1 1838 152 1924 384 0
6234 1 1838 152 1924 428 0
6235 1 1834 170 1925 446 0
6236 1 1829 158 1922 442 0
6237 1 1815 171 1920 425 0
6238 1 1795 166 1919 415 0
6239 1 1769 146 1910 397 0
6240 1 1740 132 1879 382 0
6241 1 1695 111 1836 358 0
6242 1 1643 92 1789 330 0
6243 1 1595 70 1752 312 0
6244 1 1532 38 1687 287 0
6245 1 1467 36 1638 270 0
6246 1 1398 1 1578 226 0
6247 1 1336 1 1529 196 0
6248 1 1264 0 1435 158 0
6249 1 1228 0 1396 119 0
6250 1 1165 0 1341 86 0
6290 1 1298 0 1483 86 0
6291 1 1340 2 1524 78 0
6292 1 1350 2 1518 83 0
6293 1 1369 6 1565 97 0
6294 1 1376 2 1566 94 0
6295 1 1410 2 1586 106 0
6296 1 1410 4 1610 124 0
6297 1 1430 2 1634 126 0
6298 1 1440 4 1604 138 0
6299 1 1454 6 1615 141 0
6300 1 1476 8 1643 152 0
6301 1 1504 8 1643 169 0
6302 1 1546 10 1690 166 0
6303 1 1571 12 1734 194 0
6304 1 1646 26 1789 185 0
6305 1 1682 6 1842 229 0
6306 1 1731 0 1877 226 0
6307 1 1778 17 1921 243 0
6308 1 1831 22 1918 247 0
6309 1 1874 56 1917 247 0
6480 1 1800 163 1913 417 0
6481 1 1692 122 1862 364 0
6482 1 1605 64 1787 330 0
6483 1 1507 24 1687 305 0
6484 1 1423 16 1605 227 0
6485 1 1370 4 1571 217 0
6486 1 1305 4 1535 210 0
6487 1 1249 0 1487 209 0
6488 1 1230 0 1453 202 0
6489 1 1189 0 1419 192 0
6490 1 1160 0 1381 175 0
6491 1 1131 0 1403 182 0
6492 1 1115 0 1362 182 0
6493 1 1076 0 1333 168 0
6494 1 1035 0 1333 168 0
6495 1 1006 0 1263 161 0
6496 1 975 0 1208 146 0
6497 1 949 0 1189 149 0
6498 1 910 0 1126 151 0
6499 1 874 0 1102 165 0
6500 1 850 0 1052 151 0
6501 1 806 0 1094 154 0
6502 1 806 0 1038 164 0
6503 1 775 2 1039 178 0
6504 1 753 2 1033 170 0
6505 1 734 2 993 167 0
6506 1 720 0 985 176 0
6507 1 698 0 973 181 0
6508 1 684 0 973 187 0
6509 1 674 0 954 168 0
6510 1 674 0 894 162 0
6511 1 654 0 875 173 0
6512 1 654 0 878 176 0
6513 1 664 0 889 170 0
6514 1 662 0 900 173 0
6515 1 662 0 905 164 0
6516 1 668 0 905 162 0
6517 1 668 0 908 176 0
6518 1 659 0 923 164 0
6519 1 640 2 941 170 0
6520 1 654 0 916 181 0
6521 1 670 0 957 181 0
6522 1 684 0 967 187 0
6523 1 695 0 983 181 0
6524 1 712 0 968 187 0
6525 1 723 2 996 211 0
6526 1 734 7 1007 189 0
6527 1 759 10 1021 211 0
6528 1 792 12 1042 211 0
6529 1 788 8 1050 190 0
6530 1 810 2 1070 192 0
6531 1 822 4 1086 188 0
6532 1 854 6 1110 202 0
6533 1 872 18 1136 236 0
6534 1 896 71 1166 278 0
6535 1 936 82 1143 305 0
6536 1 936 151 1176 316 0
6537 1 969 176 1198 344 0
6538 1 996 189 1233 374 0
6539 1 1021 220 1247 402 0
6540 1 1043 247 1261 434 0
6541 1 1074 250 1286 476 0
6542 1 1090 314 1311 507 0
6543 1 1115 344 1308 531 0
6544 1 1132 352 1353 545 0
6545 1 1157 369 1380 559 0
6546 1 1171 369 1397 562 0
6547 1 1195 372 1435 559 0
6548 1 1226 386 1427 549 0
6549 1 1229 341 1466 542 0
6550 1 1268 339 1474 548 0
6551 1 1259 374 1480 545 0
6552 1 1252 369 1455 567 0
6553 1 1256 363 1502 567 0
6554 1 1262 386 1466 587 0
6555 1 1278 430 1502 612 0
6556 1 1295 388 1493 611 0
6557 1 1311 402 1520 611 0
6558 1 1338 405 1549 595 0
6559 1 1358 394 1573 573 0
6560 1 1400 361 1615 554 0
6561 1 1416 355 1624 545 0
6562 1 1419 350 1615 540 0
6563 1 1419 322 1617 526 0
6564 1 1411 350 1609 554 0
6565 1 1394 352 1598 548 0
6566 1 1389 363 1585 570 0
6567 1 1403 355 1579 564 0
6568 1 1427 352 1639 545 0
6569 1 1458 333 1662 531 0
6570 1 1494 292 1701 485 0
6571 1 1516 272 1734 470 0
6572 1 1541 245 1773 446 0
6573 1 1568 214 1764 432 0
6574 1 1574 211 1789 437 0
6575 1 1577 211 1792 448 0
6576 1 1568 217 1775 462 0
6577 1 1549 236 1758 484 0
6578 1 1519 245 1737 513 0
6579 1 1488 300 1703 556 0
6580 1 1463 314 1650 562 0
6581 1 1455 311 1645 554 0
6582 1 1442 289 1635 541 0
6583 1 1470 267 1651 529 0
6584 1 1478 258 1657 495 0
6585 1 1476 239 1657 465 0
6586 1 1474 187 1653 446 0
6587 1 1463 159 1667 418 0
6588 1 1461 153 1657 396 0
6589 1 1466 151 1642 388 0
6590 1 1470 151 1660 393 0
6591 1 1500 114 1737 390 0
6592 1 1554 114 1751 397 0
6593 1 1599 101 1795 380 0
6594 1 1662 134 1860 388 0
6595 1 1726 134 1897 426 0
6596 1 1776 156 1925 438 0
6597 1 1823 206 1925 438 0
6598 1 1853 236 1924 437 0
6599 1 1872 239 1927 437 0
6623 1 1836 637 1920 788 0
6624 1 1846 606 1927 793 0
6625 1 1834 606 1927 805 0
6626 1 1824 637 1925 812 0
6627 1 1824 637 1925 831 0
6628 1 1800 637 1925 843 0
6629 1 1779 637 1925 879 0
6630 1 1766 724 1924 880 0
6631 1 1747 724 1917 894 0
6632 1 1740 728 1918 893 0
6633 1 1740 728 1918 910 0
6634 1 1740 752 1918 901 0
6635 1 1740 752 1918 905 0
6636 1 1740 752 1918 905 0
6637 1 1740 752 1918 910 0
6638 1 1740 752 1918 913 0
6639 1 1740 752 1918 915 0
6640 1 1740 752 1918 910 0
6641 1 1732 738 1908 916 0
6642 1 1734 736 1912 904 0
6643 1 1740 764 1880 905 0
6644 1 1742 728 1916 906 0
6645 1 1734 738 1908 899 0
6646 1 1738 721 1905 891 0
6647 1 1728 719 1904 893 0
6648 1 1730 690 1912 885 0
6649 1 1748 695 1912 877 0
6650 1 1762 661 1910 851 0
6651 1 1764 562 1910 858 0
6652 1 1778 538 1916 850 0
6653 1 1786 532 1914 848 0
6654 1 1788 534 1914 844 0
6655 1 1792 518 1910 828 0
6656 1 1788 552 1914 844 0
6657 1 1796 534 1912 824 0
6658 1 1800 526 1912 826 0
6659 1 1788 526 1906 824 0
6660 1 1784 534 1902 824 0
6661 1 1782 542 1906 816 0
6662 1 1780 546 1908 814 0
6663 1 1774 546 1908 808 0
6664 1 1750 540 1904 812 0
6665 1 1752 591 1895 795 0
6666 1 1726 582 1875 791 0
6667 1 1694 565 1841 831 0
6668 1 1651 550 1803 804 0
6669 1 1603 546 1747 788 0
6670 1 1543 548 1715 795 0
6671 1 1512 550 1667 797 0
6672 1 1459 579 1637 802 0
6673 1 1425 546 1603 793 0
6674 1 1391 555 1583 802 0
6675 1 1370 555 1545 809 0
6676 1 1341 560 1533 807 0
6677 1 1324 553 1529 805 0
6678 1 1326 584 1517 781 0
6679 1 1286 568 1508 778 0
6680 1 1295 564 1487 808 0
6681 1 1288 562 1485 800 0
6682 1 1285 556 1479 798 0
6683 1 1273 554 1469 796 0
6684 1 1271 554 1463 798 0
6685 1 1261 554 1455 791 0
6686 1 1247 556 1449 798 0
6687 1 1242 558 1443 796 0
6688 1 1235 558 1437 784 0
6689 1 1230 566 1423 805 0
6690 1 1230 568 1419 803 0
6691 1 1235 572 1415 803 0
6692 1 1218 576 1407 803 0
6693 1 1199 578 1403 808 0
6694 1 1213 576 1409 815 0
6695 1 1200 592 1418 794 0
6696 1 1206 590 1424 796 0
6697 1 1208 594 1432 796 0
6698 1 1224 584 1446 804 0
6699 1 1226 584 1450 804 0
6700 1 1232 588 1458 800 0
6701 1 1236 586 1466 806 0
6702 1 1242 584 1472 806 0
6703 1 1246 584 1480 804 0
6704 1 1252 586 1486 796 0
6705 1 1258 586 1486 796 0
6706 1 1264 586 1490 794 0
6707 1 1276 576 1496 780 0
6708 1 1280 574 1500 782 0
6709 1 1278 574 1502 780 0
6710 1 1282 574 1504 780 0
6711 1 1282 574 1504 776 0
6712 1 1298 570 1520 778 0
6713 1 1300 570 1495 805 0
6714 1 1300 568 1524 782 0
6715 1 1294 587 1518 799 0
6716 1 1306 564 1500 813 1
6717 1 1312 554 1531 798 1
6718 1 1340 530 1540 788 1
6719 1 1406 506 1589 791 1
6720 1 1473 490 1677 756 1
6721 1 1591 500 1795 726 1
6722 1 1740 469 1908 704 1
6805 1 1831 630 1927 834 0
6806 1 1706 630 1876 856 0
6807 1 1593 622 1778 843 0
6808 1 1502 642 1684 856 0
6809 1 1430 630 1612 863 0
6810 1 1394 627 1553 853 0
6811 1 1367 620 1537 825 0
6812 1 1353 622 1518 870 0
6813 1 1319 626 1501 870 0
6814 1 1317 632 1490 870 0
6815 1 1297 647 1477 835 0
6816 1 1283 656 1465 839 0
6817 1 1266 656 1412 867 0
6818 1 1245 668 1425 860 0
6819 1 1252 634 1415 877 0
6820 1 1228 632 1411 873 0
6821 1 1230 630 1444 834 0
6822 1 1228 618 1444 828 0
6823 1 1228 616 1444 828 0
6824 1 1228 614 1436 820 0
6825 1 1212 616 1422 822 0
6826 1 1212 614 1424 820 0
6827 1 1212 612 1428 820 0
6828 1 1214 614 1426 820 0
6829 1 1216 610 1430 818 0
6830 1 1228 606 1440 816 0
6831 1 1226 602 1440 816 0
6832 1 1228 602 1438 812 0
6833 1 1212 602 1430 816 0
6834 1 1212 598 1432 814 0
6835 1 1226 594 1442 810 0
6836 1 1230 627 1420 845 0
6837 1 1226 592 1406 829 0
6838 1 1226 592 1444 808 0
6839 1 1226 594 1446 808 1
6840 1 1224 590 1446 806 1
6841 1 1226 590 1452 806 1
6842 1 1228 590 1458 808 1
6843 1 1234 586 1460 806 1
6844 1 1236 588 1464 804 1
6845 1 1254 586 1480 802 1
6846 1 1300 586 1520 794 1
6847 1 1370 565 1533 817 1
6848 1 1463 565 1662 771 1
6849 1 1596 543 1795 742 1
6850 1 1762 490 1920 708 1
6892 1 1810 409 1919 600 0
6893 1 1761 331 1884 575 0
6894 1 1718 348 1875 563 0
6895 1 1704 324 1857 541 0
6896 1 1675 351 1841 507 0
6897 1 1673 276 1807 501 0
6898 1 1637 305 1797 501 0
6899 1 1622 274 1787 487 0
6900 1 1617 266 1761 475 0
6901 1 1591 233 1749 459 0
6902 1 1579 230 1747 441 0
6903 1 1569 202 1743 437 0
6904 1 1562 185 1737 419 0
6905 1 1550 170 1735 415 0
6906 1 1545 149 1731 407 0
6907 1 1540 139 1727 395 0
6908 1 1536 144 1726 411 0
6909 1 1536 132 1730 380 0
6910 1 1532 120 1730 370 0
6911 1 1530 116 1726 368 0
6912 1 1526 98 1726 354 0
6913 1 1524 94 1728 348 0
6914 1 1530 90 1728 346 0
6915 1 1532 90 1730 344 0
6916 1 1536 88 1732 340 0
6917 1 1532 88 1726 334 0
6918 1 1526 80 1724 330 0
6919 1 1496 74 1712 306 0
6920 1 1476 72 1700 308 0
6921 1 1468 64 1696 304 0
6922 1 1468 68 1690 294 0
6923 1 1466 66 1688 290 0
6924 1 1464 66 1688 296 0
6925 1 1468 70 1686 298 0
6926 1 1468 74 1690 304 0
6927 1 1470 78 1690 322 0
6928 1 1472 86 1688 341 0
6929 1 1470 92 1688 324 0
6930 1 1468 98 1694 328 0
6931 1 1470 100 1694 336 0
6932 1 1472 102 1696 340 0
6933 1 1474 104 1698 346 0
6934 1 1476 110 1702 350 0
6935 1 1478 112 1702 352 0
6936 1 1492 134 1706 366 0
6937 1 1492 134 1708 368 0
6938 1 1492 134 1714 376 0
6939 1 1494 136 1716 376 0
6940 1 1498 136 1718 378 0
6941 1 1500 138 1718 378 0
6942 1 1498 136 1724 382 0
6943 1 1502 140 1724 380 0
6944 1 1502 142 1726 384 0
6945 1 1502 142 1728 382 0
6946 1 1502 146 1728 384 0
6947 1 1502 142 1730 386 0
6948 1 1500 144 1724 384 0
6949 1 1516 148 1742 392 0
6950 1 1508 146 1752 398 0
6951 1 1504 142 1694 425 0
6952 1 1488 128 1699 440 0
6953 1 1488 124 1709 423 0
6954 1 1486 118 1706 425 0
6955 1 1488 120 1709 413 0
6956 1 1490 116 1690 416 0
6957 1 1504 122 1721 408 0
6958 1 1504 120 1704 413 0
6959 1 1504 124 1709 416 0
6960 1 1506 144 1704 410 0
6961 1 1508 156 1718 418 0
6962 1 1514 173 1714 411 0
6963 1 1508 156 1728 418 0
6964 1 1512 149 1730 406 0
6965 1 1522 163 1738 393 0
6966 1 1536 132 1728 394 0
6967 1 1536 134 1714 391 0
6968 1 1507 117 1761 405 0
6969 1 1490 134 1760 408 0
6970 1 1474 146 1728 390 0
6971 1 1466 146 1720 396 0
6972 1 1460 142 1718 392 0
6973 1 1454 146 1710 388 0
6974 1 1446 154 1702 396 0
6975 1 1450 166 1704 410 0
6976 1 1438 174 1700 422 1
6977 1 1434 180 1694 434 1
6978 1 1436 184 1690 440 1
6979 1 1428 202 1690 464 1
6980 1 1426 214 1686 468 1
6981 1 1414 236 1664 472 1
6982 1 1434 242 1672 490 1
6983 1 1436 258 1676 508 1
6984 1 1438 268 1676 528 1
6985 1 1420 304 1656 552 1
6986 1 1412 328 1646 578 1
6987 1 1400 338 1630 608 1
6988 1 1380 384 1608 638 1
6989 1 1370 404 1582 686 1
6990 1 1338 446 1558 696 1
6991 1 1326 462 1536 728 1
6992 1 1298 484 1526 728 1
6993 1 1292 498 1496 774 1
6994 1 1258 530 1486 780 1
6995 1 1242 538 1476 786 1
6996 1 1236 538 1466 792 1
6997 1 1230 540 1446 816 1
6998 1 1230 540 1436 812 1
6999 1 1230 615 1430 809 1
7000 1 1200 610 1422 821 1
7001 1 1194 603 1416 811 1
7002 1 1190 632 1422 832 1
7003 1 1182 618 1414 809 1
7004 1 1170 632 1384 797 1
7005 1 1166 639 1396 824 1
7006 1 1162 635 1390 837 1
7007 1 1158 637 1392 824 1
7008 1 1156 632 1392 829 1
7009 1 1158 639 1370 824 1
7010 1 1175 622 1396 816 1
7011 1 1164 610 1404 812 1
7012 1 1166 512 1386 800 1
7013 1 1164 541 1412 791 1
7014 1 1166 558 1396 772 1
7015 1 1168 565 1412 767 1
7016 1 1164 555 1404 754 1
7017 1 1184 562 1403 740 1
7018 1 1194 567 1403 745 1
7019 1 1175 567 1407 735 1
7020 1 1170 562 1413 735 1
7021 1 1194 582 1396 743 1
7022 1 1162 418 1420 708 1
7023 1 1166 418 1422 704 1
7024 1 1168 414 1415 726 1
7025 1 1170 476 1428 723 1
7026 1 1170 521 1386 720 1
7027 1 1170 526 1389 708 1
7028 1 1172 533 1401 723 1
7029 1 1170 524 1386 716 1
7030 1 1174 521 1374 699 1
7031 1 1185 508 1366 688 1
7032 1 1187 498 1376 684 1
7033 1 1188 470 1392 675 1
7034 1 1193 471 1382 668 1
7035 1 1201 487 1376 666 1
7036 1 1204 473 1420 662 1
7037 1 1206 470 1424 663 1
7038 1 1216 467 1439 657 1
7039 1 1223 476 1427 662 1
7040 1 1228 458 1437 659 1
7041 1 1237 469 1435 658 1
7042 1 1244 466 1437 658 1
7043 1 1249 458 1436 652 1
7044 1 1230 456 1449 659 1
7045 1 1234 455 1478 623 1
7046 1 1240 444 1451 645 1
7047 1 1246 452 1467 644 1
7048 1 1271 448 1472 638 1
7049 1 1281 437 1492 621 1
7050 1 1288 433 1484 629 1
7051 1 1292 425 1495 629 1
7052 1 1299 418 1496 622 1
7053 1 1300 401 1493 612 1
7054 1 1292 401 1504 605 1
7055 1 1307 364 1518 593 1
7056 1 1311 377 1531 590 1
7057 1 1306 377 1526 581 1
7058 1 1320 373 1529 575 1
7059 1 1322 353 1526 571 1
7060 1 1331 364 1529 562 1
7061 1 1340 373 1540 564 1
7062 1 1340 372 1527 559 1
7063 1 1351 361 1544 561 1
7064 1 1357 361 1555 557 1
7065 1 1362 359 1558 548 1
7066 1 1362 335 1566 540 1
7067 1 1371 355 1578 530 1
7068 1 1384 352 1560 530 1
7069 1 1386 337 1561 521 1
7070 1 1382 317 1593 499 1
7071 1 1393 308 1582 506 1
7072 1 1393 315 1591 495 1
7073 1 1404 304 1593 488 1
7074 1 1410 286 1608 488 0
7075 1 1415 270 1608 466 0
7076 1 1411 253 1622 469 0
7077 1 1404 264 1615 468 0
7078 1 1413 260 1613 451 0
7079 1 1406 244 1624 444 0
7080 1 1402 233 1618 442 0
7081 1 1408 249 1631 427 0
7082 1 1402 224 1597 426 0
7083 1 1391 231 1600 427 0
7084 1 1391 226 1621 424 0
7085 1 1379 220 1583 431 0
7086 1 1384 217 1586 443 0
7087 1 1368 231 1591 438 0
7088 1 1366 213 1589 437 0
7089 1 1369 211 1589 440 0
7090 1 1359 211 1587 433 0
7091 1 1366 191 1568 440 0
7092 1 1336 130 1548 441 0
7093 1 1341 166 1587 447 0
7094 1 1332 178 1555 417 0
7095 1 1340 182 1587 428 0
7096 1 1332 186 1555 407 0
7097 1 1338 160 1547 396 0
7098 1 1337 175 1542 421 0
7099 1 1324 169 1539 405 0
7100 1 1318 167 1541 411 0
7101 1 1306 173 1521 401 0
7102 1 1305 163 1521 413 0
7103 1 1302 151 1516 399 1
7104 1 1272 175 1497 391 1
7105 1 1293 125 1497 394 1
7106 1 1278 137 1487 391 1
7107 1 1283 129 1499 386 1
7108 1 1295 115 1504 386 1
7109 1 1302 115 1506 377 1
7110 1 1307 89 1513 365 1
7111 1 1314 103 1501 367 1
7112 1 1331 96 1507 348 1
7113 1 1329 93 1509 347 1
7114 1 1309 62 1509 333 1
7115 1 1317 81 1511 328 1
7116 1 1314 50 1511 331 1
7117 1 1314 55 1533 319 1
7118 1 1334 34 1533 324 1
7119 1 1355 79 1539 312 1
7120 1 1341 55 1545 309 1
7121 1 1358 62 1549 316 1
7122 1 1338 69 1555 319 1
7123 1 1346 52 1561 302 1
7124 1 1358 72 1567 279 1
7125 1 1374 30 1573 298 1
7126 1 1389 28 1579 303 1
7127 1 1384 20 1587 286 1
7128 1 1379 22 1591 291 1
7129 1 1403 24 1601 283 1
7130 1 1413 20 1607 295 1
7131 1 1430 20 1613 295 1
7132 1 1396 20 1615 281 1
7133 1 1408 20 1615 281 1
7134 1 1423 16 1615 286 1
7135 1 1411 18 1610 271 1
7136 1 1396 14 1601 259 0
7137 1 1396 0 1601 233 0
7138 1 1384 0 1601 230 0
7139 1 1362 2 1593 216 0
7140 1 1362 0 1585 216 0
7141 1 1348 2 1581 187 0
7142 1 1341 4 1577 206 0
7143 1 1329 0 1577 204 0
7144 1 1331 2 1571 194 0
7145 1 1319 2 1567 180 0
7146 1 1319 4 1567 202 0
7147 1 1305 6 1563 192 0
7148 1 1300 8 1564 202 0
7149 1 1300 10 1562 202 0
7150 1 1294 12 1558 206 0
7151 1 1292 10 1558 214 0
7152 1 1292 10 1560 228 0
7153 1 1298 10 1560 238 0
7154 1 1304 18 1560 244 0
7155 1 1308 22 1564 250 0
7156 1 1316 22 1570 260 0
7157 1 1318 30 1570 293 0
7158 1 1316 28 1570 298 0
7159 1 1320 62 1519 334 0
7160 1 1326 72 1536 346 0
7161 1 1332 94 1562 368 0
7162 1 1344 185 1574 401 0
7163 1 1360 194 1586 437 0
7164 1 1364 228 1596 459 0
7165 1 1384 257 1598 523 0
7166 1 1432 274 1629 529 0
7167 1 1461 315 1689 559 0
7168 1 1543 392 1763 587 0
7169 1 1634 416 1835 613 0
7170 1 1699 428 1907 637 0
7171 1 1812 457 1967 659 0
7368 1 1853 214 1920 449 0
7369 1 1841 211 1920 449 0
7370 1 1819 209 1924 430 0
7371 1 1805 161 1903 413 0
7372 1 1786 180 1903 395 0
7373 1 1774 173 1897 397 0
7374 1 1757 156 1895 381 0
7375 1 1750 161 1891 379 0
7376 1 1747 187 1891 393 0
7377 1 1742 168 1897 379 0
7378 1 1747 168 1901 379 0
7379 1 1750 158 1911 383 0
7380 1 1757 170 1909 357 0
7381 1 1769 168 1910 370 0
7382 1 1779 137 1917 349 0
7383 1 1780 146 1923 360 0
7384 1 1795 146 1922 360 0
7385 1 1822 115 1923 337 0
7386 1 1824 117 1923 337 0
7387 1 1839 105 1925 333 0
7388 1 1843 76 1924 333 0
7389 1 1842 96 1925 300 0
7390 1 1865 60 1925 300 0
7391 1 1865 69 1929 247 0
7605 1 1846 389 1918 643 1
7606 1 1815 406 1916 651 1
7607 1 1798 457 1913 692 1
7609 1 1762 526 1899 754 1
7610 1 1745 565 1901 786 1
7611 1 1733 579 1898 821 1
7612 1 1711 632 1862 831 1
7613 1 1699 654 1857 865 1
7614 1 1687 680 1843 884 1
7615 1 1687 685 1862 899 1
7616 1 1680 731 1858 913 1
7617 1 1694 716 1835 910 1
7618 1 1675 721 1843 915 1
7619 1 1685 724 1863 928 1
7620 1 1696 728 1877 909 1
7621 1 1711 726 1876 909 1
7622 1 1764 743 1889 925 1
7623 1 1776 760 1925 952 1
7624 1 1810 776 1925 951 1
7625 1 1860 779 1924 952 1
8195 1 1848 570 1922 834 0
8196 1 1694 589 1876 846 0
8197 1 1521 630 1732 877 0
8198 1 1442 651 1622 908 0
8199 1 1370 678 1513 887 0
8200 1 1346 649 1535 889 0
8201 1 1348 632 1523 882 0
8202 1 1362 639 1530 869 0
8203 1 1365 642 1528 863 0
8204 1 1358 644 1533 865 0
8205 1 1362 649 1520 863 0
8206 1 1341 642 1533 872 0
8207 1 1346 651 1528 879 0
8208 1 1338 644 1511 891 0
8209 1 1334 654 1541 855 0
8210 1 1324 632 1512 880 0
8211 1 1348 668 1545 882 0
8212 1 1338 647 1543 847 0
8213 1 1332 630 1550 852 0
8214 1 1334 632 1548 856 0
8215 1 1344 628 1538 868 0
8216 1 1344 630 1540 870 0
8217 1 1344 630 1540 872 0
8218 1 1344 630 1542 870 0
8219 1 1342 628 1542 868 0
8220 1 1344 628 1542 870 0
8221 1 1346 630 1544 870 0
8222 1 1350 632 1544 872 0
8223 1 1350 632 1542 872 0
8224 1 1350 634 1544 872 0
8225 1 1352 636 1544 874 0
8226 1 1346 690 1559 901 0
8227 1 1355 656 1518 883 0
8228 1 1370 673 1528 883 0
8229 1 1370 666 1533 911 0
8230 1 1362 678 1515 894 0
8231 1 1374 673 1537 899 0
8232 1 1362 683 1527 894 0
8233 1 1396 673 1531 883 0
8234 1 1442 666 1589 887 0
8235 1 1469 666 1669 908 0
8236 1 1564 682 1756 902 0
8237 1 1672 639 1848 859 0
8238 1 1795 606 1912 860 0
