0 1 392 1 831 471 0
1 1 292 0 746 438 0
2 1 241 0 699 425 0
3 1 190 0 652 412 0
4 1 190 0 652 412 0
5 1 148 0 632 422 0
6 1 100 0 570 384 0
7 1 100 0 570 384 0
8 1 58 0 512 364 0
9 1 58 0 512 364 0
10 1 14 0 466 370 0
11 1 14 0 466 370 0
12 1 14 0 432 348 0
13 1 14 0 432 348 0
14 1 12 0 408 324 0
15 1 12 0 408 324 0
16 1 12 4 394 326 0
17 1 30 1 346 335 0
18 1 30 16 346 352 0
19 1 28 16 356 358 0
20 1 24 14 368 360 0
21 1 22 12 366 356 0
22 1 10 10 388 352 0
23 1 8 8 390 352 0
24 1 20 8 366 370 0
25 1 20 12 366 378 0
26 1 12 10 360 380 0
27 1 6 12 362 386 0
28 1 0 10 344 418 0
29 1 0 10 344 418 0
30 1 0 16 332 446 0
31 1 0 16 332 446 0
32 1 0 18 322 452 0
33 1 0 18 322 452 0
34 1 4 18 300 470 0
35 1 0 42 272 524 0
36 1 4 44 276 528 0
37 1 8 46 278 554 0
38 1 0 137 289 609 0
39 1 10 74 306 546 0
40 1 2 68 314 568 0
41 1 2 96 322 656 0
42 1 0 128 320 684 0
43 1 4 158 324 708 0
44 1 4 184 320 728 0
45 1 2 210 316 748 0
46 1 10 242 338 812 0
47 1 24 264 346 792 0
48 1 28 272 362 784 0
49 1 32 276 362 782 0
50 1 36 280 362 780 0
51 1 38 282 360 776 0
52 1 78 306 448 816 0
53 1 100 320 454 798 0
54 1 120 326 498 724 0
55 1 150 300 498 722 0
56 1 134 314 512 688 0
57 1 172 276 500 700 0
58 1 182 240 486 684 0
59 1 218 198 524 666 0
60 1 217 171 515 637 0
61 1 213 108 505 572 0
62 1 225 79 511 543 0
63 1 229 12 511 478 0
64 1 229 12 549 408 0
65 1 229 12 629 348 0
66 1 270 0 670 332 0
67 1 316 0 670 213 0
68 1 377 6 731 144 0
112 1 1756 401 1917 619 0
113 1 1692 419 1853 637 0
114 1 1528 424 1832 674 0
115 1 1528 424 1775 674 0
116 1 1461 431 1708 681 0
117 1 1416 446 1644 672 0
118 1 1426 438 1646 660 0
119 1 1414 440 1628 642 0
120 1 1452 392 1646 634 0
121 1 1446 380 1642 622 0
122 1 1452 364 1650 608 0
123 1 1468 370 1656 608 0
124 1 1474 384 1658 610 0
125 1 1484 402 1666 630 0
126 1 1488 430 1666 652 0
127 1 1484 468 1656 676 0
128 1 1476 496 1670 686 0
129 1 1472 494 1672 686 0
130 1 1474 482 1672 676 0
131 1 1474 478 1672 668 0
132 1 1490 472 1678 650 0
133 1 1510 474 1680 632 0
134 1 1526 474 1690 628 0
135 1 1528 470 1692 626 0
136 1 1530 466 1692 628 0
137 1 1526 462 1692 626 0
138 1 1568 474 1728 626 0
139 1 1572 470 1734 624 0
140 1 1582 464 1748 618 0
141 1 1654 480 1814 622 0
142 1 1670 480 1832 622 0
143 1 1686 480 1850 622 0
144 1 1704 480 1868 622 0
145 1 1722 480 1888 622 0
146 1 1820 476 1913 618 0
176 2 0 414 127 779 0
177 2 0 414 222 779 0
178 2 0 414 333 779 0
179 2 82 433 418 798 0
180 1 9 478 193 627 0
180 2 249 463 585 828 0
181 1 122 492 306 641 0
181 2 401 485 737 850 0
182 1 220 500 389 647 0
182 2 401 485 874 850 0
183 1 286 500 440 647 0
183 2 458 497 931 862 0
184 1 338 497 499 663 0
184 2 590 482 1029 862 0
185 1 377 487 561 675 0
185 2 676 495 1100 863 0
186 1 446 502 583 652 0
186 2 777 495 1100 863 0
187 1 485 487 666 651 0
187 2 777 495 1184 863 0
188 1 529 497 683 634 0
188 2 860 497 1232 862 0
189 1 578 496 727 659 0
189 2 904 500 1276 865 0
190 1 593 500 745 654 0
190 2 954 500 1326 865 0
191 1 598 498 757 657 0
191 2 973 493 1345 858 0
192 1 639 476 769 664 0
192 2 993 487 1365 852 0
193 1 657 458 801 592 0
193 2 1012 480 1384 845 0
194 1 702 444 848 584 0
194 2 1012 480 1384 845 0
195 1 714 436 852 576 0
195 2 1094 472 1414 754 0
196 1 722 444 854 580 0
196 2 1100 480 1408 752 0
197 1 714 446 848 590 0
197 2 1100 490 1396 754 0
198 1 702 450 834 606 0
198 2 1096 496 1388 756 0
199 1 680 472 828 626 0
199 2 1086 508 1380 780 0
200 1 660 494 798 644 0
200 2 1068 532 1358 802 0
201 1 640 514 782 698 0
201 2 1040 574 1328 846 0
202 1 622 566 762 720 0
202 2 1016 626 1304 894 0
203 1 614 576 754 764 0
203 2 1034 630 1294 896 0
204 1 612 600 748 786 0
204 2 1034 654 1298 924 0
205 1 608 630 738 780 0
205 2 1030 678 1296 930 0
206 1 598 632 732 780 0
206 2 1028 686 1290 928 0
207 1 582 626 718 780 0
207 2 1018 690 1282 930 0
208 1 570 614 712 806 0
208 2 1012 692 1276 934 0
209 1 556 618 710 810 0
209 2 1016 706 1274 938 0
210 1 550 602 704 808 0
210 2 1018 700 1274 948 0
211 1 534 628 688 812 0
211 2 1008 708 1272 942 0
212 1 520 632 680 810 0
212 2 1008 706 1272 942 0
213 1 518 656 668 798 0
213 2 1012 710 1278 932 0
214 1 512 632 672 806 0
214 2 1016 710 1282 932 0
215 1 492 630 642 784 0
215 2 1020 698 1280 926 0
216 1 472 612 630 796 0
216 2 1010 688 1276 926 0
217 1 458 608 610 790 0
217 2 1002 684 1272 914 0
218 1 440 618 584 766 0
218 2 996 676 1266 910 0
219 1 416 602 556 776 0
219 2 986 664 1260 904 0
220 1 384 610 534 754 0
220 2 976 654 1258 900 0
221 1 354 584 504 752 0
221 2 972 646 1260 904 0
222 1 336 584 488 744 0
222 2 972 644 1260 900 0
223 1 316 568 462 750 0
223 2 970 642 1272 902 0
224 1 304 562 452 746 0
224 2 974 642 1284 908 0
225 1 300 558 450 740 0
225 2 994 640 1306 914 0
226 1 310 540 458 728 0
226 2 1026 634 1344 914 0
227 1 322 508 464 698 0
227 2 1074 616 1394 904 0
228 1 326 466 466 666 0
228 2 1118 584 1436 880 0
229 1 312 422 462 624 0
229 2 1148 538 1466 846 0
230 1 298 380 452 598 0
230 2 1108 514 1438 898 0
231 1 270 356 440 580 0
231 2 1096 516 1442 894 0
232 1 258 354 428 564 0
232 2 1096 526 1456 900 0
233 1 260 360 424 572 0
233 2 1122 522 1488 902 0
234 1 268 368 436 572 0
234 2 1162 516 1538 898 0
235 1 284 372 454 580 0
235 2 1216 516 1600 894 0
236 1 300 372 460 586 0
236 2 1270 516 1658 890 0
237 1 308 374 480 580 0
237 2 1324 512 1714 884 0
238 1 308 362 484 586 0
238 2 1372 504 1762 874 0
239 1 312 356 496 588 0
239 2 1418 488 1812 856 0
240 1 308 372 520 564 0
240 2 1462 466 1858 830 0
241 1 312 346 522 550 0
241 2 1330 472 1712 834 0
242 1 304 338 516 540 0
242 2 1330 466 1718 822 0
243 1 302 320 492 554 0
243 2 1336 464 1714 812 0
244 1 282 326 494 538 0
244 2 1334 446 1712 790 0
245 1 240 318 450 524 0
245 2 1302 426 1674 762 0
246 1 178 322 394 512 0
246 2 1212 402 1582 732 0
247 1 108 316 318 500 0
247 2 1128 386 1496 710 0
248 1 0 298 196 476 0
248 2 998 358 1370 676 0
249 2 832 320 1270 689 0
250 2 636 270 1018 570 0
251 2 370 139 805 497 0
252 2 206 166 594 434 0
253 2 9 68 393 381 0
2152 1 0 4 139 281 0
2153 1 0 4 170 289 0
2154 1 0 4 200 298 0
2155 1 0 4 262 298 0
2156 1 0 4 323 298 0
2157 1 43 4 366 298 0
2158 1 43 4 465 372 0
2159 1 154 6 588 455 0
2160 1 249 11 739 592 0
2161 1 340 38 843 683 0
2162 1 411 100 914 745 0
2163 1 504 117 1007 865 0
2164 1 546 178 1061 936 0
2165 1 590 242 1105 1000 0
2166 1 632 286 1147 1044 0
2167 1 657 347 1172 1105 0
2168 1 657 419 1172 1083 0
2169 1 657 473 1172 1084 0
2170 1 657 519 1172 1083 0
2171 1 657 556 1172 1083 0
2172 1 693 583 1171 1076 0
2173 1 686 599 1171 1076 0
2174 1 679 614 1172 1076 0
2175 1 671 630 1171 1076 0
2176 1 678 630 1178 1076 0
2177 1 685 631 1185 1077 0
2178 1 692 631 1192 1077 0
2179 1 699 632 1199 1078 0
2180 1 706 632 1206 1078 0
2181 1 710 629 1215 1078 0
2182 1 715 626 1225 1078 0
2183 1 719 623 1234 1078 0
2184 1 723 620 1243 1078 0
2185 1 728 617 1253 1078 0
2186 1 719 606 1252 1078 0
2187 1 711 595 1253 1078 0
2188 1 702 584 1252 1078 0
2189 1 693 573 1252 1078 0
2190 1 693 583 1252 1078 0
2191 1 693 593 1252 1078 0
2192 1 693 603 1252 1079 0
2193 1 693 612 1252 1078 0
2194 1 693 622 1252 1078 0
2195 1 693 632 1252 1078 0
2196 1 693 642 1252 1078 0
2197 1 693 652 1252 1078 0
2198 1 693 662 1252 1079 0
2199 1 693 671 1252 1078 0
2200 1 693 681 1252 1078 0
2201 1 693 691 1252 1078 0
2202 1 696 691 1255 1078 0
2203 1 699 692 1258 1079 0
2204 1 702 692 1261 1079 0
2205 1 706 693 1265 1080 0
2206 1 709 693 1268 1080 0
2207 1 712 693 1271 1080 0
2208 1 715 694 1274 1081 0
2209 1 718 694 1277 1081 0
2210 1 721 694 1280 1081 0
2211 1 724 695 1283 1082 0
2212 1 727 695 1286 1082 0
2213 1 730 696 1289 1083 0
2214 1 733 696 1292 1083 0
2215 1 733 689 1292 1083 0
2216 1 733 683 1292 1083 0
2217 1 733 677 1292 1084 0
2218 1 733 670 1292 1083 0
2219 1 733 664 1292 1084 0
2220 1 733 657 1292 1083 0
2221 1 733 651 1292 1083 0
2222 1 733 644 1292 1083 0
2223 1 733 638 1292 1083 0
2224 1 733 631 1292 1083 0
2225 1 733 625 1292 1083 0
2226 1 744 631 1292 1083 0
2227 1 756 638 1292 1083 0
2228 1 767 644 1292 1083 0
2229 1 778 651 1291 1083 0
2230 1 790 657 1292 1083 0
2231 1 801 664 1291 1083 0
2232 1 801 670 1291 1083 0
2233 1 801 675 1291 1083 0
2234 1 801 681 1291 1083 0
2235 1 801 686 1291 1083 0
2236 1 801 692 1291 1083 0
2237 1 801 698 1291 1083 0
2238 1 801 703 1291 1083 0
2239 1 801 696 1291 1084 0
2240 1 801 688 1291 1083 0
2241 1 801 680 1291 1083 0
2242 1 801 673 1291 1084 0
2243 1 801 665 1291 1083 0
2244 1 801 657 1291 1083 0
2245 1 801 650 1291 1084 0
2246 1 801 642 1291 1083 0
2247 1 829 639 1319 1080 0
2248 1 857 635 1347 1076 0
2249 1 885 632 1375 1073 0
2250 1 885 644 1427 1073 0
2251 1 917 647 1459 1076 0
2252 1 981 644 1523 1073 0
2253 1 1059 566 1618 1076 0
2254 1 1133 512 1702 1078 0
2255 1 1211 460 1795 1075 0
2256 1 1300 397 1861 1076 0
2257 1 1300 347 1888 1075 0
2258 1 1300 298 1915 1075 0
2259 1 1412 208 1944 996 0
2260 1 1412 208 1944 996 0
2261 1 1404 144 1914 934 0
2262 1 1329 114 1905 909 0
2263 1 1317 65 1883 865 0
2264 1 1273 65 1855 825 0
2265 1 1223 55 1807 801 0
2266 1 1152 85 1755 785 0
2267 1 1086 92 1701 771 0
2268 1 1081 156 1709 668 0
2269 1 1061 210 1698 658 0
2270 1 1037 228 1672 649 0
2271 1 1059 227 1652 622 0
2272 1 1057 230 1641 679 0
2273 1 1079 298 1636 722 0
2274 1 1076 328 1601 727 0
2275 1 1086 355 1561 609 0
2276 1 1093 370 1566 720 0
2277 1 1088 399 1555 682 0
2278 1 1088 406 1490 774 0
2279 1 1080 404 1474 768 0
2280 1 1066 404 1456 758 0
2281 1 1046 396 1432 742 0
2282 1 939 374 1422 689 0
2283 1 962 338 1342 674 0
2284 1 784 262 1281 631 0
2285 1 834 262 1216 596 0
2286 1 630 151 1113 462 0
2287 1 566 124 1015 457 0
2288 1 529 112 877 408 0
2289 1 444 100 787 409 0
2290 1 410 118 710 398 0
2291 1 384 114 684 390 0
2292 1 362 114 660 384 0
2293 1 316 94 576 334 0
2294 1 294 92 552 328 0
2295 1 272 90 530 322 0
2296 1 188 110 438 386 0
2297 1 178 92 416 336 0
2298 1 150 88 390 334 0
2299 1 140 64 374 316 0
2300 1 136 40 344 314 0
2301 1 118 6 324 294 0
2302 1 114 0 304 242 0
2303 1 114 9 304 241 0
2304 1 46 0 258 224 0
2305 1 46 0 258 224 0
2306 1 22 0 212 236 0
2307 1 22 14 212 235 0
2308 1 26 0 202 244 0
2309 1 26 0 202 244 0
2310 1 36 6 198 238 0
2311 1 32 14 200 238 0
2312 1 28 12 198 236 0
2313 1 24 16 196 234 0
2314 1 24 18 194 226 0
2315 1 28 14 194 218 0
2316 1 12 16 208 200 0
2317 1 18 14 214 196 0
2318 1 22 0 230 186 0
2319 1 22 0 230 186 0
2320 1 26 0 236 182 0
2321 1 42 0 237 182 0
2322 1 59 0 239 183 0
2323 1 76 0 242 184 0
2324 1 76 0 242 184 0
2325 1 98 0 256 182 0
2326 1 98 0 256 182 0
2327 1 130 22 280 174 0
2328 1 142 22 290 174 0
2329 1 174 10 316 158 0
2330 1 182 4 324 154 0
2331 1 196 2 336 152 0
2332 1 212 0 350 148 0
2333 1 233 0 363 131 0
2334 1 254 0 376 114 0
2335 1 274 0 377 70 0
2361 1 689 6 823 99 0
2362 1 713 43 850 160 0
2363 1 733 102 858 224 0
2364 1 779 144 899 271 0
2365 1 792 166 922 308 0
2366 1 833 217 948 383 0
2367 1 828 274 962 413 0
2368 1 848 306 978 460 0
2369 1 860 347 1002 499 0
2370 1 873 378 1011 525 0
2371 1 885 409 1019 551 0
2372 1 860 462 990 586 0
2373 1 860 468 996 594 0
2374 1 864 464 1000 600 0
2375 1 850 474 986 610 0
2376 1 862 476 1006 622 0
2377 1 864 478 1006 630 0
2378 1 868 478 1002 630 0
2379 1 870 476 1000 630 0
2380 1 876 482 1002 628 0
2381 1 876 484 1002 630 0
2382 1 882 486 1008 628 0
2383 1 880 492 1012 636 0
2384 1 888 500 1016 632 0
2385 1 888 516 1016 648 0
2386 1 894 514 1020 650 0
2387 1 892 516 1022 650 0
2388 1 896 514 1026 650 0
2389 1 898 516 1028 648 0
2390 1 910 518 1032 648 0
2391 1 922 522 1044 646 0
2392 1 924 536 1052 656 0
2393 1 946 542 1068 664 0
2394 1 974 564 1086 670 0
2395 1 984 562 1104 682 0
2396 1 1010 566 1102 690 0
2397 1 1024 550 1114 678 0
2398 1 1014 570 1106 696 0
2399 1 1000 572 1110 684 0
2400 1 982 574 1096 674 0
2401 1 958 572 1080 674 0
2402 1 948 556 1064 656 0
2403 1 932 536 1048 644 0
2404 1 924 524 1038 630 0
2405 1 910 516 1020 620 0
2406 1 884 502 994 602 0
2407 1 810 482 940 578 0
2408 1 720 456 848 554 0
2409 1 606 424 734 526 0
2410 1 478 398 604 500 0
2411 1 360 374 486 478 0
2412 1 270 350 396 454 0
2413 1 212 330 338 434 0
2414 1 176 314 302 418 0
2415 1 216 288 296 382 0
2416 1 204 274 282 370 0
2417 1 196 304 272 394 0
2418 1 184 298 260 388 0
2419 1 178 290 254 382 0
2420 1 168 284 244 376 0
2421 1 160 282 236 374 0
2422 1 152 278 230 370 0
2423 1 150 274 228 368 0
2424 1 148 264 226 358 0
2425 1 148 248 226 342 0
2426 1 148 228 226 324 0
2427 1 152 208 230 306 0
2428 1 156 198 234 296 0
2429 1 158 196 238 296 0
2430 1 162 192 242 292 0
2431 1 166 192 248 292 0
2432 1 180 192 262 294 0
2433 1 196 194 282 298 0
2434 1 220 206 308 312 0
2435 1 252 226 346 332 0
2436 1 300 254 398 360 0
2437 1 421 320 521 413 0
2438 1 448 365 553 455 0
2439 1 524 419 627 495 0
2440 1 583 451 668 536 0
2441 1 632 451 708 549 0
2442 1 664 451 762 546 0
2443 1 718 507 816 590 0
2444 1 757 507 855 597 0
2445 1 794 532 889 610 0
2446 1 817 543 909 617 0
2447 1 841 554 929 625 0
2448 1 858 554 963 639 0
2449 1 882 581 962 669 0
2450 1 869 600 957 683 0
2451 1 855 620 950 698 0
2452 1 811 620 904 705 0
2453 1 752 622 864 732 0
2492 1 494 639 526 681 0
2493 1 511 637 549 680 0
2494 1 533 631 570 676 0
2495 1 555 626 590 674 0
2496 1 574 620 616 662 0
2497 1 606 616 640 657 0
2498 1 624 606 654 653 0
2499 1 640 604 676 657 0
2500 1 656 604 692 654 0
2501 1 672 614 715 664 0
2502 1 693 618 733 663 0
2503 1 716 628 760 668 0
2504 1 736 631 780 673 0
2505 1 756 635 799 680 0
2506 1 776 639 819 686 0
2507 1 796 643 839 693 0
2508 1 816 647 858 699 0
2509 1 836 651 878 706 0
2510 1 845 667 890 725 0
2511 1 854 684 902 746 0
2512 1 864 701 915 767 0
2513 1 873 717 928 787 0
2514 1 883 734 941 808 0
2515 1 892 750 946 820 0
2516 1 902 767 952 833 0
2517 1 911 783 958 845 0
2518 1 920 800 963 858 0
2519 1 921 814 965 874 0
2520 1 921 827 967 888 0
2521 1 922 841 969 904 0
2522 1 922 855 971 919 0
2523 1 923 869 973 935 0
2524 1 924 876 969 943 0
2525 1 927 874 974 941 0
2526 1 931 873 980 940 0
2527 1 934 872 984 939 0
2528 1 938 871 990 937 0
2529 1 941 870 994 936 0
2530 1 948 869 1001 933 0
2531 1 955 868 1007 930 0
2532 1 962 866 1014 926 0
2533 1 969 865 1020 923 0
2534 1 974 870 1022 929 0
2535 1 976 872 1025 929 0
2536 1 974 872 1022 920 0
2537 1 976 872 1028 920 0
2538 1 976 870 1028 918 0
2539 1 978 866 1028 918 0
2540 1 974 862 1026 912 0
2541 1 966 860 1018 912 0
2542 1 952 858 1004 910 0
2543 1 932 858 982 910 0
2544 1 904 860 952 914 0
2545 1 870 858 918 912 0
2546 1 838 854 884 910 0
2547 1 814 850 858 906 0
2548 1 798 844 842 902 0
2549 1 786 836 828 894 0
2550 1 762 824 816 876 0
2551 1 752 818 806 872 0
2552 1 751 818 802 883 0
2553 1 736 810 788 864 0
2554 1 734 806 786 862 0
2555 1 734 804 786 860 0
2556 1 734 802 784 858 0
2557 1 734 800 784 858 0
2558 1 736 808 781 855 0
2559 1 742 796 790 856 0
2560 1 746 794 794 854 0
2561 1 746 792 794 852 0
2562 1 746 790 794 850 0
2563 1 718 786 773 845 0
2564 1 706 792 750 847 0
2565 1 681 780 748 840 0
2566 1 677 778 732 837 0
2567 1 669 766 716 826 0
2772 2 320 431 432 568 0
2773 2 320 431 432 568 0
2774 2 334 466 458 578 0
2775 2 320 476 474 598 0
2776 2 326 486 488 610 0
2777 2 386 500 532 606 0
2778 2 430 504 558 608 0
2779 2 436 500 576 604 0
2780 2 458 506 584 608 0
2781 2 476 510 610 616 0
2782 2 496 506 628 612 0
2783 2 522 492 654 600 0
2784 2 568 454 698 562 0
2785 2 590 444 724 556 0
2786 2 596 422 728 542 0
2787 2 594 414 728 534 0
2788 2 588 416 722 540 0
2788 3 720 475 837 570 0
2789 2 582 414 724 538 0
2789 3 720 473 849 571 0
2790 2 588 412 726 538 0
2790 3 720 470 860 570 0
2791 2 594 408 728 536 0
2791 3 720 468 872 571 0
2792 2 612 388 748 512 0
2792 3 750 462 888 569 0
2793 2 624 370 766 502 0
2793 3 779 455 904 567 0
2794 2 626 354 772 488 0
2794 3 795 441 922 553 0
2795 2 640 344 786 480 0
2795 3 810 426 940 537 0
2796 2 642 340 804 460 0
2796 3 826 411 958 521 0
2797 2 642 340 809 519 0
2797 3 837 420 965 531 0
2798 2 650 342 822 509 0
2798 3 847 429 971 541 0
2799 2 656 356 830 480 0
2799 3 858 438 978 550 0
2800 2 660 370 809 554 0
2800 3 858 451 988 570 0
2801 2 635 386 841 576 0
2801 3 858 464 999 589 0
2802 2 635 406 831 622 0
2802 3 858 478 1010 610 0
2803 2 652 430 867 647 0
2803 3 902 519 1068 653 0
2804 2 669 458 889 669 0
2804 3 929 551 1082 679 0
2805 2 708 484 896 689 0
2805 3 956 583 1095 705 0
2806 2 728 500 889 713 0
2806 3 979 579 1113 715 0
2807 2 766 506 956 691 0
2807 3 1003 576 1133 725 0
2808 2 782 502 974 716 0
2808 3 1032 576 1149 715 0
2809 2 752 490 938 708 0
2809 3 1046 562 1166 696 0
2810 2 774 476 1001 698 0
2810 3 1060 548 1182 678 0
2811 2 816 462 1010 570 0
2811 3 1074 534 1199 659 0
2812 2 768 458 964 630 0
2812 3 1068 520 1198 647 0
2813 2 755 455 947 612 0
2813 3 1062 506 1196 636 0
2814 2 742 452 930 594 0
2814 3 1057 492 1196 624 0
2815 2 733 443 924 589 0
2815 3 1047 488 1191 615 0
2816 2 724 434 918 584 0
2816 3 1038 484 1186 606 0
2817 2 720 430 918 576 0
2817 3 1029 480 1182 597 0
2818 2 710 420 914 556 0
2818 3 1019 477 1176 589 0
2819 2 698 421 901 569 0
2819 3 1010 473 1171 580 0
2820 2 686 422 888 582 0
2820 3 995 473 1147 620 0
2821 2 693 424 882 572 0
2821 3 985 469 1138 607 0
2822 2 700 426 876 562 0
2822 3 976 466 1131 595 0
2823 2 701 425 875 563 0
2823 3 966 463 1123 583 0
2824 2 702 424 874 564 0
2824 3 972 466 1129 587 0
2825 2 704 424 878 560 0
2825 3 977 469 1134 590 0
2826 2 706 424 882 556 0
2826 3 983 473 1140 595 0
2827 2 721 424 891 550 0
2827 3 989 476 1146 599 0
2828 2 736 424 900 544 0
2828 3 994 479 1151 603 0
2829 2 742 425 904 547 0
2829 3 1000 482 1157 607 0
2830 2 748 426 908 550 0
2830 3 999 482 1157 607 0
2831 2 765 406 936 567 0
2831 3 997 481 1156 607 0
2832 2 774 413 932 554 0
2832 3 996 480 1157 607 0
2833 2 784 420 930 542 0
2833 3 995 479 1157 607 0
2834 2 775 410 941 550 0
2834 3 993 478 1156 607 0
2835 2 767 401 953 560 0
2835 3 992 478 1157 608 0
2836 2 772 403 941 547 0
2836 3 991 477 1157 607 0
2837 2 778 406 930 536 0
2837 3 989 476 1156 607 0
2838 2 787 394 934 555 0
2838 3 988 475 1157 607 0
2839 2 779 387 948 561 0
2839 3 989 464 1158 596 0
2840 2 794 377 955 546 0
2840 3 991 453 1160 585 0
2841 2 779 372 938 526 0
2841 3 992 441 1161 573 0
2842 2 784 344 936 487 0
2842 3 993 430 1162 562 0
2843 2 790 316 936 448 0
2843 3 995 419 1164 551 0
2844 2 794 298 942 438 0
2844 3 996 408 1165 540 0
2845 2 794 302 950 436 0
2845 3 998 397 1167 529 0
2846 2 799 313 953 454 0
2846 3 1010 393 1176 521 0
2847 2 819 311 983 453 0
2847 3 1023 390 1185 514 0
2848 2 831 330 985 460 0
2848 3 1036 387 1195 507 0
2849 2 842 305 996 435 0
2849 3 1048 383 1204 499 0
2850 2 854 280 1008 410 0
2850 3 1061 380 1213 492 0
2851 2 862 268 1028 400 0
2851 3 1074 377 1223 484 0
2852 2 876 260 1042 394 0
2852 3 1093 371 1237 482 0
2853 2 900 254 1060 382 0
2853 3 1113 365 1251 479 0
2854 2 918 250 1078 380 0
2854 3 1133 359 1266 476 0
2855 2 952 236 1108 366 0
2855 3 1152 352 1279 472 0
2856 2 982 228 1148 360 0
2856 3 1178 350 1299 472 0
2857 2 1006 226 1170 362 0
2857 3 1205 347 1321 472 0
2858 2 1032 226 1155 384 0
2858 3 1231 345 1341 472 0
2859 2 1056 226 1214 370 0
2859 3 1249 348 1366 474 0
2860 2 1080 228 1236 376 0
2860 3 1267 352 1392 477 0
2861 2 1104 230 1258 382 0
2861 3 1285 355 1417 480 0
2862 2 1128 232 1280 386 0
2862 3 1324 355 1417 487 0
2863 2 1158 238 1308 396 0
2863 3 1350 366 1456 497 0
2864 2 1190 246 1336 406 0
2864 3 1376 377 1496 507 0
2865 2 1220 254 1364 418 0
2865 3 1414 394 1531 526 0
2866 2 1252 264 1392 430 0
2866 3 1452 411 1567 545 0
2867 2 1280 276 1416 446 0
2867 3 1466 415 1578 558 0
2868 2 1306 288 1438 460 0
2868 3 1479 419 1587 570 0
2869 2 1363 303 1505 467 0
2869 3 1493 424 1598 583 1
2870 2 1352 314 1547 490 0
2871 2 1378 324 1567 502 0
2872 2 1406 313 1604 515 0
2873 2 1434 348 1628 528 0
2874 2 1460 360 1677 542 0
2875 2 1518 374 1697 544 0
2876 2 1552 388 1696 549 0
2877 2 1552 388 1728 576 0
2878 2 1552 388 1760 603 0
2879 2 1585 396 1775 600 0
2880 2 1619 404 1790 597 0
2881 2 1628 432 1789 620 0
2882 2 1638 460 1790 644 0
2883 2 1638 460 1790 655 0
2884 2 1638 460 1790 666 0
2885 2 1638 460 1790 677 0
2886 2 1638 460 1790 689 0
2887 2 1638 460 1790 700 0
2888 2 1646 473 1790 701 0
2889 2 1653 485 1790 700 0
2890 2 1660 497 1790 700 0
2891 2 1652 497 1790 715 0
2892 2 1644 497 1790 730 0
2893 2 1636 497 1790 744 0
2894 2 1636 497 1790 739 0
2895 2 1636 497 1790 733 0
2896 2 1636 497 1790 728 0
2897 2 1636 497 1790 722 0
2898 2 1636 497 1790 716 0
2899 2 1636 497 1790 711 0
2900 2 1636 497 1790 705 0
2901 2 1636 497 1790 699 0
2902 2 1636 497 1790 694 0
2903 2 1636 497 1790 688 0
2904 2 1636 497 1790 683 0
2905 2 1636 497 1790 677 0
2906 2 1636 497 1790 671 0
2907 2 1636 497 1790 666 0
2908 2 1630 493 1790 664 0
2909 2 1625 489 1790 662 0
2910 2 1619 485 1790 661 0
2911 2 1613 481 1789 659 0
2912 2 1608 477 1790 657 0
2913 2 1602 473 1790 655 0
2914 2 1597 469 1790 653 0
2915 2 1591 465 1790 652 0
2916 2 1585 461 1789 650 0
2917 2 1580 457 1790 648 0
2918 2 1574 453 1789 646 0
2919 2 1562 425 1763 627 0
2920 2 1550 397 1736 608 0
2921 2 1500 345 1645 519 0
2922 2 1451 293 1615 472 0
2923 2 1401 241 1585 425 0
2924 2 1352 188 1555 377 0
2925 2 1302 136 1525 329 0
2926 2 1257 100 1480 293 0
2927 2 1212 64 1435 257 0
2928 2 1167 28 1390 221 0
2929 2 1108 13 1331 206 0
2930 2 1049 0 1272 190 0
2931 2 1023 0 1231 178 0
2932 2 998 0 1191 166 0
2933 2 956 0 1149 154 0
2934 2 956 0 1105 141 0
2935 2 900 0 1071 157 0
2936 2 843 0 1036 173 0
2937 2 815 8 991 194 0
2938 2 787 19 946 215 0
2939 2 743 43 904 263 0
2939 3 1008 271 1142 386 0
2940 2 703 82 872 307 0
2940 3 979 312 1129 415 0
2941 2 654 154 838 409 0
2941 3 951 352 1117 442 0
2942 2 620 144 835 436 0
2942 3 920 352 1096 477 0
2943 2 532 254 752 438 0
2943 3 890 352 1076 511 0
2944 2 488 260 730 452 0
2944 3 873 366 1055 514 0
2945 2 472 280 710 454 0
2945 3 857 380 1035 518 0
2946 2 470 294 710 484 0
2946 3 841 394 1015 521 0
2947 2 464 310 718 522 0
2947 3 841 406 1015 543 1
2948 2 468 328 718 532 0
2948 3 841 417 1015 564 1
2949 2 466 352 718 550 0
2949 3 841 428 1015 585 1
2950 2 461 357 706 570 0
2950 3 841 451 1015 622 1
2951 2 456 362 694 590 0
2951 3 841 473 1015 659 1
2952 2 449 372 691 587 0
2952 3 828 477 1014 659 1
2953 2 442 382 688 584 0
2953 3 815 481 1014 658 1
2954 2 435 378 682 586 0
2954 3 802 486 1014 659 1
2955 2 428 374 676 588 0
2955 3 790 490 1015 658 1
2956 2 419 373 661 586 0
2956 3 777 495 1015 659 1
2957 2 410 372 646 584 0
2957 3 777 495 981 669 1
2958 2 390 368 638 599 0
2958 3 777 495 948 679 1
2959 2 370 364 630 614 0
2959 3 764 478 948 678 1
2960 2 360 345 656 622 0
2960 3 752 462 949 678 1
2961 2 328 355 629 634 0
2961 3 739 445 948 678 1
2962 2 289 338 595 639 0
2962 3 726 429 948 678 1
2963 2 278 311 567 590 0
2963 3 714 412 948 678 1
2964 2 266 284 538 541 0
2964 3 701 396 948 678 1
2965 2 269 237 560 542 0
2965 3 689 379 949 678 1
2966 2 197 191 487 486 0
2966 3 664 344 924 643 1
2967 2 202 186 490 472 0
2967 3 639 308 899 607 1
2968 2 138 148 424 424 0
2968 3 636 295 896 594 1
2969 2 135 118 420 384 0
2969 3 633 281 893 580 1
2970 2 117 128 400 385 0
2970 3 630 268 890 567 1
2971 2 139 109 332 400 0
2971 3 626 254 886 553 1
2972 2 91 115 292 392 0
2972 3 623 241 883 540 1
2973 2 6 114 300 420 0
2973 3 620 227 880 526 1
2974 2 4 151 300 497 0
2974 3 633 239 898 551 1
2975 2 6 188 253 529 0
2975 3 646 251 915 577 1
2976 2 6 224 236 555 0
2976 3 658 262 932 601 1
2977 2 0 257 298 627 0
2977 3 671 274 950 627 1
2978 2 0 426 190 741 0
2978 3 652 314 921 640 1
2979 2 0 419 247 774 0
2979 3 632 355 892 654 1
2980 2 0 371 217 796 0
2980 3 644 351 909 656 1
2981 2 0 458 185 842 0
2981 3 657 347 928 658 1
2982 2 0 468 163 846 0
2982 3 669 343 946 660 1
2983 2 4 454 178 880 0
2983 3 681 339 964 662 0
2984 2 4 440 197 904 0
2984 3 693 335 982 665 0
2985 2 4 487 239 918 0
2985 3 706 331 1001 667 0
2986 2 9 525 246 931 0
2986 3 718 327 1019 669 0
2987 2 0 497 188 963 0
2987 3 730 323 1036 671 0
2988 2 9 469 188 941 0
2988 3 743 319 1055 673 0
2989 2 0 512 185 978 0
2989 3 774 315 1073 655 0
2990 2 1 469 180 992 0
2990 3 805 311 1091 638 0
2991 2 6 492 167 1002 0
2991 3 836 307 1109 620 0
2992 2 0 428 190 1022 0
2992 3 868 303 1128 602 0
2993 2 0 479 181 1002 0
2993 3 889 311 1149 610 0
2994 2 0 482 193 1031 0
2994 3 910 318 1170 617 0
2995 2 7 443 185 1056 0
2995 3 931 325 1191 624 0
2996 2 3 415 205 1041 0
2996 3 931 325 1218 624 0
2997 2 3 425 204 1063 0
2997 3 931 325 1245 624 0
2998 2 1 418 244 1066 0
2998 3 966 313 1280 612 0
2999 2 4 411 259 1071 0
2999 3 1000 300 1314 599 0
3000 2 1 360 266 1044 0
3000 3 1035 287 1349 586 0
3001 2 5 358 322 1059 0
3001 3 1069 274 1383 573 0
3002 2 22 80 464 1056 0
3002 3 1085 274 1383 572 0
3003 2 24 66 490 1060 0
3003 3 1100 275 1382 573 0
3004 2 28 50 522 1050 0
3004 3 1116 275 1382 572 0
3005 2 32 24 542 1056 0
3005 3 1132 276 1383 573 0
3006 2 36 14 558 1058 0
3006 3 1147 276 1382 572 0
3007 2 104 0 582 1042 0
3007 3 1153 286 1383 573 0
3008 2 104 0 582 1042 0
3008 3 1158 296 1382 573 0
3009 2 104 0 582 1042 1
3009 3 1164 306 1383 573 0
3010 2 104 0 582 1042 1
3010 3 1169 316 1382 573 0
3011 2 104 0 582 1042 1
3011 3 1156 313 1369 570 0
3012 2 104 0 582 1042 1
3012 3 1143 311 1356 568 0
3013 2 104 0 582 1042 1
3013 3 1130 308 1343 565 0
3014 2 104 0 582 1042 1
3014 3 1116 306 1329 563 0
3015 2 104 0 582 1042 1
3015 3 1103 303 1316 560 0
3016 2 104 0 582 1042 1
3016 3 1090 301 1303 558 0
3017 2 87 14 653 772 1
3017 3 1076 298 1289 555 0
3018 2 87 14 653 772 1
3018 3 1063 296 1276 553 0
3019 2 122 6 706 705 1
3019 3 1050 294 1263 551 0
3020 2 122 6 706 705 1
3020 3 1036 291 1249 548 0
3021 2 176 2 786 680 1
3021 3 1023 289 1236 546 0
3022 2 176 2 786 680 1
3022 3 1010 286 1223 543 0
3023 2 168 2 782 680 1
3023 3 996 284 1209 541 0
3024 2 168 4 774 684 1
3024 3 983 281 1196 538 0
3025 2 168 4 766 688 1
3025 3 982 296 1195 553 0
3026 2 162 2 776 688 1
3026 3 982 311 1195 568 0
3027 2 166 2 770 680 1
3027 3 981 325 1194 582 0
3028 2 174 4 768 694 1
3028 3 980 340 1193 597 0
3029 2 82 12 724 746 1
3029 3 980 355 1193 612 0
3030 2 180 16 750 728 0
3030 3 979 370 1192 627 0
3031 2 192 18 744 740 0
3031 3 978 384 1191 641 0
3032 2 90 20 706 770 0
3032 3 978 399 1191 656 0
3033 2 84 42 704 790 0
3033 3 977 414 1190 671 0
3034 2 68 76 700 818 0
3034 3 944 451 1157 708 0
3035 2 54 108 692 842 0
3035 3 935 459 1157 708 0
3036 2 38 124 684 852 0
3036 3 927 466 1157 707 0
3037 2 0 162 656 866 0
3037 3 918 474 1157 707 0
3038 2 0 134 607 814 0
3038 3 909 482 1156 707 0
3039 2 6 107 558 764 0
3039 3 903 478 1150 703 0
3040 2 6 107 547 764 0
3040 3 896 473 1143 698 0
3041 2 6 107 536 764 0
3041 3 889 469 1136 694 0
3042 2 6 107 524 764 0
3042 3 882 464 1129 689 0
3043 2 6 107 513 764 0
3043 3 875 459 1122 684 0
3044 2 15 115 522 772 0
3044 3 868 455 1115 680 0
3045 2 23 123 530 780 0
3045 3 862 450 1109 675 0
3046 2 31 132 538 789 0
3046 3 855 445 1102 670 0
3047 2 39 140 546 797 0
3047 3 848 441 1095 666 0
3048 2 47 148 554 805 0
3048 3 844 481 1088 702 0
3049 2 55 156 562 813 0
3049 3 841 521 1081 738 0
3050 2 90 183 597 840 0
3050 3 837 561 1073 773 0
3051 2 124 210 631 867 0
3051 3 834 601 1066 809 0
3052 2 135 254 642 911 0
3052 3 830 641 1059 845 0
3053 2 145 298 652 955 0
3053 3 827 681 1052 880 0
3054 2 156 343 663 1000 0
3054 3 823 721 1044 916 0
3055 2 188 468 695 1039 0
3055 3 820 761 1037 952 0
3056 2 238 519 696 1060 0
3056 3 816 801 1030 988 0
3057 2 289 571 698 1081 0
3057 3 813 841 1023 1023 0
3058 2 297 570 706 1080 0
3058 3 796 853 1002 1031 0
3059 2 305 569 714 1079 0
3059 3 779 865 981 1039 0
3060 2 314 568 723 1078 0
3060 3 780 866 972 1049 0
3061 2 322 568 731 1078 0
3061 3 780 868 963 1060 0
3062 2 331 567 740 1077 0
3062 3 770 859 948 1049 0
3063 2 339 566 748 1076 0
3063 3 765 860 938 1048 0
3064 2 348 565 757 1075 0
3064 3 765 836 934 1012 0
3065 2 356 564 765 1074 0
3065 3 757 824 945 1012 0
3066 2 365 563 774 1073 0
3066 3 769 794 937 978 0
3067 2 365 527 774 1073 0
3067 3 765 745 928 927 0
3068 2 365 491 774 1073 0
3068 3 771 717 920 913 0
3069 2 365 455 774 1073 0
3069 3 777 689 911 900 0
3070 2 389 424 798 1042 0
3070 3 785 689 911 886 0
3071 2 414 392 823 1010 0
3071 3 794 689 911 873 0
3072 2 414 389 840 1010 0
3072 3 803 689 912 860 0
3073 2 414 386 856 1010 0
3073 3 811 689 911 847 0
3074 2 414 382 873 1009 0
3074 3 820 689 912 834 0
3075 2 414 379 890 1009 0
3075 3 828 689 911 821 0
3076 2 430 379 909 1009 0
3077 2 446 379 928 1009 0
3078 2 462 379 947 1009 0
3079 2 479 379 967 1009 0
3080 2 495 379 986 1009 0
3081 2 511 379 1005 1009 0
3082 2 527 379 1024 1009 0
3083 2 544 379 1044 1009 0
3084 2 486 339 1043 1009 0
3085 2 429 299 1044 1009 1
3086 2 372 259 1044 1009 1
3087 2 372 173 1044 1009 1
3088 2 372 173 1044 901 1
3089 2 410 118 1088 902 1
3090 2 447 62 1130 902 1
3091 2 485 6 1174 901 1
3092 2 485 6 1217 917 1
3093 2 485 6 1261 932 1
3094 2 485 6 1304 948 1
3095 2 495 38 1304 948 1
3096 2 555 44 1364 954 1
3097 2 615 51 1424 961 1
3098 2 690 74 1499 984 1
3099 2 765 97 1574 1007 1
3100 2 846 122 1655 1032 1
3100 3 701 627 858 722 0
3101 2 954 102 1763 1012 1
3101 3 757 652 914 777 0
3102 2 1017 127 1826 1037 1
3102 3 811 669 975 813 0
3103 2 1117 133 1865 1022 1
3103 3 844 674 997 822 0
3104 2 1216 139 1903 1007 1
3104 3 877 679 1019 831 0
3105 2 1273 139 1903 1049 1
3105 3 892 678 1045 826 0
3106 2 1324 139 1903 1049 1
3106 3 907 676 1071 820 0
3107 2 1390 139 1902 1049 1
3107 3 907 676 1071 820 0
3108 2 1432 139 1903 1049 1
3108 3 922 674 1048 808 0
3109 2 1481 139 1903 1049 1
3109 3 922 660 1052 800 0
3110 2 1530 139 1902 1049 1
3110 3 920 650 1054 798 0
3111 2 1568 139 1911 1000 1
3111 3 922 644 1046 766 0
3112 2 1605 139 1919 951 1
3112 3 920 636 1050 768 0
3113 2 1643 139 1927 902 1
3113 3 926 622 1056 764 0
3114 2 1676 139 1927 841 1
3114 3 930 606 1046 720 0
3115 2 1708 139 1927 781 1
3115 3 930 594 1054 728 0
3116 2 1741 139 1927 720 1
3116 3 936 580 1068 718 0
3117 2 1785 139 1927 700 1
3117 3 940 564 1064 678 0
3118 2 1810 139 1927 664 1
3118 3 940 552 1066 686 0
3119 3 946 542 1076 684 0
3120 3 954 530 1074 652 0
3121 3 962 526 1078 664 0
3122 3 974 518 1094 658 0
3123 3 960 508 1084 652 0
3124 3 960 502 1080 620 0
3125 3 964 500 1080 618 0
3126 3 966 500 1084 616 0
3127 3 972 504 1088 616 0
3128 3 970 502 1090 622 0
3129 3 978 506 1096 624 0
3130 3 978 512 1108 652 0
3131 3 980 512 1110 652 0
3132 3 982 512 1112 656 0
3133 3 978 506 1098 626 0
3134 3 978 500 1098 624 0
3135 3 976 492 1104 622 0
3136 3 976 482 1102 628 0
3137 3 974 464 1104 618 0
3138 3 978 454 1100 584 0
3139 3 972 448 1098 590 0
3140 3 972 436 1098 588 0
3141 3 970 432 1102 580 0
3142 3 966 426 1104 572 0
3143 3 954 408 1086 550 0
3144 3 958 394 1092 538 0
3145 3 958 386 1092 538 0
3146 3 958 378 1088 512 0
3147 3 956 378 1090 512 0
3148 3 954 374 1088 512 0
3149 3 952 372 1086 514 0
3150 3 950 370 1084 510 0
3151 3 948 372 1082 510 0
3152 3 950 376 1082 516 0
3153 3 948 380 1082 520 0
3154 3 946 380 1080 520 0
3155 3 946 376 1080 516 0
3156 3 948 372 1078 510 0
3157 3 950 366 1084 508 0
3158 3 950 366 1084 514 0
3159 3 952 364 1088 506 0
3160 3 954 366 1090 514 0
3161 3 958 370 1092 512 0
3162 3 956 374 1090 512 0
3163 3 956 380 1094 520 0
3164 3 966 390 1104 522 0
3165 3 968 392 1106 524 0
3166 3 962 398 1110 554 0
3167 3 964 404 1108 554 0
3168 3 956 406 1096 554 0
3169 3 956 412 1090 556 0
3170 3 954 422 1088 558 0
3171 3 952 424 1090 558 0
3172 3 956 426 1094 558 0
3173 3 966 432 1110 586 0
3174 3 972 420 1106 560 0
3175 3 976 414 1108 556 0
3176 3 978 412 1108 552 0
3177 3 976 420 1108 556 0
3178 3 976 430 1112 566 0
3179 3 974 446 1114 602 0
3180 3 976 460 1114 610 0
3181 3 978 488 1114 670 0
3182 3 978 498 1112 650 0
3183 3 990 520 1120 704 0
3184 3 990 536 1116 680 0
3185 3 998 550 1116 684 0
3186 3 990 568 1112 712 0
3187 3 984 582 1102 718 0
3188 3 970 610 1094 744 0
3189 3 966 626 1086 758 0
3190 3 946 638 1072 778 0
3191 3 946 648 1068 778 0
3192 3 948 648 1042 784 0
3193 3 938 660 1050 780 0
3194 3 930 640 1028 780 0
3195 3 924 632 1022 776 0
3196 3 912 622 1034 758 0
3197 3 912 622 1036 760 0
3198 3 914 622 1040 760 0
3199 3 918 624 1044 764 0
3200 3 922 640 1042 772 0
3201 3 924 646 1042 774 0
3202 3 932 644 1026 788 0
3203 3 928 644 1024 786 0
3204 3 932 638 1026 776 0
3205 3 920 632 1042 768 0
3206 3 914 612 1042 752 0
3207 3 932 576 1030 726 0
3208 3 912 564 1042 712 0
3209 3 926 546 1026 702 0
3210 3 912 550 1038 696 0
3211 3 912 556 1038 698 0
3212 3 912 556 1036 698 0
3213 3 910 562 1042 702 0
3214 3 914 554 1050 696 0
3215 3 908 550 1060 688 0
3216 3 910 544 1068 694 1
3217 3 922 538 1088 692 1
3218 3 932 536 1098 690 1
3219 3 944 520 1086 656 1
3220 3 948 508 1094 648 1
3221 3 950 492 1100 674 1
3222 3 952 488 1106 630 1
3223 3 962 490 1112 630 1
3224 3 964 494 1134 688 1
3225 3 978 492 1136 640 1
3226 3 982 496 1142 638 1
3227 3 1002 504 1152 634 1
3228 3 1008 504 1176 658 1
3229 3 1020 504 1184 664 1
3230 3 1036 502 1206 658 1
3231 3 1050 488 1220 676 1
3232 3 1058 482 1230 674 1
3233 3 1054 478 1252 660 1
3234 3 1068 470 1242 668 1
3235 3 1082 472 1254 672 1
3236 3 1090 480 1296 658 1
3237 3 1112 472 1284 664 1
3238 3 1124 476 1294 676 1
3239 3 1136 494 1300 688 1
3240 3 1140 506 1304 698 1
3241 3 1152 506 1314 692 1
3242 3 1162 508 1328 698 1
3243 3 1166 506 1330 698 1
3244 3 1178 502 1348 686 1
3245 3 1178 492 1352 684 1
3246 3 1182 480 1352 672 1
3247 3 1186 484 1352 672 1
3248 3 1190 494 1362 688 1
3249 3 1210 516 1376 712 1
3250 3 1212 538 1386 748 1
3251 3 1216 552 1390 762 1
3252 3 1224 558 1396 766 1
3253 3 1224 560 1396 762 1
3254 3 1228 558 1402 762 1
3255 3 1234 554 1402 748 1
3256 3 1232 546 1412 752 1
3257 3 1248 548 1426 742 1
3258 3 1248 532 1430 730 1
3259 3 1248 526 1438 732 1
3260 3 1252 528 1442 732 1
3261 3 1256 532 1440 734 1
3262 3 1256 542 1438 738 1
3263 3 1258 548 1438 740 1
3264 3 1260 552 1434 740 0
3265 3 1262 554 1434 740 0
3266 3 1268 560 1436 736 0
3267 3 1274 560 1442 742 0
3268 3 1274 546 1444 736 0
3269 3 1274 536 1444 732 0
3270 3 1268 528 1448 730 0
3271 3 1270 520 1452 728 0
3272 3 1272 514 1452 730 0
3273 3 1270 516 1448 732 0
3274 3 1270 524 1452 742 0
3275 3 1268 538 1446 746 0
3276 3 1268 552 1442 756 0
3277 3 1266 560 1438 754 0
3278 3 1266 560 1438 752 0
3279 3 1262 562 1438 756 0
3280 3 1266 552 1440 750 0
3281 3 1270 548 1440 744 0
3282 3 1270 546 1442 746 0
3283 3 1272 546 1440 742 0
3284 3 1270 550 1440 748 0
3285 3 1268 556 1440 756 0
3286 3 1264 560 1440 754 0
3287 3 1266 568 1438 756 0
3288 3 1268 574 1438 756 0
3289 3 1272 572 1438 754 0
3290 3 1272 564 1440 748 0
3291 3 1272 558 1438 742 0
3292 3 1268 554 1442 744 0
3293 3 1272 548 1440 738 0
3294 3 1274 544 1444 736 0
3295 3 1274 538 1442 730 0
3296 3 1274 534 1444 730 0
3297 3 1270 532 1440 728 0
3298 3 1268 528 1442 728 0
3299 3 1274 528 1446 726 0
3300 3 1274 526 1446 724 0
3301 3 1272 524 1446 724 0
3302 3 1272 530 1446 730 0
3303 3 1268 534 1444 732 0
3304 3 1272 542 1440 736 0
3305 3 1270 544 1442 738 0
3306 3 1270 548 1438 738 0
3307 3 1272 544 1440 736 0
3308 3 1272 534 1438 724 0
3309 3 1270 526 1436 718 0
3310 3 1266 516 1440 722 0
3311 3 1266 512 1440 720 0
3312 3 1276 514 1440 690 0
3313 3 1262 518 1436 674 0
3314 3 1266 514 1434 690 0
3315 3 1256 516 1432 670 0
3316 3 1254 516 1430 666 0
3317 3 1252 516 1440 678 0
3318 3 1254 506 1430 660 0
3319 3 1248 502 1426 656 0
3320 3 1248 504 1426 658 0
3321 3 1244 502 1418 654 0
3322 3 1248 504 1420 682 0
3323 3 1234 496 1406 696 0
3324 3 1246 504 1418 682 0
3325 3 1232 500 1408 696 0
3326 3 1230 498 1408 698 0
3327 3 1230 500 1406 692 0
3328 3 1226 496 1404 688 0
3329 3 1226 492 1402 686 0
3330 3 1226 486 1404 680 0
3331 3 1228 480 1406 684 0
3332 3 1230 472 1406 678 0
3333 3 1228 468 1398 662 0
3334 3 1206 468 1382 618 0
3335 3 1190 454 1360 642 0
3336 3 1178 444 1350 586 0
3337 3 1170 436 1348 584 0
3338 3 1172 432 1352 578 0
3339 3 1172 432 1356 582 0
3340 3 1174 432 1362 582 0
3341 3 1176 430 1360 582 0
3342 3 1182 430 1364 578 0
3343 3 1190 430 1368 580 0
3344 3 1194 424 1368 558 0
3345 3 1198 424 1394 586 0
3346 3 1202 424 1398 590 0
3347 3 1210 422 1404 586 0
3348 3 1216 418 1410 588 0
3349 3 1230 414 1400 558 0
3350 3 1236 412 1406 560 0
3351 3 1238 414 1434 586 0
3352 3 1238 410 1436 584 0
3353 3 1240 402 1440 578 0
3354 3 1240 400 1438 572 0
3355 3 1240 396 1438 578 0
3356 3 1242 394 1428 548 0
3357 3 1242 392 1428 548 0
3358 3 1236 388 1422 550 0
3359 3 1232 374 1404 530 0
3360 3 1220 372 1390 526 0
3361 3 1208 374 1380 524 0
3362 3 1192 366 1378 590 0
3363 3 1192 370 1360 524 0
3364 3 1178 370 1354 524 0
3365 3 1168 376 1344 530 0
3366 3 1158 366 1330 596 0
3367 3 1156 374 1320 534 0
3368 3 1148 366 1318 550 0
3369 3 1138 380 1308 528 0
3370 3 1142 366 1304 548 0
3371 3 1118 374 1286 524 0
3372 3 1106 378 1278 528 0
3373 3 1094 380 1268 526 0
3374 3 1084 376 1254 536 0
3375 3 1070 390 1264 568 0
3376 3 1064 394 1254 560 0
3377 3 1056 380 1234 574 0
3378 3 1054 380 1228 578 0
3379 3 1046 386 1220 586 0
3380 3 1034 392 1210 556 0
3381 3 1026 400 1200 560 0
3382 3 1024 416 1196 562 0
3383 3 1020 420 1176 600 0
3384 3 1010 416 1176 564 0
3385 3 1006 424 1168 604 0
3386 3 996 424 1172 588 0
3387 3 992 426 1168 590 0
3388 3 990 426 1162 594 0
3389 3 988 430 1156 588 0
3390 3 988 436 1148 614 0
3391 3 982 438 1146 592 0
3392 3 980 440 1140 592 0
3393 3 978 440 1136 588 0
3394 3 972 438 1130 586 0
3395 3 968 438 1130 588 0
3396 3 958 434 1122 586 0
3397 3 956 430 1122 586 0
3398 3 954 430 1124 584 0
3399 3 954 432 1122 584 0
3400 3 954 430 1120 586 0
3401 3 952 432 1114 584 0
3402 3 952 432 1114 582 0
3403 3 948 432 1104 580 0
3404 3 948 430 1104 580 0
3405 3 952 426 1118 582 0
3406 3 952 430 1118 584 0
3407 3 952 430 1120 584 0
3408 3 954 430 1116 584 0
3409 3 950 432 1104 582 0
3410 3 952 434 1104 584 0
3411 3 952 434 1104 584 0
3412 3 952 434 1106 586 0
3413 3 952 434 1106 586 0
3414 3 952 434 1106 586 0
3415 3 952 436 1104 588 0
3416 3 952 436 1104 588 0
3417 3 952 438 1104 588 0
3418 3 950 438 1106 586 0
3419 3 952 440 1104 588 0
3420 3 952 438 1106 584 0
3421 3 952 436 1104 582 0
3422 3 952 434 1106 582 0
3423 3 954 432 1114 582 0
3424 3 954 430 1112 582 0
3425 3 952 434 1106 588 0
3426 3 956 432 1118 582 0
3427 3 958 430 1118 582 0
3428 3 958 430 1124 580 0
3429 3 962 430 1128 582 0
3430 3 962 430 1128 584 0
3431 3 964 432 1128 586 0
3432 3 966 432 1128 588 0
3433 3 968 432 1128 586 0
3434 3 970 436 1130 586 0
3435 3 970 438 1130 590 0
3436 3 972 438 1132 594 0
3437 3 968 440 1130 592 0
3438 3 968 440 1124 588 0
3439 3 964 436 1124 588 0
3440 3 958 432 1120 588 0
3441 3 934 434 1092 582 0
3442 3 906 436 1052 542 0
3443 3 848 432 1000 540 0
3444 3 788 438 932 542 0
3445 3 736 438 880 540 0
3446 3 678 440 824 544 0
3447 3 628 442 776 552 0
3448 3 586 454 740 576 0
3449 3 542 464 696 586 0
3450 3 488 482 642 600 0
3451 3 448 498 600 616 0
3452 3 414 514 566 632 0
3453 3 382 540 534 666 0
3454 3 352 550 502 666 0
3455 3 322 558 487 718 0
3456 3 290 566 463 743 0
3457 3 254 572 384 670 0
3458 3 212 576 338 672 0
3459 3 168 574 288 670 0
3460 3 112 572 226 666 0
3461 3 48 564 158 656 0
3462 3 0 554 90 646 0
3569 3 117 492 318 815 0
3570 3 210 500 398 762 0
3571 3 289 512 477 774 0
3572 3 365 522 553 784 0
3573 3 421 524 609 786 0
3574 3 495 532 683 794 0
3575 3 495 532 737 794 0
3576 3 534 529 776 791 0
3577 3 576 546 818 808 0
3578 3 593 551 835 813 0
3579 3 593 551 872 813 0
3580 3 662 551 873 813 0
3581 3 713 551 936 813 0
3582 3 743 547 966 809 0
3583 3 772 544 995 806 0
3584 3 794 546 1017 808 0
3585 3 825 561 1017 808 0
3586 3 855 576 1016 809 0
3587 3 855 576 1080 809 0
3588 3 907 622 1081 808 0
3589 3 929 639 1105 841 0
3590 3 951 657 1130 875 0
3591 3 951 657 1130 909 0
3592 3 934 730 1130 909 0
3593 3 934 730 1130 945 0
3594 3 934 730 1130 970 0
3595 3 919 739 1121 963 0
3596 3 904 748 1111 955 0
3597 3 890 757 1103 948 0
3598 3 882 762 1101 957 0
3599 3 875 767 1100 965 0
3600 3 868 772 1099 974 0
3601 3 860 777 1098 983 0
3602 3 843 777 1066 1013 0
3603 3 826 777 1034 1044 0
3604 3 806 814 997 1010 0
3605 3 779 814 975 1010 0
3606 3 730 841 911 1047 0
3607 3 679 855 860 1061 0
3608 3 627 870 808 1076 0
3609 3 573 870 754 1076 0
3610 3 507 870 688 1076 0
3611 3 453 873 634 1069 0
3612 3 424 887 598 1063 0
3613 3 382 875 519 1061 0
3614 3 301 865 455 1056 0
3615 3 242 836 376 990 0
3616 3 173 814 312 941 0
3617 3 80 767 259 924 0
3618 3 9 750 168 899 0
3619 3 9 750 129 887 0
3620 3 9 750 107 875 0
3633 3 293 622 418 742 0
3634 3 394 610 548 717 0
3635 3 495 598 679 693 0
3636 3 610 598 759 688 0
3637 3 669 598 803 683 0
3638 3 669 598 843 664 0
3639 3 716 568 843 663 0
3640 3 716 568 880 651 0
3641 3 734 556 880 651 0
3642 3 752 544 879 651 0
3643 3 752 532 911 642 0
3644 3 758 523 917 639 0
3645 3 764 515 923 636 0
3646 3 769 507 928 634 0
3647 3 771 502 928 631 0
3648 3 773 497 928 628 0
3649 3 775 492 928 625 0
3650 3 777 487 929 621 0
3651 3 777 487 928 626 0
3652 3 777 487 928 630 0
3653 3 778 487 929 634 0
3654 3 778 487 929 638 0
3655 3 778 487 928 642 0
3656 3 778 487 928 646 0
3657 3 779 487 929 650 0
3658 3 779 487 928 654 0
3659 3 779 487 928 658 0
3660 3 762 507 928 659 0
3661 3 745 527 929 659 0
3662 3 691 529 875 629 0
3663 3 605 529 779 634 0
3664 3 473 524 657 607 0
3665 3 335 485 511 597 0
3699 3 0 257 82 350 0
3700 3 0 255 88 349 0
3701 3 0 253 93 349 0
3702 3 0 252 99 350 0
3703 3 0 250 104 350 0
3704 3 0 248 109 349 0
3705 3 0 246 115 349 0
3706 3 0 245 120 350 0
3707 3 0 243 126 349 0
3708 3 0 241 131 349 0
3709 3 0 240 136 350 0
3710 3 5 240 136 354 0
3711 3 10 240 135 358 0
3712 3 16 240 136 362 0
3713 3 16 240 153 378 0
3714 3 16 240 170 393 0
3715 3 16 240 187 409 0
3716 3 26 237 197 406 0
3717 3 36 235 207 404 0
3718 3 46 232 217 401 0
3719 3 55 230 226 399 0
3720 3 55 230 226 399 0
3721 3 55 230 226 399 0
3722 3 55 230 226 399 0
3723 3 82 184 262 424 0
3724 3 76 182 276 409 0
3725 3 74 182 249 382 0
3726 3 108 152 269 362 0
3727 3 110 156 296 379 0
3728 3 114 158 293 362 0
3729 3 118 160 313 374 0
3730 3 124 162 325 397 0
3731 3 126 162 333 428 0
3732 3 128 164 352 394 0
3733 3 171 164 367 394 0
3734 3 176 164 387 397 0
3735 3 185 149 371 364 0
3736 3 205 166 381 377 0
3737 3 185 168 386 431 0
3738 3 185 168 400 401 0
3739 3 203 159 421 419 0
3740 3 225 144 423 404 0
3741 3 205 139 416 377 0
3742 3 230 122 441 421 0
3743 3 227 139 438 431 0
3744 3 254 126 402 421 0
3745 3 260 124 431 397 0
3746 3 262 122 438 428 0
3747 3 230 126 411 446 0
3748 3 242 126 411 419 0
3749 3 244 128 411 443 0
3750 3 264 128 443 468 0
3751 3 264 128 455 448 0
3752 3 270 130 451 431 0
3753 3 270 130 438 438 0
3754 3 268 130 446 433 0
3755 3 227 146 417 387 0
3756 3 254 152 414 411 0
3757 3 254 154 412 433 0
3758 3 238 148 398 431 0
3759 3 234 148 401 431 0
3760 3 238 140 397 382 0
3761 3 224 150 372 362 0
3762 3 222 150 389 387 0
3763 3 234 134 377 389 0
3764 3 234 130 372 372 0
3765 3 215 130 383 394 0
3766 3 242 130 385 404 1
3767 3 242 128 387 389 1
3768 3 236 126 409 399 1
3769 3 236 126 398 324 1
3770 3 242 126 400 328 1
3771 3 244 124 402 326 1
3772 3 248 124 404 326 1
3773 3 250 124 408 326 1
3774 3 254 124 410 322 1
3775 3 256 124 418 326 1
3776 3 264 126 424 324 1
3777 3 276 128 432 322 1
3778 3 278 130 434 324 1
3779 3 282 132 436 326 1
3780 3 284 134 438 328 1
3781 3 288 136 442 330 1
3782 3 308 132 460 318 1
3783 3 316 138 464 314 1
3784 3 318 138 468 318 1
3785 3 316 138 472 320 1
3786 3 314 140 472 324 1
3787 3 318 140 482 326 0
3788 3 312 148 484 372 0
3789 3 318 152 490 370 0
3790 3 326 158 494 374 0
3791 3 328 156 510 386 0
3792 3 334 164 510 388 0
3793 3 342 176 514 402 0
3794 3 348 186 514 386 0
3795 3 380 204 530 390 0
3796 3 390 220 530 400 0
3797 3 380 248 538 454 0
3798 3 396 276 546 426 0
3799 3 404 296 544 470 0
3800 3 402 306 550 468 0
3801 3 402 320 548 518 0
3802 3 404 330 556 536 0
3803 3 406 342 550 530 0
3804 3 410 362 548 536 0
3805 3 414 384 566 530 0
3806 3 430 408 586 554 0
3807 3 458 442 616 588 0
3808 3 496 486 658 632 0
3809 3 538 534 702 676 0
3810 3 578 576 742 714 0
3811 3 604 604 770 740 0
3812 3 624 622 788 756 0
3813 3 668 658 804 774 0
3814 3 676 666 812 782 0
3815 3 684 674 820 790 0
3816 3 694 688 830 804 0
3817 3 706 704 842 822 0
3818 3 716 722 852 840 0
3819 3 722 738 858 854 0
3820 3 726 750 862 866 0
3821 3 730 752 866 866 0
3822 3 732 750 868 864 0
3823 3 732 742 868 856 0
3824 3 738 728 872 840 0
3825 3 738 706 870 816 0
3826 3 738 674 870 784 0
3827 3 734 640 866 752 0
3828 3 730 624 862 738 0
3829 3 730 624 862 738 0
3830 3 732 634 864 748 0
3831 3 734 646 866 760 0
3832 3 736 652 868 766 0
3833 3 736 654 868 768 0
3834 3 736 634 879 779 0
3835 3 736 615 890 792 0
3836 3 736 595 901 803 0
3837 3 736 576 912 816 0
3838 3 734 580 908 818 0
3839 3 733 585 905 821 0
3840 3 732 590 902 823 0
3841 3 731 595 899 826 0
3842 3 730 592 898 824 0
3843 3 729 590 897 822 0
3844 3 728 588 897 820 0
3845 3 728 585 897 818 0
3846 3 727 583 896 816 0
3847 3 726 581 896 815 0
3848 3 725 578 895 812 0
3849 3 726 581 897 815 0
3850 3 727 583 898 818 0
3851 3 727 585 898 820 0
3852 3 728 587 900 823 0
3853 3 729 590 901 826 0
3854 3 729 592 901 828 0
3855 3 730 594 903 831 0
3856 3 726 582 899 819 0
3857 3 722 570 896 808 0
3858 3 718 558 892 796 0
3859 3 714 546 888 784 0
3860 3 710 534 885 773 0
3861 3 705 523 880 762 0
3862 3 700 512 875 752 0
3863 3 696 502 872 742 0
3864 3 687 511 863 751 0
3865 3 678 521 854 761 0
3866 3 669 531 845 771 0
3867 3 661 540 837 780 0
3868 3 652 550 828 790 0
3869 3 648 542 824 782 0
3870 3 645 535 821 775 0
3871 3 641 527 817 767 0
3872 3 639 506 815 746 0
3873 3 637 485 813 725 0
3874 3 634 464 810 704 0
3875 3 635 409 811 649 0
3876 3 640 382 816 622 0
3877 3 594 396 786 564 0
3878 3 586 394 780 566 0
3879 3 578 396 768 566 0
3880 3 572 392 762 560 0
3881 3 564 378 756 546 0
3882 3 556 358 748 524 0
3883 3 542 324 734 488 0
3884 3 526 290 716 454 0
3885 3 508 266 698 430 0
3886 3 488 250 678 414 0
3887 3 468 244 658 408 0
3888 3 432 242 624 406 0
3889 3 400 244 592 408 0
3890 3 386 248 578 412 0
3891 3 372 260 564 424 0
3892 3 358 274 550 438 0
3893 3 346 286 540 448 0
3894 3 358 260 530 458 0
3895 3 342 268 534 442 0
3896 3 320 264 518 448 0
3897 3 324 244 496 452 0
3898 3 314 240 492 454 0
3899 3 306 238 484 454 0
3900 3 302 250 482 458 0
3901 3 302 260 474 464 0
3902 3 308 266 480 464 0
3903 3 312 268 488 468 0
3904 3 304 272 506 450 0
3905 3 312 264 514 450 0
3906 3 318 258 520 450 0
3907 3 320 254 522 452 0
3908 3 322 254 522 452 0
3909 3 334 246 518 470 0
3910 3 338 254 522 468 0
3911 3 330 264 532 458 0
3912 3 336 268 542 462 0
3913 3 354 262 556 446 0
3914 3 366 244 552 460 0
3915 3 358 252 562 442 0
3916 3 358 248 568 456 0
3917 3 354 246 570 460 0
3918 3 356 238 574 462 0
3919 3 358 234 576 458 0
3920 3 362 226 580 446 0
3921 3 364 214 582 448 0
3922 3 366 196 584 428 0
3923 3 368 172 586 404 0
3924 3 372 144 590 374 0
3925 3 374 114 592 344 0
3926 3 380 88 598 316 0
3927 3 384 68 602 298 0
3928 3 390 52 606 280 0
3929 3 396 38 614 268 0
3930 3 400 28 616 258 0
3931 3 400 24 618 256 0
3932 3 402 20 620 252 0
3933 3 402 18 622 252 0
3934 3 404 16 624 250 0
3935 3 408 14 628 248 0
3936 3 410 12 630 248 0
3937 3 414 10 634 248 0
3938 3 420 10 640 248 0
3939 3 426 8 646 248 0
3940 3 430 6 650 248 0
3941 3 436 4 656 246 0
3942 3 436 4 680 225 0
3943 3 436 4 705 204 0
3944 3 436 4 730 183 0
3945 3 509 4 729 168 0
3946 3 509 4 744 174 0
3947 3 509 4 759 180 0
3948 3 509 4 774 186 0
3949 3 503 4 768 186 0
3950 3 497 5 762 187 0
3951 3 490 6 755 188 0
3952 3 484 7 749 189 0
3953 3 478 8 743 190 0
3954 3 471 8 736 190 0
3955 3 465 9 730 191 0
3956 3 459 10 724 192 0
3957 3 452 11 717 193 0
3958 3 446 12 711 194 0
3959 3 440 13 705 195 0
3960 3 433 13 698 195 0
3961 3 433 13 634 234 0
3962 3 382 7 583 228 0
3963 3 330 1 531 222 0
3964 3 312 1 531 192 0
3965 3 294 1 531 163 0
3966 3 276 1 531 133 0
3967 3 271 1 531 139 0
3968 3 266 1 531 145 0
3969 3 260 1 531 150 0
3970 3 255 1 531 156 0
3971 3 250 1 531 162 0
3972 3 244 1 531 167 0
3973 3 239 1 531 173 0
3974 3 234 1 531 178 0
3975 3 228 1 531 184 0
3976 3 223 1 531 190 0
3977 3 218 1 531 195 0
3978 3 212 1 531 201 0
3979 3 207 1 531 207 0
3980 3 202 1 531 212 0
3981 3 196 1 531 218 0
3982 3 191 1 531 224 0
3983 3 185 1 530 229 0
3984 3 159 28 499 273 0
3985 3 132 55 466 316 0
3986 3 105 82 433 359 0
3987 3 111 150 439 427 0
3988 3 118 218 446 495 0
3989 3 124 286 452 563 0
3990 3 121 297 425 591 0
3991 3 119 309 399 621 0
3992 3 116 320 371 649 0
3993 3 85 320 340 649 0
3994 3 55 320 310 649 0
3995 3 42 320 288 639 0
3996 3 29 319 266 628 0
3997 3 16 319 244 619 0
3998 3 4 318 222 608 0
3999 3 4 306 214 606 0
4000 3 4 294 205 604 0
4001 3 4 281 197 602 0
4002 3 4 269 188 600 0
4003 3 4 257 180 598 0
4004 3 4 245 171 596 0
4005 3 4 221 168 562 0
4006 3 4 198 165 528 0
4007 3 4 175 161 494 0
4008 3 4 151 158 460 0
4009 3 4 128 155 426 0
4010 3 7 108 158 406 0
4011 3 10 87 161 385 0
4012 3 13 67 164 365 0
4013 3 16 46 167 344 0
4014 3 14 34 180 327 0
4015 3 12 23 193 312 0
4016 3 10 11 207 295 0
4017 3 8 0 220 279 0
4018 3 8 0 237 285 0
4019 3 8 0 254 291 0
4020 3 8 0 270 296 0
4021 3 8 0 287 302 0
4022 3 8 0 304 308 0
4023 3 8 0 316 311 0
4024 3 8 0 329 313 0
4025 3 8 0 341 316 0
4026 3 8 0 355 317 0
4027 3 8 0 369 318 0
4028 3 8 0 383 320 0
4029 3 8 0 397 321 0
4030 3 8 0 412 322 0
4031 3 8 0 426 323 0
4032 3 8 0 422 326 0
4033 3 8 0 418 330 0
4034 3 8 0 414 334 0
4035 3 8 0 410 337 0
4036 3 8 0 407 341 0
4037 3 8 0 403 344 0
4038 3 8 0 399 348 0
4039 3 8 0 395 351 0
4040 3 8 0 391 355 0
4041 3 8 0 375 375 0
4042 3 8 0 359 395 0
4043 3 8 0 343 416 0
4044 3 8 0 328 436 0
4045 3 8 0 312 456 0
4046 3 8 0 296 476 0
4047 3 8 0 280 497 0
4048 3 8 0 264 517 0
4049 3 8 0 264 517 0
4168 3 1749 478 1920 752 0
4169 3 1560 463 1829 767 0
4170 3 1376 453 1697 745 0
4171 3 1196 428 1500 720 0
4172 3 1032 406 1350 693 0
4173 3 927 387 1211 671 0
4174 3 855 377 1097 664 0
4175 3 809 374 1039 658 0
4176 3 799 328 995 656 0
4177 3 766 378 916 520 0
4178 3 778 384 920 524 0
4179 3 780 382 922 528 0
4180 3 786 384 924 530 0
4181 3 772 386 932 552 0
4182 3 768 390 926 590 0
4183 3 762 394 920 594 0
4184 3 764 400 920 594 0
4185 3 756 406 920 606 0
4186 3 756 408 920 608 0
4187 3 764 406 928 606 0
4188 3 772 420 970 612 0
4189 3 812 376 1004 612 0
4190 3 828 392 1032 604 0
4191 3 836 384 1042 600 0
4192 3 844 384 1044 600 0
4193 3 856 374 1026 596 0
4194 3 858 366 1028 594 0
4195 3 874 390 1014 546 0
4196 3 868 396 1018 598 0
4197 3 868 402 1018 610 0
4198 3 872 410 1026 622 0
4199 3 882 418 1048 632 0
4200 3 892 430 1060 630 0
4201 3 902 436 1074 638 0
4202 3 912 446 1090 660 0
4203 3 932 434 1106 638 0
4204 3 932 456 1134 660 0
4205 3 974 452 1156 662 0
4206 3 992 462 1202 670 0
4207 3 1040 464 1244 672 0
4208 3 1070 460 1276 674 0
4209 3 1090 466 1296 676 0
4210 3 1134 464 1306 680 0
4211 3 1142 458 1320 666 0
4212 3 1162 470 1312 614 0
4213 3 1168 466 1318 616 0
4214 3 1170 468 1320 620 0
4215 3 1174 468 1324 618 0
4216 3 1184 470 1334 618 0
4217 3 1188 470 1338 616 0
4218 3 1198 462 1354 616 0
4219 3 1216 440 1364 648 0
4220 3 1218 424 1370 616 0
4221 3 1216 412 1366 614 0
4222 3 1208 406 1360 604 0
4223 3 1208 404 1356 600 0
4224 3 1206 406 1358 604 0
4225 3 1210 410 1362 606 0
4226 3 1214 414 1368 610 0
4227 3 1220 410 1376 616 0
4228 3 1234 396 1380 558 0
4229 3 1234 384 1382 546 0
4230 3 1230 382 1380 546 0
4231 3 1228 374 1378 528 0
4232 3 1218 368 1372 528 0
4233 3 1216 342 1370 540 0
4234 3 1216 336 1368 536 0
4235 3 1220 330 1368 528 0
4236 3 1214 320 1372 528 0
4237 3 1212 306 1376 520 0
4238 3 1212 302 1372 512 0
4239 3 1210 300 1370 510 0
4240 3 1206 300 1370 514 0
4241 3 1206 300 1368 512 0
4242 3 1198 298 1360 510 0
4243 3 1196 300 1344 460 0
4244 3 1188 278 1350 476 0
4245 3 1188 274 1354 476 0
4246 3 1196 276 1358 476 0
4247 3 1198 266 1354 464 0
4248 3 1186 244 1356 468 0
4249 3 1168 212 1352 452 0
4250 3 1162 194 1336 434 0
4251 3 1158 174 1310 380 0
4252 3 1154 156 1312 384 0
4253 3 1154 130 1310 368 0
4254 3 1158 102 1314 316 0
4255 3 1162 52 1328 308 0
4256 3 1176 0 1344 250 0
4257 3 1176 0 1344 250 0
4303 3 1589 2 1831 159 0
4304 3 1589 2 1831 170 0
4305 3 1589 2 1831 181 0
4306 3 1589 2 1831 193 0
4307 3 1589 2 1831 204 0
4308 3 1589 2 1831 215 0
4309 3 1589 2 1831 227 0
4310 3 1589 2 1831 238 0
4311 3 1589 2 1831 249 0
4312 3 1589 2 1831 279 0
4313 3 1589 2 1831 308 0
4314 3 1615 13 1857 319 0
4315 3 1641 24 1883 330 0
4316 3 1679 24 1895 333 0
4317 3 1717 25 1907 336 0
4318 3 1756 26 1920 340 0
4319 3 1785 26 1919 346 0
4320 3 1815 26 1920 352 0
4329 3 1844 313 1917 705 0
4330 3 1768 365 1917 767 0
4331 3 1677 424 1917 811 0
4332 3 1567 448 1885 838 0
4333 3 1452 490 1770 880 0
4334 3 1366 527 1684 917 0
4335 3 1268 561 1586 951 0
4336 3 1167 600 1485 990 0
4337 3 1154 615 1472 1005 0
4338 3 1140 630 1458 1020 0
4339 3 1140 630 1458 1020 0
4340 3 1106 666 1426 1060 0
4341 3 1104 670 1418 1052 0
4342 3 1104 670 1420 1042 0
4343 3 1104 666 1424 1042 0
4344 3 1104 668 1422 1042 0
4345 3 1110 668 1422 1046 0
4346 3 1110 672 1420 1048 0
4347 3 1120 668 1418 1046 0
4348 3 1118 666 1420 1046 0
4349 3 1130 664 1424 1046 0
4350 3 1130 674 1428 1040 0
4351 3 1136 682 1438 1050 0
4352 3 1148 690 1438 1050 0
4353 3 1160 728 1434 1024 0
4354 3 1158 730 1432 1022 0
4355 3 1164 730 1438 1022 0
4356 3 1166 724 1444 1018 0
4357 3 1164 686 1458 1056 0
4358 3 1166 674 1462 1046 0
4359 3 1202 662 1496 1040 0
4360 3 1222 680 1472 948 0
4361 3 1228 680 1468 948 0
4362 3 1220 674 1466 948 0
4363 3 1188 674 1436 942 0
4364 3 1170 666 1428 942 0
4365 3 1154 658 1410 930 0
4366 3 1146 658 1404 924 0
4367 3 1138 650 1398 922 0
4368 3 1130 652 1390 910 0
4369 3 1132 656 1390 908 0
4370 3 1134 656 1390 906 0
4371 3 1136 656 1394 914 0
4372 3 1142 652 1404 910 0
4373 3 1150 642 1408 910 0
4374 3 1136 600 1424 986 0
4375 3 1138 594 1422 992 0
4376 3 1138 590 1424 992 0
4377 3 1140 582 1424 996 0
4378 3 1132 564 1426 1000 0
4379 3 1146 590 1398 854 0
4380 3 1120 582 1382 840 0
4381 3 1102 586 1346 830 0
4382 3 1076 590 1330 846 0
4383 3 1072 588 1326 846 0
4384 3 1086 590 1338 848 0
4385 3 1090 594 1344 854 0
4386 3 1118 610 1374 864 0
4387 3 1136 614 1396 868 0
4388 3 1158 616 1420 870 0
4389 3 1192 614 1456 866 0
4390 3 1224 608 1484 856 0
4391 3 1280 588 1520 840 0
4392 3 1256 580 1500 828 0
4393 3 1244 576 1482 824 0
4394 3 1222 574 1456 822 0
4395 3 1200 570 1434 820 0
4396 3 1140 582 1398 844 0
4397 3 1156 574 1412 836 0
4398 3 1168 572 1426 834 0
4399 3 1190 568 1450 828 0
4400 3 1222 558 1482 818 0
4401 3 1264 540 1524 800 0
4402 3 1326 516 1586 776 0
4403 3 1410 480 1668 740 0
4404 3 1516 436 1772 696 0
4405 3 1630 384 1882 646 0
4406 3 1748 334 1915 596 0
4563 3 1491 9 1724 62 0
4564 3 1501 9 1724 65 0
4565 3 1511 9 1724 67 0
4566 3 1520 9 1723 70 0
4567 3 1533 9 1742 91 0
4568 3 1546 9 1761 112 0
4569 3 1559 9 1781 132 0
4570 3 1572 9 1800 153 0
4571 3 1578 9 1800 173 0
4572 3 1583 9 1799 193 0
4573 3 1589 9 1800 212 0
4574 3 1589 9 1831 212 0
4575 3 1604 6 1846 209 0
4576 3 1619 3 1861 206 0
4577 3 1633 0 1875 203 0
4578 3 1648 0 1890 200 0
4579 3 1670 0 1890 209 0
4580 3 1692 0 1890 217 0
4581 3 1696 9 1894 229 0
4582 3 1699 21 1897 241 0
4583 3 1703 33 1901 253 0
4584 3 1707 46 1905 266 0
4585 3 1707 46 1905 266 0
4586 3 1738 16 1916 258 0
4587 3 1762 12 1928 244 0
4588 3 1781 12 1927 239 0
4589 3 1800 12 1927 235 0
4590 3 1834 12 1927 235 0
4816 3 1 102 140 384 0
4817 3 1 102 177 452 0
4818 3 16 119 192 469 0
4819 3 16 119 271 469 0
4820 3 58 166 313 516 0
4821 3 138 233 393 583 0
4822 3 217 301 472 651 0
4823 3 296 336 547 645 0
4824 3 374 372 621 639 0
4825 3 414 401 661 668 0
4826 3 453 431 700 698 0
4827 3 484 447 731 714 0
4828 3 514 463 761 730 0
4829 3 544 468 791 735 0
4830 3 573 473 820 740 0
4831 3 598 479 845 746 0
4832 3 622 485 869 752 0
4833 3 622 485 869 752 0
4834 3 654 508 872 724 0
4835 3 668 488 870 672 0
4836 3 670 468 876 674 0
4837 3 674 454 882 666 0
4838 3 670 432 874 642 0
4839 3 654 394 854 602 0
4840 3 620 340 816 546 0
4841 3 576 276 772 478 0
4842 3 528 228 722 424 0
4843 3 488 186 680 380 0
4844 3 458 152 652 346 0
4845 3 440 132 634 328 0
4846 3 428 118 622 312 0
4847 3 382 24 584 208 0
4848 3 382 22 588 208 0
4849 3 374 28 576 208 0
4850 3 368 22 570 204 0
4851 3 362 18 560 198 0
4852 3 360 10 558 190 0
4853 3 356 0 554 180 0
4854 3 352 0 550 176 0
4855 3 343 0 549 173 0
4856 3 334 0 549 171 0
4857 3 326 0 549 168 0
4858 3 317 0 549 166 0
4859 3 308 0 549 163 0
4860 3 305 0 546 164 0
4861 3 302 0 543 164 0
4862 3 299 0 540 164 0
4863 3 296 0 537 165 0
4864 3 293 0 534 165 0
4865 3 290 0 531 165 0
4866 3 287 0 528 166 0
4867 3 284 0 525 166 0
4868 3 282 0 523 166 0
4869 3 280 0 521 167 0
4870 3 278 0 519 167 0
4871 3 276 0 517 167 0
4872 3 274 0 515 167 0
4873 3 272 1 513 168 0
4874 3 271 1 512 168 0
4875 3 269 1 510 168 0
4876 3 267 2 508 169 0
4877 3 265 2 506 169 0
4878 3 263 3 504 170 0
4879 3 261 3 502 170 0
4880 3 259 4 500 171 0
4881 3 257 4 498 171 0
4882 3 255 4 496 171 0
4883 3 254 5 495 172 0
4884 3 252 5 493 172 0
4885 3 238 5 472 182 0
4886 3 224 5 452 192 0
4887 3 209 5 431 202 0
4888 3 195 5 410 212 0
4889 3 195 5 410 271 0
4890 3 193 12 410 271 0
4891 3 192 19 411 271 0
4892 3 190 26 411 271 0
4893 3 188 33 411 271 0
4894 3 188 33 411 271 0
4895 3 189 32 412 270 0
4896 3 189 31 412 269 0
4897 3 190 30 413 268 0
4898 3 190 29 413 267 0
4899 3 191 28 414 266 0
4900 3 191 27 414 265 0
4901 3 192 26 415 264 0
4902 3 192 25 415 263 0
4903 3 193 25 416 263 0
4904 3 193 24 416 262 0
4905 3 194 23 417 261 0
4906 3 194 22 417 260 0
4907 3 195 21 418 259 0
4908 3 195 20 418 258 0
4909 3 196 19 419 257 0
4910 3 196 18 419 256 0
4911 3 197 17 420 255 0
4912 3 197 17 420 255 0
4913 3 198 16 421 254 0
4914 3 198 15 421 253 0
4915 3 199 14 422 252 0
4916 3 199 13 422 251 0
4917 3 200 12 423 250 0
4918 3 200 11 423 249 0
4919 3 198 13 421 251 0
4920 3 196 15 419 253 0
4921 3 194 17 417 255 0
4922 3 191 19 414 257 0
4923 3 189 21 412 259 0
4924 3 187 23 410 261 0
4925 3 185 25 408 263 0
4926 3 183 27 406 265 0
4927 3 181 28 404 266 0
4928 3 173 30 396 268 0
4929 3 166 32 389 270 0
4930 3 159 34 382 272 0
4931 3 151 36 374 274 0
4932 3 144 37 367 275 0
4933 3 136 39 359 277 0
4934 3 129 41 352 279 0
4935 3 129 41 352 279 0
4936 3 142 36 296 232 0
4937 3 126 40 280 236 0
4938 3 104 52 258 248 0
4939 3 80 68 234 262 0
4940 3 54 86 206 280 0
4941 3 26 104 178 298 0
4942 3 0 120 152 312 0
4943 3 0 120 152 332 0
4944 3 0 120 152 352 0
4945 3 0 120 107 352 0
5035 2 156 424 205 512 0
5036 2 156 424 222 512 0
5037 2 156 424 239 512 0
5038 2 181 424 259 512 0
5039 2 205 424 278 512 0
5040 2 222 412 294 508 0
5041 2 218 426 290 522 0
5042 2 216 444 288 542 0
5043 2 212 462 286 560 0
5044 2 222 468 296 564 0
5045 2 232 458 304 550 0
5046 2 242 442 314 534 0
5047 2 256 420 326 514 0
5048 2 270 396 338 490 0
5049 2 282 370 348 466 0
5050 2 314 314 382 406 0
5051 2 308 308 380 408 0
5052 2 298 320 372 414 0
5053 2 280 330 356 432 0
5054 2 262 362 342 460 0
5055 2 262 354 334 446 0
5056 2 270 348 342 436 0
5057 2 288 324 358 414 0
5058 2 322 294 388 388 0
5059 2 360 268 424 364 0
5060 2 396 252 458 350 0
5061 2 442 244 542 334 0
5062 2 460 262 548 354 0
5063 2 470 276 554 370 0
5064 2 488 292 578 382 0
5065 2 512 290 608 378 0
5066 2 546 284 648 370 0
5067 2 584 280 688 366 0
5068 2 612 280 704 366 0
5069 2 616 282 702 372 0
5070 2 596 288 684 382 0
5071 2 560 310 656 396 0
5072 2 512 308 612 390 0
5073 2 464 308 562 388 0
5074 2 396 314 492 394 0
5075 2 318 328 412 406 0
5076 2 254 344 346 422 0
5077 2 208 352 300 428 0
5078 2 176 358 266 434 0
5079 2 152 356 232 446 0
5080 2 146 358 220 440 0
5081 2 142 354 210 438 0
5082 2 150 356 214 440 0
5083 2 142 350 210 438 0
5084 2 144 348 210 436 0
5085 2 138 334 208 426 0
5086 2 134 336 202 430 0
5087 2 132 338 198 432 0
5088 2 120 338 188 430 0
5089 2 120 350 186 438 0
5090 2 110 350 178 434 0
5091 2 96 358 164 436 0
5092 2 82 358 146 436 0
5093 2 66 354 136 438 0
5094 2 50 350 124 438 0
5095 2 44 310 112 418 0
5096 2 50 292 118 392 0
5097 2 48 270 118 376 0
5098 2 42 262 112 364 0
5099 2 40 254 106 352 0
5100 2 30 234 94 332 0
5101 2 16 218 78 318 0
5102 2 0 228 82 326 0
5103 2 0 228 75 329 0
5104 2 0 228 68 333 0
5105 2 0 228 68 333 0
5106 2 0 228 68 333 0
5107 2 0 220 28 316 0
5108 2 4 210 30 306 0
5109 2 10 196 34 292 0
5110 2 0 184 36 280 0
5111 2 0 178 40 276 0
5112 2 0 178 38 276 0
5113 2 0 182 40 282 0
5114 2 0 176 44 276 0
5115 2 1 168 55 268 0
5116 2 14 160 71 262 0
5117 2 21 158 95 260 0
5118 2 41 156 129 260 0
5119 2 73 154 173 258 0
5120 2 127 154 221 258 0
5121 2 146 170 271 276 0
5122 2 212 168 295 279 0
5123 2 227 173 344 266 0
5124 2 276 168 420 248 0
5125 2 374 120 516 234 0
5126 2 410 118 560 238 0
5127 2 452 134 600 254 0
5128 2 480 148 638 284 0
5129 2 492 162 628 278 0
5130 2 514 152 658 274 0
5131 2 554 146 694 266 0
5132 2 570 142 706 250 0
5133 2 590 140 742 252 0
5134 2 630 140 788 258 0
5135 2 632 152 794 286 0
5136 2 660 150 832 282 0
5137 2 694 150 844 276 0
5138 2 704 146 846 276 0
5139 2 712 148 842 276 0
5140 2 728 144 866 280 0
5141 2 742 128 864 260 0
5142 2 728 116 854 256 0
5143 2 730 116 852 256 0
5144 2 738 116 854 258 0
5145 2 758 124 872 258 0
5146 2 782 124 900 262 0
5147 2 786 128 924 284 0
5148 2 814 142 974 282 0
5149 2 816 127 965 328 0
5150 2 904 164 1078 314 0
5151 2 914 168 1073 364 0
5152 2 994 226 1158 382 0
5153 2 1005 242 1122 406 0
5154 2 1053 245 1211 405 0
5155 2 1120 290 1276 450 0
5156 2 1167 306 1338 497 0
5156 3 6 397 175 573 0
5157 2 1228 296 1416 499 0
5157 3 60 419 229 595 0
5158 2 1319 357 1493 545 0
5158 3 132 453 301 629 0
5159 2 1432 408 1591 598 0
5159 3 222 453 435 678 0
5160 2 1555 473 1707 648 0
5160 3 311 495 524 720 0
5161 2 1592 453 1761 691 0
5161 3 357 546 523 720 0
5162 2 1623 460 1831 671 0
5162 3 438 583 604 757 0
5163 2 1652 458 1808 642 0
5163 3 470 620 590 752 0
5164 2 1718 444 1874 650 0
5164 3 507 608 629 733 0
5165 2 1744 442 1882 642 0
5165 3 544 622 656 730 0
5166 2 1707 428 1893 624 0
5166 3 561 614 665 745 0
5167 2 1756 412 1904 630 0
5167 3 574 612 686 726 0
5168 2 1772 406 1918 632 0
5168 3 600 602 692 728 0
5169 2 1772 406 1918 632 0
5169 3 598 602 690 728 0
5170 2 1806 404 1928 650 0
5170 3 594 600 688 726 0
5171 2 1806 404 1928 650 0
5171 3 594 596 686 724 0
5172 2 1832 422 1930 688 0
5172 3 598 584 686 710 0
5173 2 1832 422 1930 688 0
5173 3 594 544 701 706 0
5174 2 1840 358 1914 640 0
5174 3 562 496 676 681 0
5175 2 1836 324 1910 618 0
5175 3 536 442 666 639 0
5176 2 1838 308 1916 608 0
5176 3 494 420 639 610 0
5177 2 1828 312 1912 622 0
5177 3 470 394 615 578 0
5178 2 1824 314 1910 616 0
5178 3 442 378 590 559 0
5179 2 1816 280 1904 594 0
5179 3 404 348 578 546 0
5180 2 1796 256 1900 568 0
5180 3 374 320 524 519 0
5181 2 1786 224 1904 570 0
5181 3 350 284 517 475 0
5182 2 1756 188 1906 524 0
5182 3 336 268 462 408 0
5183 2 1748 158 1912 518 0
5183 3 320 258 438 400 0
5184 2 1732 140 1908 508 0
5184 3 292 264 412 412 0
5185 2 1678 82 1906 482 0
5185 3 274 272 396 420 0
5186 2 1644 102 1904 488 0
5186 3 252 288 374 430 0
5187 2 1628 94 1902 490 0
5187 3 230 294 356 440 0
5188 2 1592 58 1894 504 0
5188 3 212 300 336 446 0
5189 2 1560 56 1880 494 0
5189 3 198 302 318 446 0
5190 2 1524 52 1862 476 0
5190 3 192 300 286 456 0
5191 2 1468 38 1846 470 0
5191 3 178 306 272 462 0
5192 2 1424 14 1818 454 0
5192 3 166 310 262 472 0
5193 2 1342 4 1756 472 0
5193 3 162 320 252 482 0
5194 2 1292 6 1696 470 0
5194 3 144 324 236 488 0
5195 2 1236 12 1572 474 0
5195 3 120 328 212 494 0
5196 2 1162 6 1430 482 0
5196 3 78 322 208 480 0
5197 2 1120 2 1360 488 0
5197 3 74 322 196 480 0
5198 2 914 0 1353 504 0
5198 3 80 320 160 486 0
5199 2 865 2 1304 516 0
5199 3 80 334 156 488 0
5200 2 752 7 1191 521 0
5200 3 88 346 162 508 0
5201 2 632 14 1071 528 0
5201 3 21 372 145 524 0
5202 2 512 21 951 535 0
5202 3 9 404 93 544 0
5203 2 340 24 779 538 0
5203 3 0 434 24 562 0
5204 2 203 51 642 565 0
5205 2 156 53 484 462 0
5206 2 51 53 485 462 0
5207 2 24 93 389 463 0
5208 2 6 70 371 440 0
5209 2 6 70 290 410 0
5210 2 6 70 290 410 0
5211 2 19 82 195 358 0
5212 2 1 82 195 358 0
5213 2 1 82 154 381 0
5214 2 1 82 113 404 0
5215 2 0 108 92 402 0
5245 3 0 279 82 450 0
5246 3 9 266 133 452 0
5247 3 40 274 178 454 0
5248 3 44 281 194 459 0
5249 3 84 292 244 480 0
5250 2 4 235 82 531 0
5250 3 104 304 258 480 0
5251 2 4 235 92 568 0
5251 3 112 308 264 504 0
5252 2 4 235 102 605 0
5252 3 128 312 280 482 0
5253 2 4 235 111 642 0
5253 3 128 308 286 484 0
5254 2 4 235 126 630 0
5254 3 139 303 295 481 0
5255 2 4 235 141 619 0
5255 3 150 298 304 478 0
5256 2 4 235 156 607 0
5256 3 164 295 323 477 0
5257 2 4 235 170 595 0
5257 3 178 292 342 476 0
5258 2 4 235 170 595 0
5258 3 199 284 364 472 0
5259 2 4 235 170 595 0
5259 3 242 274 389 430 0
5260 2 4 235 210 553 0
5260 3 242 268 394 442 0
5261 2 15 215 221 533 0
5261 3 242 262 400 454 0
5262 2 26 195 232 513 0
5262 3 248 250 416 443 0
5263 2 26 195 254 513 0
5263 3 254 238 432 432 0
5264 2 33 178 261 496 0
5264 3 272 226 448 419 0
5265 2 41 161 269 479 0
5265 3 290 214 464 406 0
5266 2 45 154 273 472 0
5266 3 301 205 474 401 0
5267 2 49 148 277 466 0
5267 3 312 196 484 396 0
5268 2 53 141 281 459 0
5268 3 318 186 490 388 0
5269 2 36 141 267 459 0
5269 3 324 176 496 380 0
5270 2 19 141 253 459 0
5270 3 288 166 482 352 0
5271 2 1 141 239 459 0
5271 3 274 160 415 346 0
5272 2 1 141 138 396 0
5272 3 127 173 357 413 0
5273 3 0 168 163 332 0
5335 1 573 254 639 307 0
5336 1 579 246 639 305 0
5337 1 585 238 639 303 0
5338 1 590 230 639 301 0
5339 1 590 224 652 295 0
5340 1 590 217 666 288 0
5341 1 604 217 675 285 0
5342 1 617 217 683 283 0
5343 1 635 217 693 286 0
5344 1 652 217 703 290 0
5345 1 659 217 712 289 0
5346 1 666 217 721 288 0
5347 1 674 217 731 286 0
5348 1 681 217 739 285 0
5349 1 709 237 762 297 0
5350 1 738 257 787 308 0
5351 1 767 247 843 320 0
5352 1 828 257 896 328 0
5353 1 897 267 958 340 0
5354 1 961 306 1032 359 0
5355 1 1016 318 1087 371 0
5356 1 1071 330 1142 383 0
5357 1 1101 328 1181 386 0
5358 1 1147 328 1210 381 0
5359 1 1171 320 1236 385 0
5360 1 1194 313 1260 389 0
5361 1 1199 313 1268 384 0
5362 1 1204 313 1277 379 0
5363 1 1226 313 1277 371 0
5364 1 1226 311 1288 372 0
5365 1 1226 308 1299 371 0
5366 1 1260 308 1299 359 0
5367 1 1260 305 1302 359 0
5368 1 1260 303 1304 360 0
5369 1 1260 300 1307 359 0
5370 1 1260 297 1310 359 0
5371 1 1260 294 1313 359 0
5372 1 1260 291 1316 359 0
5373 1 1260 289 1318 360 0
5374 1 1254 270 1319 336 0
5375 1 1248 252 1319 313 0
5376 1 1252 244 1325 311 0
5377 1 1257 237 1331 310 0
5378 1 1261 230 1337 309 0
5379 1 1265 222 1343 307 0
5380 1 1273 213 1346 299 0
5381 1 1281 203 1349 290 0
5382 1 1289 193 1352 280 0
5383 1 1297 183 1355 271 0
5384 1 1300 183 1356 263 0
5385 1 1302 183 1355 256 0
5386 1 1311 183 1367 256 0
5387 1 1320 183 1378 256 0
5388 1 1329 183 1390 256 0
5389 1 1339 170 1407 242 0
5390 1 1349 156 1425 227 0
5391 1 1360 156 1436 227 0
5392 1 1371 156 1447 227 0
5393 1 1379 155 1450 220 0
5394 1 1388 154 1454 212 0
5395 1 1407 146 1472 209 0
5396 1 1427 139 1490 207 0
5397 1 1427 139 1500 208 0
5398 1 1427 139 1509 210 0
5399 1 1427 139 1518 211 0
5400 1 1427 139 1527 212 0
5401 1 1439 139 1533 221 0
5402 1 1452 139 1540 229 0
5403 1 1464 139 1546 238 0
5404 1 1476 139 1552 246 0
5405 1 1476 145 1552 246 0
5406 1 1476 151 1552 246 0
5407 1 1476 151 1579 236 0
5408 1 1498 151 1578 227 0
5409 1 1498 147 1582 227 0
5410 1 1498 143 1585 227 0
5411 1 1498 138 1588 226 0
5412 1 1498 134 1591 227 0
5413 1 1505 134 1591 220 0
5414 1 1511 134 1591 214 0
5415 1 1518 134 1591 207 0
5416 1 1524 134 1591 201 0
5417 1 1531 134 1591 194 0
5418 1 1538 134 1591 187 0
5419 1 1538 132 1600 188 0
5420 1 1538 129 1609 187 0
5421 1 1538 127 1618 188 0
5422 1 1540 127 1618 193 0
5423 1 1542 127 1618 199 0
5424 1 1545 127 1618 204 0
5425 1 1547 127 1618 210 0
5426 1 1528 154 1591 234 0
5427 1 1491 210 1544 281 0
5428 1 1420 252 1515 357 0
5429 1 1378 330 1436 420 0
5430 1 1349 359 1425 452 0
5431 1 1319 387 1412 482 0
5432 1 1308 404 1391 497 0
5433 1 1297 421 1370 511 0
5434 1 1297 421 1370 511 0
5435 1 1297 421 1370 511 0
5436 1 1297 421 1370 511 0
5437 1 1270 424 1334 498 0
5438 1 1274 434 1338 508 0
5439 1 1266 446 1328 522 0
5440 1 1254 454 1322 534 0
5441 1 1242 470 1308 548 0
5442 1 1230 494 1294 572 0
5443 1 1222 502 1290 592 0
5444 1 1218 520 1284 598 0
5445 1 1210 520 1280 612 0
5446 1 1210 516 1278 612 0
5447 1 1210 514 1278 614 0
5448 1 1208 510 1278 608 0
5449 1 1208 508 1276 600 0
5450 1 1206 500 1276 588 0
5451 1 1204 494 1272 584 0
5452 1 1206 494 1272 584 0
5453 1 1208 482 1272 580 0
5454 1 1208 480 1272 578 0
5455 1 1208 476 1272 576 0
5456 1 1210 468 1278 556 0
5457 1 1226 438 1308 526 0
5458 1 1242 414 1324 500 0
5459 1 1272 378 1354 466 0
5460 1 1300 336 1380 424 0
5461 1 1326 296 1406 384 0
5462 1 1346 249 1436 332 0
5466 2 0 14 220 207 0
5467 2 0 14 220 207 0
5468 2 0 14 220 207 0
5469 2 0 14 220 207 0
5470 2 0 14 220 207 0
5471 2 0 14 220 207 0
5472 2 0 14 220 207 0
5473 2 0 14 220 207 0
5474 2 0 14 220 207 0
5475 2 0 14 220 207 0
5476 2 0 14 220 207 0
5477 2 0 14 220 207 0
5478 2 0 14 220 207 0
5479 2 0 14 220 345 0
5480 2 0 14 218 355 0
5481 2 0 14 215 364 0
5482 2 0 14 213 374 0
5483 2 0 14 210 384 0
5484 2 0 14 208 394 0
5485 1 1403 132 1474 249 0
5485 2 0 14 206 404 0
5486 1 1403 132 1474 249 0
5486 2 0 14 203 413 0
5487 1 1403 132 1474 249 0
5487 2 0 14 201 423 0
5488 1 1403 132 1474 249 0
5488 2 0 14 199 433 0
5489 1 1398 148 1470 248 0
5489 2 0 14 196 443 0
5490 1 1398 148 1470 248 0
5490 2 0 14 194 453 0
5491 1 1406 148 1480 252 0
5491 2 0 14 192 463 0
5492 1 1410 142 1482 256 0
5492 2 0 14 189 472 0
5493 1 1412 144 1484 256 0
5493 2 0 14 187 482 0
5494 1 1414 146 1488 256 0
5494 2 0 14 185 492 0
5495 1 1416 156 1490 266 0
5495 2 0 14 182 502 0
5496 1 1418 170 1492 280 0
5496 2 0 14 180 512 0
5497 1 1426 196 1498 298 0
5497 2 0 14 178 521 0
5498 1 1430 212 1500 312 0
5498 2 0 14 175 531 0
5499 1 1430 214 1504 326 0
5499 2 0 14 173 541 0
5500 1 1430 214 1508 326 0
5500 2 0 14 171 551 0
5501 1 1426 214 1504 326 0
5501 2 0 14 168 561 0
5502 1 1428 214 1510 324 0
5502 2 0 17 167 555 0
5503 1 1428 210 1506 320 0
5503 2 0 20 165 549 0
5504 1 1434 202 1514 318 0
5504 2 0 24 164 544 0
5505 1 1438 192 1520 312 0
5505 2 0 27 162 538 0
5506 1 1434 182 1516 306 0
5506 2 0 30 160 532 0
5507 1 1430 172 1510 294 0
5507 2 0 34 159 527 0
5508 1 1428 172 1510 290 0
5508 2 0 37 157 521 0
5509 1 1424 168 1508 290 0
5509 2 0 40 156 515 0
5510 1 1418 174 1504 296 0
5510 2 0 44 154 510 0
5511 1 1412 192 1502 316 0
5511 2 0 47 153 504 0
5512 1 1400 198 1488 328 0
5512 2 0 50 151 498 0
5513 1 1392 208 1486 340 0
5513 2 0 54 149 493 0
5514 1 1382 236 1474 360 0
5514 2 0 57 148 487 0
5515 1 1374 246 1466 378 0
5515 2 0 60 146 482 0
5516 1 1352 280 1472 408 0
5516 2 0 75 146 497 0
5517 1 1350 314 1448 450 0
5517 2 0 89 147 511 0
5518 1 1330 338 1444 462 0
5518 2 0 104 147 526 0
5519 1 1326 356 1420 484 0
5519 2 0 118 147 540 0
5520 1 1312 376 1420 494 0
5520 2 0 133 148 555 0
5521 1 1298 392 1410 504 0
5521 2 0 147 148 569 0
5522 1 1286 398 1404 516 0
5522 2 0 162 148 584 0
5523 1 1278 402 1396 524 0
5523 2 0 176 148 598 0
5524 1 1270 404 1390 524 0
5524 2 0 190 149 612 0
5525 1 1256 410 1378 534 0
5525 2 0 195 148 617 0
5526 1 1240 412 1370 536 0
5526 2 0 200 148 622 0
5527 1 1232 412 1356 538 0
5527 2 0 205 147 627 0
5528 1 1224 420 1344 538 0
5528 2 0 210 147 632 0
5529 1 1216 424 1340 546 0
5529 2 0 215 146 637 0
5530 1 1202 428 1334 550 0
5530 2 0 220 146 642 0
5531 1 1190 430 1322 560 0
5531 2 0 225 145 647 0
5532 1 1176 434 1308 554 0
5532 2 0 230 145 652 0
5533 1 1162 440 1298 568 0
5533 2 0 235 144 657 0
5534 1 1152 440 1288 572 0
5534 2 0 240 144 662 0
5535 1 1140 440 1270 570 0
5535 2 0 240 144 662 0
5536 1 1118 438 1264 572 0
5537 1 1104 436 1258 574 0
5538 1 1086 440 1238 572 0
5539 1 1068 436 1222 576 0
5540 1 1046 440 1200 572 0
5541 1 1028 432 1184 578 0
5542 1 1002 434 1162 576 0
5543 1 992 434 1148 578 0
5544 1 972 424 1128 560 0
5545 1 954 422 1110 560 0
5546 1 926 414 1084 558 0
5547 1 908 416 1074 548 0
5548 1 878 406 1042 550 0
5549 1 844 396 1014 546 0
5550 1 806 396 980 538 0
5551 1 774 388 948 542 0
5552 1 712 370 920 536 0
5553 1 672 366 882 538 0
5554 1 632 366 840 534 0
5555 1 592 348 792 522 0
5556 1 558 348 736 502 0
5557 1 502 320 708 490 0
5558 1 450 312 630 460 0
5559 1 394 288 574 426 0
5560 1 324 270 512 414 0
5561 1 260 244 438 390 0
5562 1 196 226 372 374 0
5563 1 138 194 306 350 0
5564 1 86 192 254 350 0
5565 1 36 194 196 354 0
5566 1 0 190 146 352 0
5567 1 0 190 146 352 0
5588 3 1766 792 1920 1076 0
5589 3 1717 792 1920 1076 0
5590 3 1668 792 1920 1076 0
5591 3 1626 792 1920 1076 0
5592 3 1601 777 1919 1076 0
5593 3 1592 740 1920 1076 0
5594 3 1567 696 1920 1076 0
5595 3 1551 664 1920 1076 0
5596 3 1535 632 1920 1076 0
5597 3 1528 622 1878 1026 0
5598 3 1512 596 1872 1008 0
5599 3 1488 568 1854 1018 0
5600 3 1470 554 1844 1014 0
5601 3 1456 524 1840 1006 0
5602 3 1444 502 1838 988 0
5603 3 1436 482 1838 970 1
5604 3 1456 464 1836 966 1
5605 3 1452 450 1834 958 1
5606 3 1454 438 1834 946 1
5607 3 1454 402 1836 908 1
5608 3 1454 394 1836 896 1
5609 3 1442 380 1838 886 1
5610 3 1448 358 1834 880 1
5611 3 1448 308 1838 838 1
5612 3 1454 302 1836 814 1
5613 3 1452 276 1828 810 1
5614 3 1456 276 1830 804 1
5615 3 1440 290 1858 776 1
5616 3 1448 294 1866 772 1
5617 3 1450 298 1874 778 1
5618 3 1484 300 1848 816 1
5619 3 1494 306 1860 812 1
5620 3 1500 310 1874 818 1
5621 3 1508 320 1876 812 1
5622 3 1526 310 1890 850 1
5623 3 1532 320 1890 830 1
5624 3 1548 336 1894 830 1
5625 3 1554 346 1900 816 1
5626 3 1562 356 1904 820 1
5627 3 1572 360 1908 812 1
5628 3 1578 360 1912 816 1
5629 3 1594 370 1930 808 1
5630 3 1622 370 1917 837 1
5631 3 1655 358 1929 838 1
5632 3 1669 358 1929 826 1
5633 3 1707 350 1921 815 1
5634 3 1723 330 1920 799 1
5635 3 1740 311 1921 785 1
5636 3 1756 291 1920 769 1
5637 3 1772 291 1920 769 1
5638 3 1788 291 1920 769 1
5639 3 1804 291 1920 769 1
5640 3 1820 291 1920 769 1
5641 3 1820 291 1920 769 1
5642 3 1820 291 1920 769 1
5757 3 1847 316 1918 622 1
5758 3 1817 316 1917 622 1
5759 3 1744 378 1918 664 1
5760 3 1684 362 1915 687 1
5761 3 1640 384 1874 673 1
5762 3 1624 442 1870 708 1
5763 3 1618 448 1858 692 1
5764 3 1618 399 1884 697 1
5765 3 1602 460 1842 708 1
5766 3 1560 456 1802 712 1
5767 3 1518 462 1758 716 1
5768 3 1474 462 1720 722 1
5769 3 1438 470 1692 728 1
5770 3 1420 472 1670 728 1
5771 3 1384 472 1646 738 1
5772 3 1362 500 1630 754 1
5773 3 1330 500 1604 766 1
5774 3 1294 506 1568 770 1
5775 3 1266 512 1542 770 1
5776 3 1246 520 1518 770 1
5777 3 1220 522 1496 780 1
5778 3 1206 522 1480 776 1
5779 3 1184 522 1462 780 1
5780 3 1164 526 1434 798 1
5781 3 1148 530 1420 814 1
5782 3 1130 544 1404 812 1
5783 3 1102 568 1404 844 1
5784 3 1100 586 1398 858 1
5785 3 1096 584 1372 864 1
5786 3 1098 592 1372 882 1
5787 3 1100 596 1376 888 1
5788 3 1096 594 1372 892 1
5789 3 1092 594 1372 888 1
5790 3 1094 592 1374 890 1
5791 3 1088 594 1372 892 1
5792 3 1078 594 1366 888 1
5793 3 1062 592 1374 980 1
5794 3 1074 640 1362 922 1
5795 3 1068 642 1356 928 1
5796 3 1052 620 1374 994 1
5797 3 1050 616 1372 990 1
5798 3 1048 614 1372 988 1
5799 3 1042 614 1372 990 1
5800 3 1052 638 1354 932 1
5801 3 1030 616 1364 994 1
5802 3 1024 636 1352 1006 1
5803 3 1040 680 1340 966 1
5804 3 1040 688 1340 978 1
5805 3 1036 700 1338 986 1
5806 3 1034 718 1338 1002 1
5807 3 1032 738 1338 1014 1
5808 3 1032 756 1342 1024 1
5809 3 1036 776 1348 1038 1
5810 3 1068 800 1382 1092 1
5811 3 1068 800 1382 1092 1
5812 3 1084 836 1382 1092 1
5813 3 1084 850 1390 1088 1
5814 2 1839 451 1919 752 0
5814 3 1084 864 1398 1084 1
5815 2 1828 485 1921 786 0
5815 3 1084 878 1407 1080 1
5816 2 1817 519 1922 820 0
5816 3 1084 892 1415 1076 1
5817 2 1815 543 1922 821 0
5817 3 1084 914 1415 1075 1
5818 2 1812 567 1922 821 0
5818 3 1084 936 1415 1075 1
5819 2 1810 590 1922 820 0
5819 3 1084 950 1394 1076 1
5820 2 1810 607 1922 832 0
5820 3 1084 951 1382 1076 0
5821 2 1810 623 1922 843 0
5821 3 1084 952 1371 1076 0
5822 2 1810 639 1922 854 0
5822 3 1084 952 1359 1075 0
5823 2 1780 639 1922 894 0
5823 3 1084 953 1348 1076 0
5824 2 1786 692 1910 930 0
5824 3 1084 954 1336 1076 0
5825 2 1784 686 1908 914 0
5825 3 1084 928 1349 1075 0
5826 2 1784 688 1908 904 0
5826 3 1084 903 1362 1076 0
5827 2 1788 688 1910 900 0
5827 3 1084 878 1375 1076 0
5828 2 1786 684 1910 902 0
5828 3 1084 852 1389 1076 0
5829 2 1788 672 1914 896 0
5829 3 1084 827 1402 1076 0
5830 2 1794 658 1916 892 0
5830 3 1084 801 1415 1075 0
5831 2 1800 634 1922 876 0
5831 3 1075 740 1403 1050 0
5832 2 1800 634 1922 876 0
5832 3 1066 679 1392 1024 0
5833 2 1810 604 1920 832 0
5833 3 1066 679 1392 1024 0
5834 2 1810 604 1920 832 0
5834 3 1126 595 1366 977 0
5835 2 1824 550 1926 778 0
5835 3 1158 559 1372 903 0
5836 2 1824 550 1926 778 0
5836 3 1148 512 1399 901 0
5837 2 1824 528 1920 752 0
5837 3 1160 450 1458 824 0
5838 2 1824 528 1920 752 0
5838 3 1172 456 1460 740 0
5839 2 1830 496 1924 738 0
5839 3 1166 436 1456 738 0
5840 2 1830 496 1924 738 0
5840 3 1176 448 1460 744 0
5841 2 1832 504 1922 754 0
5841 3 1182 486 1468 772 0
5842 2 1832 504 1922 754 0
5842 3 1200 506 1478 790 0
5843 2 1824 534 1910 772 0
5843 3 1190 552 1456 840 0
5844 2 1820 536 1914 778 0
5844 3 1182 618 1454 894 0
5845 2 1818 544 1914 794 0
5845 3 1162 618 1452 924 0
5846 2 1816 562 1912 820 0
5846 3 1156 692 1450 986 0
5847 2 1812 578 1912 832 0
5847 3 1150 768 1444 1050 0
5848 2 1806 610 1904 862 0
5848 3 1146 679 1438 1085 0
5849 2 1798 608 1918 893 0
5849 3 1071 718 1437 1085 0
5850 2 1790 620 1903 853 0
5850 3 1063 765 1437 1085 0
5851 2 1790 632 1920 874 0
5851 3 1054 811 1437 1085 0
5852 2 1778 684 1918 904 0
5852 3 1046 858 1437 1085 0
5853 2 1792 716 1910 948 0
5853 3 1037 904 1437 1085 0
5854 2 1794 724 1908 940 0
5854 3 1021 906 1421 1087 0
5855 2 1782 718 1920 936 0
5855 3 1005 908 1405 1089 0
5856 2 1782 718 1920 936 0
5856 3 988 910 1388 1091 0
5857 2 1782 718 1920 936 0
5857 3 972 912 1372 1093 0
5858 2 1782 718 1920 936 0
5858 3 956 914 1356 1095 0
5859 2 1782 718 1920 936 0
5859 3 941 930 1322 1087 0
5860 2 1782 718 1920 936 0
5860 3 927 946 1290 1080 0
5861 2 1722 698 1876 860 0
5861 3 898 933 1267 1082 0
5862 2 1718 690 1854 874 0
5862 3 869 919 1244 1083 0
5863 2 1704 690 1844 848 0
5863 3 840 906 1221 1085 0
5864 2 1678 678 1834 836 0
5864 3 811 892 1198 1085 0
5865 2 1656 666 1820 838 0
5865 3 776 868 1163 1061 0
5866 2 1644 660 1790 804 0
5866 3 740 843 1127 1036 0
5867 2 1612 646 1772 804 0
5867 3 711 822 1128 1036 0
5868 2 1572 626 1742 808 0
5868 3 681 801 1127 1036 0
5869 2 1552 622 1724 766 0
5869 3 630 782 1078 1042 0
5870 2 1520 612 1698 764 0
5870 3 580 762 1029 1046 0
5871 2 1496 588 1672 744 0
5871 3 529 743 980 1052 0
5872 2 1456 586 1650 744 0
5872 3 498 739 949 1048 0
5873 2 1446 590 1620 738 0
5873 3 468 735 919 1044 0
5874 2 1428 600 1616 760 0
5874 3 447 748 898 1057 0
5875 2 1422 608 1604 768 0
5875 3 427 761 878 1070 0
5876 2 1412 630 1594 794 0
5876 3 406 774 857 1083 0
5877 2 1408 648 1578 822 0
5877 3 394 795 847 1082 0
5878 2 1402 670 1580 836 0
5878 3 382 815 836 1081 0
5879 2 1394 672 1570 826 0
5879 3 370 836 826 1081 0
5880 2 1374 660 1562 820 0
5880 3 355 851 810 1080 0
5881 2 1358 664 1554 820 0
5881 3 340 865 793 1078 0
5882 2 1354 652 1552 804 0
5882 3 331 857 784 1077 0
5883 2 1352 634 1550 792 0
5883 3 322 848 775 1076 0
5884 2 1352 614 1552 780 0
5884 3 312 839 765 1074 0
5885 2 1360 598 1558 760 0
5885 3 303 831 756 1073 0
5886 2 1368 568 1562 740 0
5886 3 303 777 729 1073 0
5887 2 1378 548 1568 712 0
5887 3 303 723 702 1073 0
5888 2 1404 510 1598 688 0
5888 3 303 669 675 1073 0
5889 2 1426 476 1624 656 0
5889 3 306 631 678 1035 0
5890 2 1458 448 1658 628 0
5890 3 308 593 680 997 0
5891 2 1504 412 1704 588 0
5891 3 358 549 730 953 0
5892 2 1554 394 1752 556 0
5892 3 409 506 781 910 0
5893 2 1630 380 1800 534 0
5893 3 459 462 831 866 0
5894 2 1688 362 1854 516 0
5894 3 509 419 881 823 0
5895 2 1721 342 1883 518 0
5895 3 584 397 956 801 0
5896 2 1721 342 1883 518 0
5896 3 659 374 1031 778 0
5897 2 1815 336 1910 544 0
5897 3 712 378 1084 782 0
5898 3 765 382 1137 786 0
5899 3 809 355 1181 759 0
5900 3 875 322 1247 726 0
5901 3 941 289 1313 693 0
5902 3 1008 241 1380 645 0
5903 3 1074 193 1446 597 0
5904 3 1128 171 1500 575 0
5905 3 1182 149 1554 553 0
5906 3 1242 148 1614 552 0
5907 3 1302 146 1674 550 0
5908 3 1365 145 1737 549 0
5909 3 1427 144 1799 548 0
5910 3 1471 152 1843 556 0
5911 3 1515 161 1887 565 0
5912 3 1546 161 1888 551 0
5913 3 1577 161 1888 536 0
5914 3 1662 200 1924 476 0
5915 3 1662 200 1924 476 0
5916 3 1704 214 1936 468 0
5917 3 1704 214 1936 468 0
5918 3 1734 218 1930 492 0
5919 3 1734 218 1930 492 0
5920 3 1760 222 1932 502 0
5921 3 1785 222 1931 493 0
5922 3 1810 222 1931 485 0
5967 3 1842 232 1932 553 0
5968 3 1817 232 1932 553 0
5969 3 1793 232 1932 553 0
5970 3 1778 232 1919 542 0
5971 3 1763 232 1905 531 0
5972 3 1763 232 1905 531 0
5973 3 1763 232 1905 531 0
5974 3 1763 232 1905 531 0
5975 3 1763 232 1905 531 0
5976 3 1726 210 1914 498 0
5977 3 1732 206 1918 494 0
5978 3 1732 208 1918 494 0
5979 3 1738 216 1918 500 0
5980 3 1749 216 1917 500 0
5981 3 1761 216 1917 500 0
5982 3 1772 216 1917 500 0
5983 3 1784 216 1917 500 0
5984 3 1795 216 1917 500 0
5985 3 1795 216 1917 500 0
6221 3 1812 119 1912 558 0
6222 3 1779 119 1912 558 0
6223 3 1746 119 1912 558 0
6224 3 1722 119 1913 558 0
6225 3 1697 119 1912 558 0
6226 3 1686 119 1912 558 0
6227 3 1675 119 1913 558 0
6228 3 1656 160 1912 558 0
6229 3 1648 170 1910 560 0
6230 3 1648 170 1910 560 0
6231 3 1644 186 1900 572 0
6232 3 1646 180 1908 554 0
6233 3 1646 184 1906 554 0
6234 3 1644 188 1900 558 0
6235 3 1648 198 1910 558 0
6236 3 1650 210 1912 568 0
6237 3 1652 226 1910 624 0
6238 3 1648 236 1902 640 0
6239 3 1632 254 1886 658 0
6240 3 1614 268 1870 674 0
6241 3 1598 276 1854 684 0
6242 3 1584 278 1842 688 0
6243 3 1576 276 1834 688 0
6244 3 1570 268 1832 684 0
6245 3 1566 260 1830 680 0
6246 3 1634 234 1916 602 0
6247 3 1634 236 1918 602 0
6248 3 1631 236 1917 613 0
6249 3 1629 236 1917 625 0
6250 3 1627 236 1917 636 0
6251 3 1625 236 1917 648 0
6252 3 1623 236 1917 659 0
6253 3 1665 236 1917 659 0
6254 3 1707 236 1917 659 0
6255 3 1749 236 1917 659 0
6480 3 1820 487 1927 747 0
6481 3 1807 471 1927 747 0
6482 3 1795 455 1927 747 0
6483 3 1795 455 1927 747 0
6484 3 1780 468 1908 698 0
6485 3 1778 460 1910 688 0
6486 3 1778 446 1914 672 0
6487 3 1776 434 1914 664 0
6488 3 1776 426 1914 662 0
6489 3 1778 424 1916 664 0
6490 3 1786 424 1920 666 0
6491 3 1762 424 1919 666 0
6492 3 1738 424 1919 666 0
6493 3 1714 424 1919 666 0
6494 3 1690 424 1919 666 0
6495 3 1634 450 1860 676 0
6496 3 1612 460 1838 664 0
6497 3 1588 458 1824 662 0
6498 3 1574 452 1824 676 0
6499 3 1580 444 1828 670 0
6500 3 1598 440 1832 654 0
6501 3 1628 426 1870 648 0
6502 3 1664 406 1904 626 0
6503 3 1718 378 1954 596 0
6504 3 1718 330 1918 595 0
6505 3 1805 330 1917 572 0
7653 2 1830 460 1918 668 0
7654 2 1771 460 1918 668 0
7655 2 1739 460 1905 646 0
7656 2 1739 460 1905 646 0
7657 2 1678 452 1830 594 0
7658 2 1662 432 1826 588 0
7659 2 1614 446 1812 610 0
7660 2 1582 426 1788 602 0
7661 2 1552 424 1760 600 0
7662 2 1534 420 1736 588 0
7663 2 1524 418 1714 588 0
7664 2 1518 420 1708 588 0
7665 2 1500 414 1698 578 0
7666 2 1506 420 1698 578 0
7667 2 1512 416 1706 576 0
7668 2 1542 408 1734 574 0
7669 2 1572 398 1770 564 0
7670 2 1612 390 1828 558 0
7671 2 1690 386 1902 552 0
7672 2 1758 368 1968 532 0
7673 2 1758 368 1920 546 0
7674 2 1820 347 1920 545 0
7698 2 1848 36 1910 246 0
7699 2 1812 50 1912 244 0
7700 2 1814 38 1912 246 0
7701 2 1804 34 1923 232 0
7704 3 1790 9 1917 347 0
7705 3 1709 9 1917 308 0
7706 3 1569 9 1917 266 0
7707 3 1415 9 1797 340 0
7708 3 1273 9 1698 343 0
7709 3 1130 9 1598 347 0
7710 3 1047 9 1515 347 0
7711 3 968 11 1436 349 0
7712 3 843 21 1311 359 0
7713 3 784 21 1311 343 0
7714 3 725 21 1311 327 0
7715 2 1192 19 1371 198 0
7715 3 635 21 1312 330 0
7716 2 1144 19 1335 237 0
7716 3 544 21 1312 332 0
7717 2 1096 19 1299 276 0
7717 3 481 15 1206 330 0
7718 2 1096 19 1299 315 0
7718 3 418 8 1100 327 0
7719 2 1012 19 1274 369 0
7719 3 356 2 995 325 0
7720 2 949 4 1270 354 0
7720 3 315 0 911 324 0
7721 2 949 4 1270 354 0
7721 3 285 12 938 430 0
7722 2 949 4 1270 354 0
7722 3 228 9 904 467 0
7723 2 949 4 1270 354 0
7723 3 181 9 755 445 0
7724 2 812 0 1232 336 0
7724 3 144 8 718 444 0
7725 2 812 0 1232 336 0
7725 3 108 8 682 444 0
7726 2 828 0 1244 346 0
7726 3 72 7 646 443 0
7727 2 828 0 1244 346 0
7727 3 35 7 609 443 0
7728 2 816 0 1234 330 0
7728 3 0 6 573 442 0
7729 2 816 0 1234 330 0
7729 3 0 6 491 430 0
7730 2 706 0 1120 322 0
7730 3 0 6 410 418 0
7731 2 706 0 1120 322 0
7731 3 0 6 328 405 0
7732 2 699 16 1125 314 0
7732 3 0 6 328 405 0
7733 2 699 16 1125 314 0
7733 3 0 6 328 405 0
7734 2 685 0 1085 324 0
7735 2 685 0 1085 324 0
7736 2 602 0 1006 326 0
7737 2 600 2 996 330 0
7738 2 594 4 992 328 0
7739 2 590 4 998 334 0
7740 2 596 6 1002 338 0
7741 2 616 8 1018 344 0
7742 2 648 8 1038 346 0
7743 2 686 6 1066 350 0
7744 2 704 12 1122 338 0
7745 2 722 0 1142 324 0
7746 2 774 2 1194 328 0
7747 2 826 7 1246 333 0
7748 2 879 12 1299 338 0
7749 2 987 0 1407 321 0
7750 2 1200 0 1620 322 0
7751 2 1413 0 1833 324 0
7752 2 1615 0 1910 316 0
7785 3 1076 4 1561 80 0
7786 3 1076 4 1561 112 0
7787 3 1076 4 1561 145 0
7788 3 1076 4 1561 178 0
7789 3 1115 5 1600 189 0
7790 3 1153 6 1638 199 0
7791 3 1192 6 1677 209 0
7792 3 1259 1 1756 213 0
7793 3 1327 0 1835 217 0
7794 3 1395 0 1915 220 0
7795 3 1457 0 1915 220 0
7796 3 1518 0 1915 220 0
7797 3 1549 0 1915 220 0
7798 3 1579 0 1915 220 0
7799 3 1504 0 1840 227 0
7800 3 1429 4 1765 234 0
7801 3 1354 11 1690 241 0
7802 3 1165 16 1501 246 0
7803 3 750 14 1361 244 0
7804 3 500 6 1111 236 0
7805 3 178 6 798 285 0
7806 3 1 14 435 225 0
7828 2 1822 328 1922 512 0
7829 2 1783 328 1922 512 0
7830 2 1744 328 1923 512 0
7831 2 1687 296 1922 511 0
7832 2 1589 274 1824 489 0
7833 2 1530 271 1765 486 0
7834 2 1415 276 1589 491 0
7835 2 1317 338 1476 499 0
7836 2 1258 323 1437 475 0
7837 2 1110 340 1338 490 0
7838 2 1044 332 1278 474 0
7839 2 980 326 1214 466 0
7840 2 908 320 1154 476 0
7841 2 852 314 1100 466 0
7842 2 806 296 1054 448 0
7843 2 746 288 1002 444 0
7844 2 684 276 938 428 0
7845 2 624 280 868 426 0
7846 2 598 284 848 452 0
7847 2 572 302 818 466 0
7848 2 572 306 826 522 0
7849 2 580 330 830 522 0
7850 2 590 346 858 556 0
7851 2 620 364 874 544 0
7852 2 656 368 906 544 0
7853 2 694 356 934 530 0
7854 2 726 362 976 548 0
7855 2 756 368 1010 552 0
7856 2 788 392 1044 584 0
7857 2 790 402 1062 604 0
7858 2 806 396 1080 618 0
7859 2 830 404 1100 642 0
7860 2 854 430 1134 688 0
7861 2 868 438 1148 696 0
7862 2 884 444 1148 698 0
7863 2 882 446 1152 706 0
7864 2 886 460 1164 712 0
7865 2 892 468 1158 714 0
7866 2 912 480 1178 708 0
7867 2 924 488 1190 708 0
7868 2 932 492 1214 722 0
7869 2 946 494 1242 760 0
7870 2 990 506 1282 760 0
7871 2 1008 504 1306 754 0
7872 2 1038 504 1342 764 0
7873 2 1074 514 1390 758 0
7874 2 1132 510 1420 750 0
7875 2 1182 510 1478 746 0
7876 2 1232 504 1518 748 0
7877 2 1250 510 1546 756 0
7878 2 1270 528 1558 794 0
7879 1 809 865 853 943 0
7879 2 1292 542 1584 806 0
7880 1 809 861 858 939 0
7880 2 1312 548 1596 828 0
7881 1 809 857 864 935 0
7881 2 1318 560 1606 862 0
7882 1 809 853 870 931 0
7882 2 1330 568 1620 858 0
7883 1 809 849 876 927 0
7883 2 1354 562 1644 862 0
7884 1 809 845 881 923 0
7884 2 1376 566 1660 848 0
7885 1 809 841 887 919 0
7885 2 1392 552 1680 846 0
7886 1 815 841 890 917 0
7886 2 1400 558 1682 842 0
7887 1 821 841 892 916 0
7887 2 1400 564 1688 860 0
7888 1 827 841 895 914 0
7888 2 1404 570 1690 868 0
7889 1 833 841 898 912 0
7889 2 1408 570 1694 868 0
7890 1 839 841 901 911 0
7890 2 1412 572 1698 872 0
7891 1 845 841 903 909 0
7891 2 1436 574 1714 848 0
7892 1 851 841 906 908 0
7892 2 1444 578 1716 852 0
7893 1 857 841 909 906 0
7893 2 1442 574 1724 860 0
7894 1 863 841 912 904 0
7894 2 1444 570 1728 862 0
7895 1 868 837 916 900 0
7895 2 1442 566 1726 866 0
7896 1 874 834 922 897 0
7896 2 1444 558 1730 862 0
7897 1 880 830 928 893 0
7897 2 1446 546 1730 848 0
7898 1 885 827 932 890 0
7898 2 1446 540 1730 840 0
7899 1 891 823 938 886 0
7899 2 1450 532 1734 832 0
7900 1 896 820 942 883 0
7900 2 1470 514 1732 782 0
7901 1 902 816 948 879 0
7901 2 1472 510 1736 772 0
7902 1 902 816 967 879 0
7902 2 1472 514 1734 790 0
7903 1 902 816 985 879 0
7903 2 1472 514 1736 786 0
7904 1 928 836 958 874 0
7904 2 1468 516 1736 796 0
7905 1 932 840 962 878 0
7905 2 1464 516 1730 790 0
7906 1 936 842 966 880 0
7906 2 1466 516 1730 776 0
7907 1 934 842 1012 890 0
7907 2 1446 510 1726 804 0
7908 1 930 840 1003 887 0
7908 2 1442 510 1716 802 0
7909 1 924 840 1015 878 0
7909 2 1434 512 1704 802 0
7910 1 949 831 1002 889 0
7910 2 1426 512 1692 800 0
7911 1 951 842 1009 890 0
7911 2 1418 514 1680 800 0
7912 1 941 844 1002 885 0
7912 2 1356 502 1662 786 0
7913 1 939 831 1002 887 0
7913 2 1342 500 1642 782 0
7914 1 939 824 980 877 0
7914 2 1318 502 1612 782 0
7915 2 1282 500 1570 778 0
7916 2 1152 494 1517 814 0
7917 2 1015 482 1453 816 0
7918 2 927 414 1365 733 0
7919 2 838 365 1257 701 0
7920 2 657 338 1135 663 0
7921 2 522 279 1015 623 0
7922 2 382 242 903 676 0
7923 2 244 286 805 632 0
7924 2 168 213 580 684 0
7925 2 124 232 514 706 0
7926 2 51 216 465 698 0
7927 2 24 214 374 671 0
7928 2 6 214 381 681 0
7929 2 0 280 302 716 0
7930 2 0 280 302 716 0
7931 2 0 310 260 680 0
7932 2 0 310 260 680 0
7933 2 6 340 260 714 0
7934 2 6 362 266 728 0
7935 2 2 388 250 772 0
7936 2 0 412 244 794 0
7937 2 0 412 231 790 0
7938 2 0 412 219 786 0
7939 2 0 412 207 783 0
7940 2 0 412 195 779 0
7941 2 0 412 183 775 0
7942 2 0 412 171 772 0
7943 2 0 412 158 768 0
7944 2 0 412 146 765 0
7945 2 0 401 148 756 0
7946 2 0 390 149 748 0
7947 2 0 379 150 739 0
7948 2 0 368 152 730 0
7949 2 0 357 153 722 0
7950 2 0 346 155 713 0
7951 2 0 335 156 705 0
7952 2 0 316 155 686 0
7953 2 0 296 154 666 0
7954 2 0 280 156 650 0
7955 2 0 263 158 633 0
7956 2 2 247 160 617 0
7957 2 3 239 161 609 0
7958 2 4 232 162 602 0
7959 2 5 224 163 594 0
7960 2 5 217 163 587 0
7961 2 6 209 164 579 0
7962 1 562 625 623 690 0
7962 2 7 201 165 571 0
7963 1 551 614 615 674 0
7963 2 8 194 166 564 0
7964 1 539 602 606 657 0
7964 2 8 186 166 556 0
7965 1 537 602 603 656 0
7965 2 9 179 167 549 0
7966 1 535 602 600 655 0
7966 2 10 171 168 541 0
7967 1 533 602 596 654 0
7967 2 10 171 168 541 0
7968 1 531 602 593 653 0
7968 2 10 171 168 541 0
7969 1 529 602 590 652 0
7969 2 10 171 168 541 0
7970 1 527 602 587 651 0
7970 2 10 171 168 541 0
7971 1 525 602 584 651 0
7971 2 10 171 168 541 0
7972 1 526 602 582 647 0
7972 2 10 171 168 541 0
7973 1 526 602 579 644 0
7973 2 10 171 168 541 0
7974 1 526 602 576 641 0
7974 2 10 171 168 541 0
7975 1 527 602 574 637 0
7975 2 10 171 168 541 0
7976 1 527 602 571 634 0
7976 2 0 150 164 546 0
7977 1 526 610 571 644 0
7977 2 0 164 170 554 0
7978 1 526 617 572 653 0
7978 2 0 164 170 554 0
7979 1 525 625 572 663 0
7979 2 8 180 188 550 0
7980 1 532 634 575 672 0
7980 2 8 186 194 540 0
7981 1 539 644 579 682 0
7981 2 2 176 218 576 0
7982 1 546 653 582 691 0
7982 2 0 180 224 576 0
7983 1 546 653 582 691 0
7983 2 0 176 224 572 0
7984 1 546 653 582 691 0
7984 2 0 168 230 570 0
7985 2 0 160 230 560 0
7986 2 2 154 238 552 0
7987 2 4 150 242 558 0
7988 2 2 152 248 560 0
7989 2 2 158 252 566 0
7990 2 4 170 258 576 0
7991 2 8 180 272 582 0
7992 2 10 176 284 584 0
7993 2 12 184 298 592 0
7994 2 8 182 328 602 0
7995 2 6 202 320 614 0
7996 2 2 188 320 618 0
7997 2 4 184 326 610 0
7998 2 2 180 330 616 0
7999 2 8 184 338 618 0
8000 2 12 186 348 620 0
8001 2 12 172 356 594 0
8002 2 6 186 344 622 0
8003 2 4 192 340 620 0
8004 2 4 190 340 618 0
8005 2 2 194 334 624 0
8006 2 0 206 332 624 0
8007 2 0 206 326 622 0
8008 2 0 206 326 622 0
8009 2 0 168 318 574 0
8010 2 0 168 318 574 0
8011 2 0 164 318 584 0
8012 2 0 164 318 584 0
8013 2 0 206 312 632 0
8014 2 0 206 312 632 0
8015 2 0 228 280 622 0
8016 2 0 228 280 622 0
8017 2 0 216 254 620 0
8018 2 0 216 254 620 0
8019 2 0 216 226 608 0
8020 2 0 216 226 608 0
8021 2 0 208 192 628 0
8022 2 0 208 180 628 0
8023 2 0 208 168 628 0
8024 2 0 208 156 628 0
8025 2 0 208 102 628 0
8831 2 419 3 584 70 0
8832 2 387 3 573 79 0
8833 2 355 3 553 86 0
8834 2 348 3 542 86 0
8835 2 335 3 538 94 0
8836 2 323 3 530 106 0
8837 2 305 6 525 110 0
8838 2 264 2 522 126 0
8839 2 260 0 518 126 0
8840 2 260 0 518 126 0
8841 2 262 0 516 120 0
8842 2 262 0 516 120 0
8843 2 262 0 516 118 0
8844 2 262 0 516 118 0
8845 2 236 0 490 114 0
8846 2 210 0 464 110 0
8847 2 185 0 439 107 0
8848 2 159 0 413 103 1
8849 2 120 0 364 100 1
8850 2 82 1 316 97 1
8851 2 46 4 259 85 1
8852 2 10 7 202 74 1
