23 1 0 0 45 69 0
24 1 0 0 45 104 0
25 1 0 0 45 131 0
26 1 0 0 45 154 0
30 2 165 5 264 34 0
31 2 143 9 263 55 0
32 2 122 14 264 76 0
33 2 114 14 256 100 0
34 2 110 14 254 110 0
35 2 94 16 232 128 0
36 2 84 16 222 148 0
37 2 78 12 214 154 0
38 2 62 30 194 174 0
39 2 54 48 188 198 0
40 2 52 68 182 216 0
41 2 44 74 176 218 0
42 2 36 70 170 212 0
43 2 30 64 162 214 0
44 2 30 62 162 214 0
45 2 26 68 156 218 0
46 2 22 70 152 220 0
47 2 18 78 146 228 0
48 2 20 84 122 244 0
49 2 2 96 132 240 0
50 2 0 100 102 274 0
51 2 0 96 101 269 0
52 2 1 92 101 265 0
53 2 1 88 100 260 0
54 2 2 84 100 256 0
55 2 6 80 134 248 0
56 2 14 78 136 234 0
57 2 18 74 146 222 0
58 2 14 72 138 216 0
59 2 8 74 134 216 0
60 2 0 64 124 220 0
61 2 0 64 117 220 0
62 2 0 64 110 220 0
63 2 0 62 104 222 0
64 2 0 60 99 225 0
65 2 0 58 93 227 0
66 2 0 56 88 230 0
67 2 2 50 88 222 0
68 2 8 38 115 193 0
69 2 11 20 99 177 0
70 2 11 20 123 161 0
71 2 11 4 141 113 0
72 2 11 4 125 92 0
73 2 11 4 125 84 0
74 2 11 4 123 70 0
75 2 11 4 125 41 0
133 2 46 4 160 84 0
134 2 35 4 141 134 0
135 2 11 36 128 150 0
136 2 0 36 98 164 0
137 2 0 49 93 163 0
138 2 0 46 72 163 0
139 2 0 75 48 174 0
171 3 1070 0 1233 35 0
172 3 1083 0 1247 36 0
173 3 1095 0 1260 37 0
174 3 1108 0 1274 38 0
175 3 1121 0 1288 39 0
176 3 1134 0 1296 52 0
177 3 1147 0 1304 65 0
178 3 1160 0 1312 79 0
179 3 1173 0 1319 92 0
180 3 1188 4 1339 116 0
181 3 1203 13 1358 141 0
182 3 1218 21 1377 165 0
183 3 1234 30 1398 190 0
184 3 1248 38 1420 238 0
185 3 1272 64 1446 278 0
186 3 1286 74 1456 278 0
187 3 1302 76 1470 268 0
188 3 1330 60 1495 260 0
189 3 1352 36 1526 230 0
190 3 1376 8 1530 192 0
191 3 1392 1 1546 155 0
192 3 1392 1 1557 142 0
193 3 1443 0 1586 83 0
194 3 1442 0 1586 62 0
195 3 1441 0 1586 41 0
196 3 1433 0 1580 50 0
197 3 1425 0 1573 59 0
198 3 1417 0 1567 67 0
199 3 1409 0 1561 76 0
200 3 1398 0 1560 75 0
201 3 1388 0 1561 74 0
202 3 1381 0 1560 60 0
202 1 121 1 279 68 0
203 3 1365 0 1526 53 0
203 1 107 1 253 77 0
204 1 94 1 227 86 0
205 1 22 8 190 100 0
206 1 0 0 164 84 0
207 1 0 0 147 102 0
208 1 2 0 130 121 0
209 1 6 0 115 140 0
210 1 6 0 88 172 0
211 1 0 28 69 222 0
213 2 184 7 310 71 0
214 2 156 26 277 108 0
215 2 128 45 243 145 0
216 2 100 65 209 183 0
217 2 72 84 176 220 0
218 2 46 100 176 238 0
219 2 30 100 139 246 0
220 2 6 100 139 252 0
221 2 6 100 102 238 0
222 2 6 100 78 238 0
272 3 1356 0 1526 71 0
273 3 1375 0 1551 97 0
274 3 1389 2 1562 113 0
275 3 1402 5 1573 128 0
276 3 1416 8 1584 143 0
277 3 1430 12 1596 160 0
278 3 1440 4 1608 154 0
279 3 1444 0 1606 140 0
280 3 1444 0 1613 128 0
281 3 1444 0 1621 116 0
282 3 1444 0 1621 116 0
283 3 1444 0 1643 89 0
704 1 0 0 125 62 0
705 1 0 0 132 67 0
706 1 0 0 139 71 0
707 1 0 0 146 76 0
708 1 0 0 144 94 0
709 1 0 0 141 113 0
710 1 0 0 130 156 0
711 1 0 0 117 177 0
712 1 0 25 104 230 0
713 1 0 65 96 262 0
714 1 0 86 82 270 0
715 2 201 0 318 49 0
715 1 0 118 72 312 0
716 2 185 0 318 57 0
716 1 0 118 50 334 0
717 2 152 0 285 49 0
718 2 152 0 290 70 0
719 2 126 0 262 62 0
870 2 9 11 82 100 0
871 2 2 65 80 184 0
872 2 2 138 57 248 0
873 2 0 210 55 309 0
881 2 0 70 54 211 0
882 2 3 52 75 203 0
883 2 3 34 97 204 0
884 2 16 30 120 195 0
885 2 38 12 139 153 0
885 3 874 0 1067 69 0
886 2 67 8 185 164 0
886 3 896 0 1086 105 0
887 2 102 6 190 155 0
887 3 918 0 1105 141 0
888 2 123 6 216 134 0
888 3 940 4 1124 177 0
889 2 150 1 251 123 0
889 3 980 8 1167 188 0
890 2 163 1 280 107 0
890 3 1002 0 1191 172 0
891 2 160 1 275 111 0
891 3 1002 0 1191 172 0
892 2 157 1 271 114 0
892 3 1002 0 1191 172 0
893 2 154 1 266 117 0
893 3 992 0 1188 167 0
894 2 150 1 261 120 0
894 3 982 0 1185 163 0
895 2 147 1 256 123 0
895 3 972 0 1182 159 0
896 2 102 42 219 169 0
896 3 951 0 1132 135 0
897 2 74 70 203 195 0
897 3 930 0 1132 129 0
898 2 38 92 147 235 0
898 3 879 0 1087 116 0
899 2 38 140 147 265 0
899 3 825 0 1017 129 0
900 2 19 196 104 316 0
900 3 801 0 1017 167 0
901 2 0 254 94 397 0
901 3 764 0 966 159 0
902 2 0 307 78 447 0
902 3 716 9 900 213 0
903 2 0 348 92 486 0
903 3 732 68 896 246 0
904 2 0 371 87 486 0
904 3 716 86 914 244 0
905 2 0 349 91 474 0
905 3 724 64 920 224 0
906 2 0 327 95 462 0
906 3 746 46 938 214 0
907 2 0 304 98 449 0
907 3 766 24 962 192 0
908 2 0 268 115 413 0
908 3 794 6 992 176 0
909 2 25 228 147 377 0
909 3 840 14 1028 178 0
910 2 38 191 152 337 0
910 3 856 18 1052 186 0
911 2 68 160 192 304 0
911 3 882 4 1056 166 0
912 2 83 164 181 302 0
912 3 908 32 1090 194 0
913 2 112 140 214 300 0
913 3 928 42 1114 206 0
914 2 123 144 225 295 0
914 3 946 60 1128 228 0
915 2 142 158 262 302 0
915 3 968 78 1154 242 0
916 2 140 148 264 298 0
916 3 972 72 1164 252 0
917 2 130 142 258 292 0
917 3 966 56 1158 234 0
918 2 124 142 250 290 0
918 3 972 40 1140 236 0
919 2 104 132 228 284 0
919 3 934 26 1122 186 0
920 2 96 134 196 292 0
920 3 904 16 1100 172 0
921 2 72 146 198 286 0
921 3 892 0 1072 148 0
922 2 70 135 183 286 0
922 3 892 0 1106 169 0
923 2 72 136 170 294 0
923 3 892 0 1108 177 0
924 2 64 142 164 298 0
924 3 892 0 1082 156 0
925 2 48 160 172 304 0
925 3 873 0 1081 167 0
926 2 46 174 142 322 0
926 3 861 5 1061 165 0
927 2 42 210 166 343 0
927 3 848 10 1041 164 0
928 2 42 254 163 364 0
928 3 836 16 1022 164 0
929 2 48 278 168 396 0
929 3 838 28 1020 180 0
930 2 56 294 156 452 0
930 3 852 56 1032 218 0
931 2 56 300 186 446 0
931 3 860 70 1050 230 0
932 2 56 272 182 422 0
932 3 864 54 1052 224 0
933 2 70 242 170 408 0
933 3 882 48 1066 208 0
934 2 68 231 177 361 0
934 3 896 6 1060 200 0
935 2 70 199 163 319 0
935 3 892 9 1059 139 0
936 2 74 156 179 295 0
936 3 892 9 1087 133 0
937 2 80 140 174 259 0
937 3 892 9 1116 126 0
938 2 82 100 179 227 0
938 3 914 9 1116 107 0
939 2 84 62 190 193 0
939 3 922 4 1110 108 0
940 2 82 36 190 163 0
940 3 930 0 1103 108 0
941 2 82 4 185 135 0
941 3 930 0 1116 92 0
942 2 82 4 185 135 0
942 3 938 0 1116 65 0
943 2 82 4 185 135 0
943 3 945 0 1116 65 0
944 2 82 4 198 97 0
944 3 950 0 1116 41 0
945 2 82 4 187 76 0
945 3 959 0 1116 41 0
946 2 82 4 187 62 0
1224 1 27 0 123 51 0
1225 1 14 0 123 63 0
1226 1 2 0 124 76 0
1227 1 14 4 120 84 0
1228 1 7 4 120 94 0
1229 1 0 4 120 105 0
1230 1 0 4 104 92 0
1231 1 0 4 85 118 0
1232 1 0 4 82 134 0
1233 1 0 4 80 150 0
1234 1 0 4 66 156 0
1235 1 0 4 69 182 0
1236 1 0 34 52 182 0
1237 1 0 56 33 182 0
1250 1 0 9 36 135 0
1251 1 0 9 49 113 0
1252 1 0 9 62 92 0
1265 2 13 83 72 216 0
1266 2 2 171 59 297 0
1267 2 2 212 59 336 0
1268 2 2 231 68 350 0
1269 2 0 242 66 352 0
1270 2 0 210 69 335 0
1271 2 1 184 67 317 0
1272 2 3 159 67 300 0
1273 2 3 159 67 296 0
1274 2 3 159 67 292 0
1275 2 3 159 67 288 0
1276 2 3 159 67 284 0
1277 2 3 159 71 280 0
1278 2 3 159 75 277 0
1279 2 3 159 80 273 0
1280 2 3 159 84 270 0
1281 2 3 159 89 266 0
1282 2 3 159 93 263 0
1283 2 3 113 104 262 0
1284 2 11 113 104 222 0
1285 2 11 86 109 222 0
1286 2 32 86 109 203 0
1286 1 0 21 47 271 0
1287 2 40 86 109 195 0
1287 1 0 20 46 268 0
1288 2 40 86 109 199 0
1288 1 0 18 44 265 0
1289 2 40 86 109 203 0
1289 1 0 17 42 262 0
1290 2 62 113 126 238 0
1290 1 0 22 61 262 0
1291 2 40 113 125 235 0
1291 1 0 22 61 297 0
1292 2 40 135 125 236 0
1292 1 0 22 61 323 0
1293 2 62 135 128 263 0
1293 1 0 52 85 324 0
1294 2 62 143 142 276 0
1294 1 0 52 80 361 0
1295 2 62 164 150 276 0
1295 1 0 89 86 366 0
1296 2 72 156 157 286 0
1296 1 0 89 99 369 0
1297 2 83 156 157 284 0
1297 1 0 89 99 366 0
1298 1 0 89 104 353 0
1299 1 0 36 112 295 0
1300 1 0 1 144 270 0
1301 1 0 1 123 235 0
1302 1 0 1 126 211 0
1303 1 0 1 136 174 0
1304 1 0 1 123 145 0
1305 1 0 1 134 131 0
1306 1 0 1 147 131 0
1307 1 0 1 174 134 0
1308 1 0 1 190 171 0
1309 1 19 1 189 190 0
1310 1 19 1 232 219 0
1311 1 46 0 240 260 0
1312 1 46 0 211 265 0
1313 1 64 17 210 265 0
1314 1 64 17 210 265 0
1315 1 64 17 210 265 0
1316 1 64 17 210 265 0
1516 2 69 0 145 46 0
1517 2 55 0 144 68 0
1518 2 41 0 144 90 0
1519 2 25 5 131 111 0
1520 2 25 2 121 110 0
1521 2 25 0 112 110 0
1522 2 25 0 103 111 0
1523 2 25 0 128 108 0
1549 2 66 5 167 46 0
1550 2 64 5 167 78 0
1551 2 45 9 128 119 0
1552 2 27 25 107 172 0
1553 2 18 83 101 209 0
1554 2 13 101 100 209 0
1963 2 0 108 92 248 0
1964 2 0 107 98 251 0
1965 2 0 106 103 253 0
1966 2 2 105 109 256 0
1967 2 3 104 115 258 0
1968 2 5 103 121 261 0
1969 2 6 101 127 262 0
1970 2 5 100 129 259 0
1971 2 4 99 130 255 0
1972 2 4 105 137 255 0
1973 2 4 111 144 255 0
1974 2 4 116 152 253 0
1975 2 4 122 159 253 0
1976 2 13 128 166 262 0
1977 2 22 134 172 270 0
1978 2 31 139 179 278 0
1979 2 40 145 186 286 0
1980 2 51 145 196 295 0
1981 2 62 145 206 305 0
1982 2 62 145 208 299 0
1983 2 62 145 210 293 0
1984 2 62 145 212 287 0
1985 2 62 145 214 281 0
1986 2 62 145 216 275 0
1987 2 92 108 216 264 0
1988 2 94 83 239 237 0
1989 2 103 53 252 212 0
1990 2 105 21 266 175 0
1991 2 149 21 289 164 0
1992 2 163 21 289 157 0
1993 2 163 21 310 157 0
1994 2 179 2 340 154 0
1995 2 216 2 368 140 0
1996 2 239 2 388 142 0
1997 2 260 2 421 145 0
1998 2 281 2 454 145 0
1999 2 297 2 474 138 0
2000 2 322 2 474 128 0
2596 2 34 9 117 73 0
2597 2 35 10 109 98 0
2598 2 36 11 102 124 0
2599 2 15 41 98 156 0
2600 2 12 62 96 169 0
2601 2 9 83 94 182 0
2602 2 9 73 95 182 0
2603 2 9 63 97 182 0
2604 2 9 53 98 182 0
2605 2 9 44 100 167 0
2606 2 9 35 102 151 0
2607 2 9 25 103 135 0
2608 2 9 25 112 119 0
2609 2 22 15 120 115 0
2610 2 36 5 128 111 0
2611 2 45 5 145 112 0
2612 2 55 5 163 113 0
2613 2 78 5 163 127 0
2614 2 96 7 190 117 0
2615 2 96 7 203 108 0
2616 2 96 7 215 99 0
2617 2 96 7 220 83 0
2618 2 115 7 223 64 0
2625 2 104 4 205 57 0
2626 2 104 4 205 81 0
2627 2 104 4 205 105 0
2628 2 104 4 205 118 0
2629 2 104 4 205 132 0
2630 2 104 4 205 125 0
2631 2 104 4 205 119 0
2632 2 104 4 205 113 0
2633 2 104 4 205 113 0
2634 2 104 4 234 67 0
2635 2 147 4 234 67 0
2641 2 195 2 294 43 0
2642 2 195 2 317 48 0
2643 2 216 2 329 61 0
2644 2 216 2 329 61 0
2645 2 223 2 342 71 0
2646 2 237 2 343 71 0
2647 2 237 2 343 68 0
2648 2 230 2 343 57 0
2768 4 66 7 421 184 0
2769 4 66 7 412 186 0
2770 4 66 7 402 189 0
2771 4 66 7 393 191 0
2772 4 57 7 393 188 0
2773 4 48 7 394 185 0
2774 4 39 7 394 182 0
2775 4 30 5 387 186 0
2776 4 22 4 381 191 0
2777 4 13 2 375 195 0
2778 4 13 2 368 195 0
2779 4 13 2 361 195 0
2780 4 13 2 357 200 0
2781 4 13 2 353 206 0
2782 4 13 2 349 211 0
2783 4 13 2 345 216 0
2784 4 13 2 341 225 0
2785 4 13 2 338 235 0
2786 4 13 2 317 230 0
2787 4 13 2 312 231 0
2788 4 13 2 306 233 0
2789 4 13 2 301 235 0
2790 4 13 2 297 226 0
2791 4 13 2 294 218 0
2792 1 448 130 610 288 0
2792 4 13 2 294 218 0
2793 1 452 134 612 290 0
2793 4 13 2 295 216 0
2794 1 452 136 612 290 0
2794 4 13 2 295 213 0
2795 1 448 126 610 300 0
2795 4 13 2 296 211 0
2796 1 452 140 610 294 0
2796 4 13 2 296 209 0
2797 1 454 140 610 296 0
2797 4 13 2 297 206 0
2798 1 456 142 612 298 0
2798 4 13 2 297 204 0
2799 1 456 146 612 302 0
2799 4 13 2 298 201 0
2800 1 458 144 614 300 0
2800 4 13 2 299 199 0
2801 1 458 136 612 292 0
2801 4 13 2 299 196 0
2802 1 458 126 612 282 0
2802 4 13 2 300 194 0
2803 1 460 120 612 276 0
2803 4 13 2 300 191 0
2804 1 460 118 612 274 0
2804 4 13 2 301 189 0
2805 1 462 118 614 274 0
2805 4 13 2 301 186 0
2806 1 464 116 614 272 0
2806 4 13 2 302 184 0
2807 1 466 120 616 276 0
2807 4 13 2 302 181 0
2808 1 466 124 616 280 0
2808 4 13 2 303 179 0
2809 1 468 126 616 280 0
2809 4 22 2 303 168 0
2810 1 468 126 616 280 0
2810 4 32 2 303 156 0
2811 1 466 124 612 280 0
2811 4 41 2 303 145 0
2812 1 466 120 612 276 0
2812 4 41 2 311 132 0
2813 1 464 114 610 270 0
2813 4 41 2 319 119 0
2814 1 462 108 608 264 0
2814 4 41 2 327 106 0
2815 1 460 100 606 256 0
2815 4 41 2 327 106 0
2816 1 460 90 606 248 0
2816 4 41 2 327 106 0
2817 1 460 86 606 244 0
2826 1 433 108 557 304 0
2827 1 428 103 565 299 0
2828 1 422 98 573 294 0
2829 1 417 93 581 289 0
2830 1 412 88 590 284 1
2831 1 412 92 590 292 1
2832 1 408 98 590 304 1
2833 1 410 104 588 314 1
2834 1 412 114 586 318 1
2835 1 414 122 588 326 1
2836 1 414 128 588 326 0
2837 1 412 136 590 348 0
2838 1 410 148 590 360 0
2839 1 410 160 590 370 0
2840 1 396 176 596 366 0
2841 1 392 166 592 358 0
2842 1 392 156 592 348 0
2843 1 392 140 592 332 0
2844 1 390 124 588 318 0
2845 1 388 112 586 306 0
2846 1 388 102 586 296 0
2847 1 386 100 584 296 0
2848 1 390 78 574 292 0
2849 1 380 92 584 288 0
2850 1 386 90 570 304 0
2851 1 388 86 572 302 0
2852 1 388 84 572 294 0
2853 1 388 82 572 294 0
2854 1 392 80 576 292 0
2855 1 417 78 579 281 0
2856 1 449 76 583 268 0
2970 1 265 1 398 70 0
2971 1 259 1 397 75 0
2972 1 254 1 398 81 0
2973 1 257 1 398 82 0
2974 1 260 1 397 83 0
2975 1 264 1 398 84 0
2976 1 267 1 398 85 0
2977 1 270 1 398 86 0
2978 1 295 1 417 94 0
2979 1 318 1 442 89 0
2980 1 355 1 488 83 0
2981 1 375 1 488 103 0
2982 1 403 1 502 117 0
3066 1 424 9 590 232 1
3067 1 421 10 586 233 1
3068 1 419 11 584 233 1
3069 1 417 12 582 233 1
3070 1 417 12 579 228 1
3071 1 417 12 576 222 1
3072 1 417 12 572 217 1
3073 1 417 12 569 212 1
3074 1 417 12 566 206 1
3075 1 403 12 565 216 1
3076 1 390 12 566 225 1
3077 1 390 12 552 219 1
3078 1 390 12 539 213 1
3079 1 390 12 526 206 1
3080 1 390 12 526 204 1
3081 1 390 12 527 201 1
3082 1 390 12 527 198 1
3083 1 390 12 528 196 0
3084 1 390 12 528 193 0
3085 1 390 12 529 190 0
3086 1 390 12 529 188 0
3087 1 390 12 530 185 0
3088 1 390 12 530 182 0
3089 1 390 12 531 180 0
3090 1 390 12 531 177 0
3091 1 390 12 528 178 0
3092 1 390 12 524 180 0
3093 1 390 12 521 181 0
3094 1 390 12 518 182 0
3095 1 390 12 515 183 0
3096 1 390 12 511 184 0
3097 1 390 12 508 186 0
3098 1 390 12 505 187 0
3099 1 390 12 501 188 0
3100 1 390 12 498 189 0
3101 1 390 12 495 191 0
3102 1 390 12 492 192 0
3103 1 390 12 488 193 0
3104 1 390 12 488 193 0
3105 1 390 12 488 193 0
3106 1 390 12 488 193 0
3107 1 390 12 488 193 0
3108 1 390 12 488 193 0
3109 1 410 12 529 189 0
3110 1 435 12 534 182 0
3111 1 435 12 547 198 0
3112 1 442 12 548 198 1
3113 1 448 12 547 198 1
3114 1 448 12 547 198 1
3115 1 447 11 547 195 1
3116 1 446 11 547 194 1
3117 1 445 11 548 193 1
3118 1 444 10 548 191 1
3119 1 442 10 547 189 1
3120 1 441 10 547 188 1
3121 1 440 9 547 186 1
3122 1 439 9 547 185 1
3123 1 438 9 547 183 1
3124 1 437 8 547 181 1
3125 1 436 8 547 180 1
3126 1 434 8 546 179 1
3127 1 433 7 546 176 1
3128 1 432 7 546 175 1
3129 1 431 7 546 174 1
3130 1 430 7 546 173 1
3131 1 429 6 546 170 1
3132 1 428 6 546 169 1
3133 1 426 6 545 168 1
3134 1 425 5 545 166 1
3135 1 424 5 545 164 1
3136 1 423 5 545 163 1
3137 1 422 4 545 161 1
3138 1 421 4 545 160 1
3139 1 420 4 545 158 1
3140 1 420 4 545 161 1
3141 1 420 4 544 163 1
3142 1 420 4 544 166 1
3143 1 421 4 545 168 1
3144 1 421 4 545 170 1
3145 1 421 4 544 173 1
3146 1 421 4 544 175 1
3147 1 422 4 545 178 1
3148 1 422 4 545 180 1
3149 1 422 4 544 182 1
3150 1 418 4 544 186 1
3151 1 415 4 545 190 1
3152 1 411 4 545 194 1
3153 1 407 4 544 197 1
3154 1 403 4 544 201 1
3155 1 401 6 544 202 1
3156 1 399 9 545 204 1
3157 1 397 12 545 206 1
3158 1 394 14 544 207 1
3159 1 392 17 544 208 1
3160 1 390 20 545 210 1
3161 1 387 22 544 211 1
3162 1 387 22 542 208 1
3163 1 387 22 540 205 1
3164 1 387 22 538 202 1
3165 1 387 22 536 199 1
3166 1 387 22 535 196 1
3167 1 387 22 533 193 1
3168 1 387 22 531 190 1
3169 1 386 21 533 189 1
3170 1 384 20 533 189 1
3171 1 383 19 535 189 1
3172 1 381 18 536 188 1
3173 1 380 17 538 188 1
3174 1 378 16 539 188 1
3175 1 377 14 541 187 1
3176 1 375 13 542 186 1
3177 1 374 12 544 186 1
3178 1 372 11 545 186 1
3179 1 371 10 546 185 1
3180 1 369 9 547 185 1
3181 1 368 8 549 185 1
3182 1 366 6 550 183 1
3183 1 365 5 552 183 1
3184 1 363 4 553 183 1
3185 1 362 3 555 182 1
3186 1 361 2 557 182 1
3187 1 359 1 558 182 1
3188 1 358 0 560 182 1
3189 1 360 0 562 182 1
3190 1 358 0 558 182 1
3191 1 358 0 521 180 1
3192 1 360 0 560 180 1
3193 1 360 0 516 193 1
3194 1 360 0 513 175 1
3195 1 362 0 521 180 1
3196 1 362 0 513 196 1
3197 1 362 2 526 185 1
3198 1 362 2 564 184 1
3199 1 360 12 510 164 1
3200 1 358 14 521 191 1
3201 1 356 16 516 185 1
3202 1 358 16 524 183 1
3203 1 360 16 518 199 1
3204 1 358 16 510 180 1
3205 1 358 18 524 172 1
3206 1 356 20 524 188 1
3207 1 356 20 524 185 1
3208 1 356 20 521 188 1
3209 1 358 20 516 188 1
3210 1 356 20 552 188 1
3211 1 356 20 554 188 1
3212 1 356 22 505 193 1
3213 1 356 22 513 185 1
3214 1 356 24 518 177 1
3215 1 356 26 552 192 1
3216 1 356 28 550 192 1
3217 1 348 20 514 200 1
3218 1 348 20 514 200 1
3219 1 348 22 514 202 1
3220 1 348 22 514 200 1
3221 1 348 22 514 200 1
3222 1 346 20 514 200 1
3223 1 346 20 514 198 1
3224 1 346 20 514 202 1
3225 1 346 18 514 202 1
3226 1 344 18 512 196 1
3227 1 344 18 512 196 1
3228 1 346 18 514 196 1
3229 1 346 18 514 196 1
3230 1 344 16 516 198 1
3231 1 344 16 516 198 1
3232 1 344 16 516 196 1
3233 1 344 14 514 194 1
3234 1 344 14 514 194 1
3235 1 344 12 518 196 1
3236 1 352 14 552 188 1
3237 1 352 14 552 186 1
3238 1 356 14 554 186 1
3239 1 358 10 564 188 1
3240 1 358 8 562 190 1
3241 1 358 8 562 190 1
3242 1 358 6 513 188 1
3243 1 358 6 562 188 1
3244 1 358 4 562 186 1
3245 1 358 2 518 196 1
3246 1 358 0 562 184 1
3247 1 358 0 524 180 1
3248 1 358 0 524 167 1
3249 1 358 0 524 155 1
3250 1 358 0 524 143 1
3251 1 349 0 523 140 1
3252 1 340 0 523 137 1
3253 1 331 0 523 135 1
3254 1 331 0 507 128 1
3255 1 331 0 491 121 1
3256 1 331 0 493 113 1
3257 1 331 0 496 106 1
3258 1 331 0 499 98 1
3259 1 331 0 501 91 1
3260 1 331 0 504 84 1
3261 1 331 0 488 86 1
3305 1 278 0 395 96 1
3306 1 282 0 398 101 1
3307 1 285 0 400 105 1
3308 1 288 0 402 110 1
3309 1 291 0 404 114 1
3310 1 294 0 406 118 1
3311 1 294 0 414 127 1
3312 1 295 0 424 136 1
3313 1 295 0 433 143 1
3314 1 295 4 442 153 1
3315 1 295 7 451 161 1
3316 1 296 10 452 169 1
3317 1 296 14 452 179 1
3318 1 296 17 452 187 1
3319 1 296 20 453 196 1
3320 1 297 24 454 205 1
3321 1 297 27 454 214 1
3322 1 297 30 454 222 1
3323 1 298 34 456 232 1
3324 1 296 40 460 240 1
3325 1 296 44 458 240 1
3326 1 296 46 454 244 1
3327 1 296 48 454 248 1
3328 1 294 52 452 250 1
3329 1 294 54 452 252 1
3330 1 294 56 450 250 1
3331 1 292 56 448 246 1
3332 1 294 54 450 248 1
3333 1 290 54 452 250 1
3334 1 290 56 452 254 1
3335 1 294 58 454 248 1
3336 1 288 60 450 252 1
3337 1 284 59 445 251 1
3338 1 280 58 440 250 1
3339 1 279 58 440 251 1
3340 1 278 58 440 252 1
3341 1 274 54 438 252 1
3342 1 270 52 434 250 1
3343 1 268 52 432 250 1
3344 1 266 48 430 250 1
3345 1 266 44 432 246 1
3346 1 268 42 432 244 1
3347 1 270 40 434 238 1
3348 1 273 33 435 231 1
3349 1 274 28 440 226 1
3350 1 278 26 440 216 1
3351 1 290 18 452 212 1
3352 1 292 12 454 210 1
3353 1 292 8 460 208 1
3354 1 294 4 464 206 1
3355 1 298 0 468 204 1
3356 1 302 0 466 208 1
3357 1 302 6 457 207 1
3358 1 302 6 458 204 1
3359 1 302 6 460 200 1
3360 1 302 6 460 187 1
3361 1 304 5 462 186 1
3362 1 307 4 466 185 1
3363 1 309 3 468 184 1
3364 3 1732 0 1821 148 1
3364 1 312 2 471 182 1
3365 3 1732 0 1823 147 1
3365 1 314 1 474 181 1
3366 3 1732 0 1824 146 1
3366 1 317 0 477 180 1
3367 3 1732 0 1825 145 1
3367 1 320 0 481 180 1
3368 3 1732 0 1827 144 1
3368 1 320 0 516 166 1
3369 3 1732 0 1828 143 1
3369 1 320 0 478 175 1
3370 3 1732 0 1829 142 1
3370 1 320 2 470 172 1
3371 3 1732 0 1831 141 1
3371 1 322 4 478 169 1
3372 3 1732 0 1832 140 1
3372 1 316 0 470 177 1
3373 3 1732 0 1833 139 1
3373 1 316 2 468 177 1
3374 3 1732 0 1835 138 1
3374 1 316 4 476 183 1
3375 3 1732 0 1836 137 1
3375 1 316 6 470 191 1
3376 3 1732 0 1838 136 1
3376 1 316 6 473 196 1
3377 3 1732 0 1839 135 1
3377 1 320 8 473 196 1
3378 3 1732 0 1840 134 1
3378 1 314 18 462 199 1
3379 3 1732 0 1842 133 1
3379 1 318 14 468 212 1
3380 3 1732 0 1843 132 1
3380 1 318 14 482 212 1
3381 3 1732 0 1844 131 1
3381 1 314 16 480 214 1
3382 3 1732 0 1846 130 1
3382 1 314 18 480 216 1
3383 3 1732 0 1847 129 1
3383 1 312 20 480 212 1
3384 3 1732 0 1847 128 1
3384 1 308 22 480 214 1
3385 3 1732 0 1847 128 1
3385 1 308 22 480 212 1
3386 3 1732 0 1847 127 1
3386 1 300 32 466 190 1
3387 3 1732 0 1848 126 1
3387 1 300 36 464 194 1
3388 3 1732 0 1848 126 1
3388 1 300 36 462 220 1
3389 3 1732 0 1848 125 1
3389 1 304 40 460 224 1
3390 3 1732 0 1848 124 1
3390 1 304 46 460 232 1
3391 3 1732 0 1848 123 1
3391 1 300 46 460 232 1
3392 3 1732 0 1848 123 1
3392 1 300 48 460 236 1
3393 3 1732 0 1849 122 1
3393 1 296 50 460 238 1
3394 3 1732 0 1849 121 1
3394 1 294 52 456 238 1
3395 3 1732 0 1849 121 1
3395 1 292 54 454 238 1
3396 3 1732 0 1849 120 1
3396 1 292 54 452 238 1
3397 3 1732 0 1850 117 1
3397 1 290 54 452 242 1
3398 3 1732 0 1850 114 1
3398 1 288 54 452 240 1
3399 3 1732 0 1850 111 1
3399 1 288 52 454 246 1
3400 3 1732 0 1851 108 1
3400 1 288 54 452 246 1
3401 3 1732 0 1851 105 1
3401 1 288 54 450 244 1
3402 3 1732 0 1851 101 1
3402 1 282 54 434 240 1
3403 3 1732 0 1850 101 1
3403 1 280 52 436 226 1
3404 3 1732 0 1848 101 1
3404 1 274 56 436 242 1
3405 3 1732 0 1846 101 1
3405 1 274 56 436 224 1
3406 3 1732 0 1844 101 1
3406 1 274 58 428 224 1
3407 3 1732 0 1842 101 1
3407 1 274 60 434 228 1
3408 3 1726 0 1842 101 1
3408 1 272 56 436 248 1
3409 3 1720 1 1843 101 1
3409 1 272 58 434 232 1
3410 3 1713 5 1842 101 1
3410 1 268 54 434 250 1
3411 3 1713 5 1842 101 1
3411 1 270 56 436 254 1
3412 1 270 58 434 252 1
3413 1 272 58 436 248 1
3414 1 274 58 436 242 1
3415 1 274 58 438 234 1
3416 1 276 58 440 232 1
3417 1 278 58 442 236 1
3418 1 288 58 456 248 1
3419 1 286 56 460 250 1
3420 1 284 54 460 248 1
3421 1 284 54 460 252 1
3422 1 284 54 462 254 1
3423 1 286 54 460 254 1
3424 1 288 54 460 254 1
3425 1 286 54 458 252 1
3426 1 286 56 458 252 1
3427 1 288 56 458 254 1
3428 1 288 56 456 254 1
3429 1 288 56 456 256 1
3430 1 288 56 456 256 1
3431 1 288 58 456 256 1
3432 1 288 58 456 260 1
3433 1 286 60 454 258 1
3434 1 286 58 458 260 1
3435 1 284 56 458 262 1
3436 1 284 56 456 262 1
3437 1 282 56 460 264 1
3438 1 284 58 460 264 1
3439 1 276 60 448 262 1
3440 1 274 62 446 260 1
3441 1 270 62 446 264 1
3442 1 268 64 442 264 1
3443 1 272 78 440 272 1
3444 1 270 80 434 270 1
3445 1 256 68 428 260 1
3446 1 254 66 418 260 1
3447 1 250 64 418 262 1
3448 1 250 62 418 260 1
3449 1 244 60 416 264 1
3450 1 242 60 410 266 1
3451 1 238 60 410 264 1
3452 1 241 68 403 263 1
3453 1 236 60 400 262 1
3454 1 234 60 394 262 1
3455 1 249 76 393 265 0
3456 1 226 62 392 264 0
3457 1 224 60 390 266 0
3458 1 220 54 390 264 0
3459 1 218 48 390 264 0
3460 1 214 36 390 254 0
3461 1 214 32 384 244 0
3462 1 214 28 382 236 0
3463 1 214 18 382 230 0
3464 1 214 10 380 224 0
3465 1 212 10 378 218 0
3466 1 196 4 366 212 0
3467 1 194 2 368 210 0
3468 1 186 2 360 202 0
3469 1 178 0 354 202 0
3470 1 174 0 352 206 0
3471 1 175 0 350 209 0
3472 1 176 0 348 212 0
3473 1 174 0 348 210 0
3474 1 172 0 348 210 0
3475 1 172 0 346 214 0
3476 1 172 0 350 214 0
3477 1 172 0 350 214 0
3478 1 174 0 354 216 0
3479 1 176 0 354 216 0
3480 1 180 0 353 212 0
3481 1 185 0 353 208 0
3482 1 190 0 353 205 0
3483 1 195 0 353 201 0
3484 1 192 0 359 200 0
3485 1 190 0 366 200 0
3486 1 190 0 362 200 0
3487 1 192 0 362 210 0
3488 1 188 2 362 212 0
3489 1 186 2 360 216 0
3490 1 182 2 360 218 0
3491 1 182 2 364 218 0
3492 1 182 2 364 220 0
3493 1 180 2 364 220 0
3494 1 182 4 364 222 0
3495 1 184 6 362 220 0
3496 1 180 8 362 222 0
3497 1 180 10 358 224 0
3498 1 180 12 356 228 0
3499 1 176 14 354 232 0
3500 1 178 16 354 236 0
3501 1 178 18 356 242 0
3502 1 178 20 356 248 0
3503 1 176 22 356 252 0
3504 1 180 20 360 250 0
3505 1 182 22 364 250 0
3506 1 186 22 366 244 0
3507 1 190 24 366 238 0
3508 1 194 22 370 240 0
3509 1 194 20 370 238 0
3510 1 198 18 374 236 0
3511 1 210 14 386 230 0
3512 1 212 10 392 224 0
3513 1 218 2 394 216 0
3514 1 226 0 400 208 0
3515 1 234 0 399 210 1
3516 1 243 0 399 212 1
3517 1 243 0 408 191 1
3518 1 243 0 405 183 1
3519 1 243 0 403 175 1
3520 1 286 0 430 185 1
3521 1 280 0 430 190 1
3522 1 274 0 430 194 1
3523 1 267 0 429 199 1
3524 1 260 10 434 202 1
3525 1 262 12 434 202 1
3526 1 260 12 434 204 1
3527 1 266 12 438 206 1
3528 1 270 14 440 210 1
3529 1 276 14 440 206 1
3530 1 280 14 444 206 1
3531 1 294 10 510 216 1
3532 1 290 10 500 216 1
3533 1 298 8 480 222 1
3534 1 296 10 476 222 1
3535 1 298 12 476 230 1
3536 1 300 14 480 232 1
3537 1 290 26 506 232 1
3538 1 306 20 486 240 1
3539 1 308 20 482 232 0
3540 1 314 22 482 230 0
3541 1 314 24 480 230 0
3542 1 314 28 476 228 0
3543 1 318 28 478 228 0
3544 1 320 28 480 226 0
3545 1 322 28 486 228 0
3546 1 322 28 492 228 0
3547 1 320 28 490 232 0
3548 1 320 28 490 232 0
3549 1 324 30 496 236 0
3550 1 320 28 496 236 0
3551 1 320 28 496 236 0
3552 1 320 28 494 234 0
3553 1 306 36 506 222 0
3554 1 318 28 488 228 0
3555 1 314 28 484 222 0
3556 1 300 34 500 214 0
3557 1 306 28 478 234 0
3558 1 304 30 478 234 0
3559 1 304 34 474 234 0
3560 1 304 36 478 244 0
3561 1 304 40 474 248 0
3562 1 302 42 476 254 0
3563 1 302 42 474 250 0
3564 1 300 42 474 254 0
3565 1 300 44 470 252 0
3566 1 300 46 470 252 0
3567 1 298 46 468 254 0
3568 1 298 46 466 254 0
3569 1 298 48 464 252 0
3570 1 300 50 462 248 0
3571 1 296 50 460 248 0
3572 1 296 52 460 246 0
3573 1 294 54 458 250 0
3574 1 296 54 456 252 0
3575 1 290 52 454 252 0
3576 1 286 44 458 258 0
3577 1 286 46 456 260 0
3578 1 288 48 456 262 0
3579 1 288 46 456 262 0
3580 1 288 48 456 264 0
3581 1 288 52 454 264 0
3582 1 282 58 442 260 0
3583 1 282 58 442 260 0
3584 1 282 60 442 260 0
3585 1 282 60 442 264 0
3586 1 288 60 454 262 0
3587 1 288 58 454 260 0
3588 1 290 62 458 262 0
3589 1 290 60 456 260 0
3590 1 292 62 458 262 0
3591 1 292 64 458 260 0
3592 1 292 62 454 260 0
3593 1 288 62 454 260 0
3594 1 288 60 456 264 0
3595 1 284 60 456 268 0
3596 1 276 64 440 266 0
3597 1 270 66 438 282 0
3598 1 264 68 438 282 0
3599 1 258 68 432 280 0
3600 1 262 50 416 246 0
3601 1 266 26 416 222 0
3602 1 264 1 409 183 0
3603 1 246 1 384 156 0
3604 1 246 1 386 117 0
3605 1 246 1 372 76 0
3755 3 2 0 115 149 1
3756 3 28 0 165 128 1
3757 3 55 0 216 106 1
4335 2 87 0 188 62 0
4336 2 81 0 183 64 0
4337 2 76 0 179 65 0
4338 2 70 0 174 66 0
4339 2 65 0 170 68 0
4340 2 59 0 165 69 0
4341 2 51 0 157 72 0
4342 2 43 0 150 75 0
4343 2 35 0 142 78 0
4344 2 27 0 135 81 0
4345 2 26 4 131 93 0
4346 2 25 12 127 106 0
4347 2 25 21 124 120 0
4348 2 17 45 117 144 0
4349 2 9 69 110 168 0
4350 2 9 73 105 177 0
4351 2 9 77 101 186 0
4352 2 9 81 96 196 0
4353 2 5 73 103 189 0
4354 2 2 65 111 183 0
4355 2 0 58 119 177 0
4356 2 0 58 119 169 0
4357 2 0 58 119 161 0
4358 2 7 43 121 152 0
4359 2 15 28 123 143 0
4360 2 27 30 131 143 0
4361 2 39 32 140 142 0
4362 2 55 28 155 141 0
4363 2 72 23 171 139 0
4364 2 89 18 188 137 0
4365 2 109 17 213 146 0
4366 2 128 16 238 154 0
4367 2 145 35 258 157 0
4368 2 156 35 277 157 0
4369 2 168 35 297 157 0
4370 2 188 35 296 141 0
4371 2 188 35 310 157 0
4372 2 207 35 310 159 0
4373 2 232 18 351 137 0
4373 1 3 57 59 273 1
4374 2 232 18 345 135 0
4374 1 3 57 69 275 1
4375 2 253 18 359 147 0
4375 1 3 57 69 270 1
4376 1 3 57 91 254 1
4377 1 3 25 115 254 1
4378 1 46 25 171 198 1
4379 1 56 1 237 198 1
4380 1 115 1 261 171 1
4381 1 142 1 272 166 1
4382 1 142 1 296 163 1
4383 1 168 1 328 147 1
4384 1 182 1 328 147 1
4385 1 182 1 347 145 1
4386 1 191 1 347 147 1
4387 1 201 1 347 150 1
4388 1 201 1 361 147 1
4389 1 204 1 363 146 0
4390 1 207 1 366 144 0
4391 1 210 1 368 142 0
4392 1 214 1 371 140 0
4393 1 217 1 374 138 0
4394 1 220 1 376 137 0
4395 1 223 1 379 135 0
4396 1 227 1 382 133 0
4397 1 230 1 384 131 0
4398 1 228 1 404 131 0
4399 1 226 2 424 132 0
4400 1 226 2 430 136 0
4401 1 230 8 434 142 0
4402 1 238 6 404 154 0
4403 1 246 6 418 166 0
4404 1 260 12 434 188 0
4405 1 250 2 430 184 0
4406 1 244 2 440 176 0
4407 1 238 0 440 174 0
4408 1 232 0 434 178 0
4409 1 224 0 432 180 0
4410 1 218 0 410 196 0
4411 1 212 0 400 200 0
4412 1 210 0 392 216 0
4413 1 206 2 392 216 0
4414 1 196 0 374 204 0
4415 1 192 2 368 202 0
4416 1 188 2 366 202 0
4417 1 184 2 360 202 0
4418 1 182 4 352 204 1
4419 1 176 4 348 212 1
4420 1 168 0 342 220 1
4421 1 164 6 340 226 1
4422 1 160 8 338 236 1
4423 1 156 14 334 244 1
4424 1 156 20 332 244 1
4425 1 156 24 328 244 1
4426 1 154 26 330 244 1
4427 1 154 28 328 242 1
4428 1 154 28 326 240 1
4429 1 154 32 326 240 1
4430 1 150 30 324 242 0
4431 1 150 30 324 242 0
4432 1 150 30 324 242 0
4433 1 150 32 324 242 0
4434 1 150 34 328 244 0
4435 1 150 34 330 246 0
4436 1 154 38 332 250 0
4437 1 154 38 334 250 0
4438 1 158 38 332 244 0
4439 1 160 34 336 246 0
4440 1 160 34 336 248 0
4441 1 160 34 336 246 0
4442 1 160 32 336 246 0
4443 1 160 30 336 246 0
4444 1 162 32 336 248 0
4445 1 162 30 338 246 0
4446 1 160 30 334 248 0
4447 1 160 30 330 240 0
4448 1 160 26 328 240 0
4449 1 158 22 326 236 0
4450 1 160 16 328 232 0
4451 1 166 10 334 226 0
4452 1 164 12 338 236 0
4453 1 166 16 340 232 0
4454 1 164 14 340 234 0
4455 1 166 12 340 232 0
4456 1 166 10 338 228 0
4457 1 168 12 338 226 0
4458 1 166 30 330 252 0
4459 1 142 44 304 264 0
4460 1 132 48 288 274 0
4461 1 126 58 278 284 0
4462 1 130 62 276 294 0
4463 1 130 60 276 290 0
4464 1 126 58 274 290 0
4465 1 124 60 268 284 0
4466 1 116 66 258 282 0
4467 1 106 58 246 266 0
4468 1 94 52 240 262 0
4469 1 86 40 234 248 0
4470 1 86 16 230 236 0
4471 1 90 9 227 213 0
4472 1 90 9 219 219 0
4473 1 90 9 227 153 0
4474 1 90 9 231 133 0
4475 1 90 9 235 113 0
4546 2 128 14 240 131 0
4546 3 1095 70 1263 326 1
4547 2 128 20 218 164 0
4547 3 1068 114 1268 294 1
4548 2 120 64 212 218 0
4548 3 1074 130 1270 314 1
4549 2 114 86 206 250 0
4549 3 1092 164 1284 344 1
4550 2 82 120 184 296 0
4550 3 1036 142 1244 322 1
4551 2 72 164 162 316 0
4551 3 1020 156 1224 332 1
4552 2 58 190 152 356 0
4552 3 1004 176 1216 352 1
4553 2 42 208 146 374 0
4553 3 996 178 1206 354 1
4554 2 32 228 132 388 0
4554 3 982 178 1186 346 1
4555 2 26 240 120 392 0
4555 3 974 168 1178 340 1
4556 2 8 258 110 418 0
4556 3 944 154 1150 322 1
4557 2 0 270 90 432 0
4557 3 922 128 1142 302 1
4558 2 0 282 84 431 0
4558 3 904 110 1110 278 1
4559 2 0 295 78 431 0
4559 3 900 92 1100 260 1
4560 2 0 295 76 430 0
4560 3 892 70 1094 244 1
4561 2 0 295 75 428 0
4561 3 882 40 1092 224 1
4562 2 0 295 74 427 0
4562 3 878 20 1082 206 1
4563 2 0 295 72 425 0
4563 3 868 8 1074 188 1
4564 2 0 295 70 426 0
4564 3 874 0 1052 182 1
4565 2 0 295 67 427 0
4565 3 874 0 1052 182 1
4566 2 0 295 64 427 0
4566 3 847 0 1051 145 1
4567 2 0 295 62 428 0
4567 3 847 0 1020 135 1
4568 2 0 295 62 428 0
4568 3 847 0 988 124 1
4569 2 0 295 62 428 0
4569 3 841 0 987 97 1
4570 2 0 295 62 404 0
4570 3 841 0 987 97 1
4571 2 0 295 51 397 0
4571 3 841 0 987 80 1
4572 2 0 295 40 391 0
4572 3 841 0 987 62 1
4573 3 827 0 963 59 1
4574 3 813 0 939 56 1
4575 3 813 0 933 54 1
4576 3 813 0 926 52 1
4577 3 813 0 920 51 1
4578 3 813 0 920 51 1
4609 2 0 50 31 171 0
4610 2 0 46 32 170 0
4611 2 0 43 34 171 0
4612 2 0 40 35 171 0
4613 2 0 37 36 171 0
4614 2 0 33 38 170 0
4615 2 0 30 39 171 0
4616 2 0 27 40 171 0
4617 2 0 27 40 162 0
4618 2 0 27 39 152 0
4619 2 0 27 38 143 0
4620 2 0 28 37 134 0
4621 2 0 28 41 133 0
4622 2 0 28 45 131 0
4623 2 0 28 48 130 0
4624 2 0 28 52 128 0
4625 2 0 28 56 127 0
4626 2 0 28 60 125 0
4627 2 0 28 64 124 0
4628 2 0 28 64 125 0
4629 2 0 28 64 126 0
4630 2 0 28 64 128 0
4631 2 0 28 64 129 0
4632 2 0 28 64 130 0
4633 2 0 28 64 132 0
4634 2 0 28 64 133 0
4635 2 0 28 64 134 0
4636 2 0 28 64 136 0
4637 2 0 28 64 137 0
4638 2 0 28 64 137 0
4639 2 0 28 64 137 0
4640 2 0 28 64 137 0
4641 2 0 28 64 137 0
4642 2 0 28 64 137 0
4643 2 0 28 64 137 0
4644 2 0 28 64 137 0
4645 2 0 28 64 137 0
4646 2 0 28 64 137 0
4647 2 0 28 64 137 0
4648 2 0 28 64 137 0
4649 2 0 28 64 137 0
4650 2 0 28 64 137 0
4651 2 0 28 64 137 0
4652 2 0 28 64 137 0
4653 2 0 28 64 137 0
4654 2 0 28 64 137 0
4655 2 0 28 64 137 0
4656 2 0 28 64 137 0
4657 2 0 28 63 137 0
4658 2 0 28 63 137 0
4659 2 0 28 62 137 0
4660 2 0 28 62 138 0
4661 2 0 28 61 138 0
4662 2 0 28 61 138 0
4663 2 0 28 61 138 0
4664 2 0 28 60 138 0
4665 2 0 28 60 138 0
4666 2 0 28 59 138 0
4667 2 0 28 59 139 0
4668 2 0 28 58 139 0
4669 2 0 28 58 139 0
4670 2 0 28 58 139 0
4671 2 0 28 57 139 0
4672 2 0 28 57 139 0
4673 2 0 28 56 139 0
4674 2 0 28 56 140 0
4675 2 0 28 55 140 0
4676 2 0 28 55 140 0
4677 2 0 28 55 140 0
4678 2 0 28 54 140 0
4679 2 0 28 54 140 0
4680 2 0 28 53 140 0
4681 2 0 28 53 141 0
4682 2 0 28 52 141 0
4683 2 0 28 52 141 0
4684 2 0 28 51 141 0
4685 2 0 28 51 141 0
4686 2 0 28 51 141 0
4687 2 0 28 50 141 0
4688 2 0 28 50 142 0
4689 2 0 28 49 142 0
4690 2 0 28 49 142 0
4691 2 0 28 48 142 0
4692 2 0 28 48 142 0
4693 2 0 28 48 142 0
4694 2 0 27 47 142 0
4695 2 0 27 47 142 0
4696 2 0 26 47 141 0
4697 2 0 26 47 142 0
4698 2 0 25 46 141 0
4699 2 0 25 46 142 0
4700 2 0 24 46 141 0
4701 2 0 24 46 141 0
4702 2 0 24 46 142 0
4703 2 0 23 45 141 0
4704 2 0 23 45 141 0
4705 2 0 22 45 141 0
4706 2 0 22 45 141 0
4707 2 0 21 44 141 0
4708 2 0 21 44 141 0
4709 2 0 20 44 140 0
4710 2 0 20 44 141 0
4711 2 0 19 44 140 0
4712 2 0 19 43 140 0
4713 2 0 19 43 141 0
4714 2 0 18 43 140 0
4715 2 0 18 43 141 0
4716 2 0 17 42 140 0
4717 2 0 17 42 140 0
4718 2 0 16 42 140 0
4719 2 0 16 42 140 0
4720 2 0 15 41 140 0
4721 2 0 15 41 140 0
4722 2 0 14 41 139 0
4723 2 0 14 41 140 0
4724 2 0 14 41 140 0
4725 2 0 13 40 139 0
4726 2 0 13 40 140 0
4727 2 0 12 40 139 0
4728 2 0 12 40 140 0
4729 2 0 11 39 139 0
4730 2 0 11 39 139 0
4731 2 0 19 43 140 0
4732 2 0 28 48 142 0
4733 2 0 28 48 142 0
4734 2 0 28 48 142 0
4735 2 0 28 48 142 0
4736 2 0 28 48 142 0
4737 2 0 17 41 142 0
4738 2 0 1 45 142 0
4739 2 0 2 44 142 0
4740 2 0 3 44 143 0
4741 2 0 3 43 143 0
4742 2 0 4 42 143 0
4743 2 0 4 41 143 0
4744 2 0 5 41 143 0
4745 2 0 5 40 143 0
4746 2 0 6 39 144 0
4747 2 0 6 38 143 0
4748 2 0 7 37 144 0
4749 2 0 8 36 145 0
4750 2 0 8 35 144 0
4751 2 0 9 34 145 0
4752 2 0 9 34 145 0
4753 2 0 10 33 145 0
4754 2 0 10 32 145 0
4755 2 0 11 31 146 0
4756 2 0 11 30 145 0
4757 2 0 11 31 145 0
4758 2 0 11 32 144 0
4759 2 0 11 33 144 0
4760 2 0 11 34 143 0
4761 2 0 11 36 142 0
4762 2 0 11 38 141 0
4763 2 0 11 40 140 0
4764 2 0 11 42 139 0
4765 2 0 11 44 138 0
4766 2 0 11 46 137 0
4767 2 0 11 55 119 0
4768 2 0 3 56 120 0
4769 2 0 3 72 82 0
4770 2 0 3 81 72 0
4771 2 0 3 101 59 0
4868 2 91 4 204 59 0
4869 2 86 11 197 84 0
4870 2 81 18 191 109 0
4871 2 75 25 183 134 0
4872 2 70 32 177 159 0
4873 2 65 39 170 184 0
4874 2 60 46 164 210 0
4875 2 62 64 162 222 0
4876 2 48 64 152 226 0
4877 2 50 52 152 220 0
4878 2 48 40 140 192 0
4879 2 48 49 144 171 0
4880 2 50 28 150 151 0
4881 2 50 4 147 143 0
4882 2 45 4 147 137 0
4883 2 40 4 146 131 0
4884 2 36 4 147 126 0
4885 2 31 4 147 120 0
4886 2 26 4 146 114 0
4887 2 22 4 147 108 0
4888 2 22 4 147 96 0
4889 2 22 4 147 84 0
4890 2 35 4 147 86 0
4891 2 30 4 123 65 0
5007 2 56 0 152 68 0
5008 2 48 0 146 81 0
5009 2 39 0 139 94 0
5010 2 30 0 132 108 0
5011 2 22 0 126 121 0
5012 2 17 2 123 128 0
5013 2 13 4 122 135 0
5014 2 8 6 120 142 0
5015 2 8 14 119 148 1
5016 2 8 22 119 154 1
5017 2 7 30 117 161 1
5018 2 7 29 116 167 1
5019 2 7 28 115 174 1
5020 2 6 41 114 180 1
5021 2 6 30 104 186 1
5022 2 6 36 99 193 1
5023 2 8 36 96 193 1
5024 2 8 49 99 193 1
5025 2 10 20 106 194 1
5026 2 10 28 110 193 1
5027 2 10 16 108 196 1
5028 2 12 30 102 193 1
5029 2 12 46 104 193 0
5030 2 12 17 104 189 0
5031 2 14 22 104 189 0
5032 2 18 20 107 187 0
5033 2 16 12 142 162 0
5034 2 16 12 140 160 0
5035 2 20 10 144 158 0
5036 2 18 8 142 156 0
5037 2 22 2 148 152 0
5038 2 32 0 139 145 0
5039 2 41 0 156 140 0
5040 2 51 0 173 135 0
5041 2 80 0 173 124 0
5042 2 80 0 192 86 0
5043 2 94 0 219 81 0
5044 2 129 0 254 73 0
5045 2 153 0 254 63 0
5046 2 176 0 267 35 0
5495 2 308 4 418 48 0
5496 2 306 8 422 58 0
5496 3 1222 0 1333 35 0
5497 2 312 10 434 72 0
5497 3 1222 0 1329 40 0
5498 2 306 8 430 78 0
5498 3 1222 0 1325 46 0
5499 2 308 8 430 88 0
5499 3 1222 0 1321 51 0
5500 2 302 2 422 84 0
5500 3 1218 0 1305 54 0
5501 2 298 0 420 82 0
5501 3 1214 0 1289 58 0
5502 2 298 0 413 75 0
5502 3 1201 0 1290 44 0
5503 2 298 0 406 69 0
5503 3 1187 0 1289 30 0
5504 2 298 0 399 63 0
5505 2 298 0 393 57 0
5506 2 282 0 395 57 0
5507 2 267 0 398 56 0
5508 2 267 0 398 56 0
5880 1 0 0 64 57 0
5881 1 0 0 63 77 0
5882 1 0 0 62 96 0
5883 1 0 0 61 116 0
5884 1 0 0 61 118 0
5885 1 0 0 61 121 0
5886 1 0 0 61 124 0
5887 1 0 0 61 126 0
5888 1 0 0 61 129 0
5889 1 0 0 62 129 0
5890 1 0 0 63 129 0
5891 1 0 0 64 129 0
5892 1 0 0 65 130 0
5893 1 0 0 66 130 0
5894 1 0 0 68 130 0
5895 1 0 0 69 130 0
5896 1 0 0 70 130 0
5897 1 0 0 71 130 0
5898 1 0 0 72 130 0
5899 1 0 0 73 130 0
5900 1 0 0 74 131 0
5901 1 0 0 75 131 0
5902 1 0 0 77 131 0
5903 1 0 0 78 131 0
5904 1 0 0 79 131 0
5905 1 0 0 80 131 0
5906 1 0 0 81 131 0
5907 1 0 0 82 131 0
5908 1 0 0 83 131 0
5909 1 0 0 84 132 0
5910 1 0 0 85 132 0
5911 1 0 0 87 132 0
5912 1 0 0 88 132 0
5913 1 0 0 89 113 0
5914 1 0 0 91 94 0
5915 1 0 0 93 100 0
5916 1 4 0 93 90 0
5917 1 7 0 93 80 0
5918 1 11 0 93 70 0
5919 1 11 0 93 70 0
5920 1 11 0 98 65 0
5921 1 11 0 103 59 0
5922 1 11 0 108 54 0
5923 1 11 0 113 48 0
5924 1 11 0 114 50 0
5925 1 11 0 115 52 0
5926 1 11 0 117 54 0
5927 1 11 0 118 56 0
5928 1 11 0 119 57 0
5929 1 11 0 120 59 0
5930 1 11 0 121 61 0
5931 1 11 0 123 63 0
5932 1 11 0 121 60 0
5933 1 11 0 119 58 0
5934 1 11 0 118 55 0
5935 1 11 0 116 52 0
5936 1 11 0 114 50 0
5937 1 12 0 112 51 0
5938 1 13 0 109 52 0
5939 1 14 0 107 53 0
5940 1 16 0 106 54 0
5941 1 17 0 103 55 0
5942 1 18 0 101 56 0
5943 1 19 0 99 57 0
5944 1 17 0 99 62 0
5945 1 15 0 99 67 0
5946 1 13 0 99 72 0
5947 1 11 0 99 77 0
5948 1 9 0 99 82 0
5949 1 6 0 98 87 0
5950 1 4 0 98 92 0
5951 1 2 0 98 97 0
5952 1 0 0 98 102 0
5953 1 0 0 96 103 0
5954 1 0 0 94 104 0
5955 1 0 0 92 105 0
5956 1 0 0 89 106 0
5957 1 0 0 87 107 0
5958 1 0 0 85 108 0
5959 1 0 0 83 109 0
5960 1 0 0 81 110 0
5961 1 0 0 78 110 0
5962 1 0 0 76 111 0
5963 1 0 0 74 112 0
5964 1 0 0 72 113 0
5965 1 0 0 61 92 0
6141 1 0 0 67 145 0
6142 1 0 0 68 148 0
6143 1 0 0 68 151 0
6144 1 0 0 69 154 0
6145 1 0 0 69 157 0
6146 1 0 0 70 160 0
6147 1 0 0 71 163 0
6148 1 0 0 71 166 0
6149 1 0 0 72 169 0
6150 1 0 0 72 172 0
6151 1 0 0 72 172 0
6186 1 0 6 83 179 0
6187 1 0 6 82 178 0
6188 1 0 6 81 178 0
6189 1 0 6 80 177 0
6190 1 0 6 79 177 0
6191 1 0 6 79 176 0
6192 1 0 6 78 176 0
6193 1 0 6 77 175 0
6194 1 0 6 76 174 0
6195 1 0 6 75 174 0
6196 1 0 6 64 219 0
6197 1 0 6 64 219 0
6198 1 0 6 64 219 0
6262 1 3 4 91 164 0
6263 1 3 4 95 156 0
6264 1 3 4 100 148 0
6265 1 3 4 104 140 0
6266 1 3 4 107 138 0
6267 1 3 4 110 137 0
6268 1 3 4 113 136 0
6269 1 3 4 116 134 0
6270 1 3 4 119 133 0
6271 1 3 4 122 132 0
6272 1 3 4 125 130 0
6273 1 3 4 127 129 0
6274 1 3 4 130 128 0
6275 1 3 4 133 126 0
6276 1 3 3 130 124 0
6277 1 3 2 126 123 0
6278 1 3 1 123 121 0
6279 1 3 1 113 118 0
6280 1 3 1 104 115 0
6281 1 3 1 99 103 0
6282 1 3 1 93 91 0
6330 1 0 0 132 70 0
6331 1 0 4 134 76 0
6332 1 2 8 136 80 0
6333 1 2 14 136 88 0
6334 1 4 18 138 92 0
6335 1 6 20 140 94 0
6336 1 8 20 142 94 0
6337 1 8 18 142 92 0
6338 1 8 12 142 86 0
6339 1 8 2 144 78 0
6340 1 6 0 142 74 0
6341 1 6 0 134 70 0
6342 1 6 0 126 67 0
6343 1 6 0 118 63 0
6344 1 6 0 110 60 0
6345 1 6 0 114 62 0
6346 1 6 0 119 64 0
6347 1 6 0 123 65 0
6348 1 6 0 128 67 0
6349 1 6 0 133 69 0
6350 1 6 0 137 71 0
6351 1 6 0 142 73 0
6352 1 6 0 135 76 0
6353 1 6 0 129 79 0
6354 1 6 0 123 83 0
6355 1 6 0 116 86 0
6356 1 6 0 110 89 0
6357 1 6 0 109 98 0
6358 1 6 0 108 107 0
6359 1 6 0 107 116 0
6360 1 6 0 106 125 0
6361 1 6 0 105 134 0
6362 1 6 0 104 143 0
6363 1 6 0 107 143 0
6364 1 6 0 112 156 0
6365 1 6 0 112 177 0
6492 1 3 1 109 193 0
6493 1 8 0 136 160 0
6494 1 8 0 126 165 0
6495 1 8 0 134 157 0
6496 1 8 0 142 150 0
6497 1 8 0 150 142 0
6498 1 8 0 158 135 0
6499 1 8 0 151 113 0
6500 1 8 0 146 112 0
6501 1 8 0 142 111 0
6502 1 8 0 144 118 0
6503 1 8 0 145 125 0
6504 1 8 0 147 132 0
6505 1 8 0 148 139 0
6506 1 8 0 150 146 0
6507 1 8 0 147 151 0
6508 1 8 0 144 157 0
6509 1 8 0 141 162 0
6510 1 8 0 138 167 0
6511 1 8 0 137 177 0
6512 1 8 0 137 187 0
6513 1 8 0 118 201 0
6514 1 0 0 118 205 0
6515 1 0 0 112 208 0
6516 1 0 0 109 217 0
6517 1 0 0 102 223 0
6518 1 0 0 102 221 0
6519 1 0 0 102 218 0
6520 1 0 0 103 215 0
6521 1 0 0 103 212 0
6522 1 0 0 103 210 0
6523 1 0 0 103 207 0
6524 1 0 0 104 204 0
6525 1 0 0 104 202 0
6526 1 0 0 104 199 0
6527 1 0 0 103 197 0
6528 1 0 0 102 195 0
6529 1 0 0 101 192 0
6530 1 0 0 100 190 0
6531 1 0 0 96 192 0
6532 1 0 0 93 194 0
6533 1 0 0 98 196 0
6534 1 0 7 93 206 0
6535 1 0 15 88 218 0
6536 1 0 29 88 233 0
6537 1 0 29 80 240 0
6538 1 0 29 75 241 0
6539 1 0 29 69 243 0
6540 1 0 29 68 243 0
6541 1 0 29 61 224 0
6542 1 0 29 53 204 0
6546 1 0 0 83 215 0
6547 1 0 0 87 213 0
6548 1 0 0 92 211 0
6549 1 4 0 96 209 0
6550 1 4 0 93 211 0
6551 1 4 0 90 212 0
6552 1 4 0 87 214 0
6553 1 4 0 84 216 0
6554 1 4 0 80 217 0
6555 1 4 0 83 247 0
6556 1 4 14 88 246 0
6559 2 150 0 296 60 0
6560 2 142 4 284 90 0
6561 2 135 12 273 121 0
6562 2 128 20 262 152 0
6563 2 124 18 256 162 0
6564 2 122 20 254 168 0
6565 2 122 16 254 162 0
6566 2 122 12 254 158 0
6567 2 126 4 256 150 0
6568 2 134 0 266 136 0
6569 2 147 0 265 140 0
6570 2 155 0 283 124 0
6571 2 179 0 304 126 0
6571 1 0 108 75 351 0
6572 2 197 0 321 126 0
6572 1 0 82 84 282 0
6573 2 214 0 336 126 0
6573 1 3 78 86 303 0
6574 2 214 9 350 105 0
6574 1 6 74 107 305 0
6575 2 246 9 350 105 0
6575 1 5 69 115 295 0
6576 2 246 9 366 70 0
6576 1 4 64 124 284 0
6577 2 259 0 363 74 0
6577 1 0 52 131 308 0
6578 2 259 0 379 70 0
6578 1 0 52 137 294 0
6579 2 270 0 378 70 0
6579 1 0 52 144 281 0
6580 2 270 0 378 70 0
6580 1 0 52 144 281 0
6581 2 270 0 391 75 0
6581 1 0 52 144 281 0
6582 2 270 0 391 75 0
6582 1 0 52 144 281 0
6583 2 270 0 391 75 0
6583 1 0 52 127 291 0
6584 2 262 0 368 68 0
6584 1 0 52 111 291 0
6585 2 249 0 369 68 0
6585 1 0 52 102 302 0
6586 2 225 0 369 81 0
6586 1 0 73 87 317 0
6587 2 205 0 320 79 0
6587 1 0 89 78 329 0
6588 2 189 0 320 101 0
6588 1 0 129 67 344 0
6589 2 173 26 277 166 0
6590 2 124 52 262 186 0
6591 2 108 56 240 198 0
6592 2 104 66 240 206 0
6593 2 92 64 218 202 0
6594 2 86 64 218 210 0
6595 2 84 48 210 196 0
6596 2 90 32 218 184 0
6597 2 94 18 220 164 0
6598 2 110 6 230 144 0
6599 2 124 6 247 136 0
6600 2 139 6 266 129 0
6601 2 153 6 284 122 0
6602 2 168 6 297 116 0
6603 2 182 6 308 111 0
6604 2 182 6 326 93 0
6605 2 209 6 326 109 0
6605 1 7 74 107 313 0
6606 2 204 6 322 111 0
6606 1 7 74 110 324 0
6607 2 200 6 319 113 0
6607 1 7 74 113 336 0
6608 2 195 6 315 115 0
6608 1 4 77 113 335 0
6609 2 190 6 311 117 0
6609 1 4 77 95 344 0
6610 2 185 6 307 120 0
6610 1 4 104 95 344 0
6611 2 180 6 303 122 0
6611 1 4 104 88 368 0
6612 2 176 6 300 124 0
6612 1 4 135 75 388 0
6613 2 162 6 299 131 0
6614 2 149 6 264 169 0
6615 2 106 70 234 210 0
6616 2 90 96 220 234 0
6617 2 82 110 208 256 0
6618 2 80 124 206 272 0
6619 2 78 134 210 282 0
6620 2 74 140 202 282 0
6621 2 74 136 204 290 0
6622 2 74 130 204 286 0
6623 2 78 124 204 268 0
6624 2 88 112 216 266 0
6625 2 98 94 222 242 0
6626 2 122 72 220 224 0
6627 2 126 84 242 211 0
6628 2 140 58 264 204 0
6629 2 150 75 276 207 0
6630 2 162 56 290 214 0
6631 2 170 64 300 216 0
6632 2 180 76 306 228 0
6632 1 2 226 59 459 0
6633 2 192 92 316 242 0
6633 1 1 226 73 462 0
6634 2 194 106 324 270 0
6634 3 1012 8 1198 130 0
6634 1 0 226 86 466 0
6635 2 197 119 328 280 0
6635 3 1014 10 1189 140 0
6635 1 0 241 93 476 0
6636 2 200 132 332 290 0
6636 3 1016 12 1180 151 0
6636 1 0 255 100 486 0
6637 2 203 152 334 312 0
6637 3 1018 14 1172 162 0
6637 1 0 280 104 486 0
6638 2 206 172 336 334 0
6638 3 1040 44 1192 246 0
6638 1 0 304 104 539 0
6639 2 212 198 329 363 0
6639 3 1010 46 1180 246 0
6639 1 0 333 104 539 0
6640 2 218 224 322 392 0
6640 3 1010 60 1162 264 0
6640 1 0 387 102 593 0
6641 2 209 251 327 415 0
6641 3 1002 72 1150 276 0
6641 1 0 387 107 618 0
6642 2 200 278 332 438 0
6642 3 1000 98 1164 304 0
6642 1 0 422 122 617 0
6643 2 199 292 329 451 0
6643 3 990 108 1158 308 0
6643 1 0 422 105 660 0
6644 2 198 306 326 464 0
6644 3 992 120 1158 314 0
6644 1 0 435 106 673 0
6645 2 199 318 327 476 0
6645 3 992 126 1160 322 0
6645 1 0 447 106 685 0
6646 2 200 330 328 488 0
6646 3 986 126 1162 326 0
6646 1 2 454 108 692 0
6647 2 200 341 331 499 0
6647 3 974 140 1170 316 0
6647 1 4 462 110 700 0
6648 2 200 352 334 510 0
6648 3 980 136 1154 330 0
6648 1 7 469 113 707 0
6649 2 198 354 333 509 0
6649 3 980 140 1150 330 0
6649 1 7 475 113 713 0
6650 2 196 356 332 508 0
6650 3 978 140 1146 330 0
6650 1 7 481 113 719 0
6651 2 195 355 333 508 0
6651 3 976 138 1144 330 0
6651 1 7 487 113 725 0
6652 2 194 354 334 508 0
6652 3 980 140 1146 332 0
6652 1 7 490 113 728 0
6653 2 197 355 334 510 0
6653 3 990 152 1166 362 0
6653 1 8 494 114 732 0
6654 2 200 356 334 512 0
6654 3 996 160 1168 360 0
6654 1 8 497 114 735 0
6655 2 204 368 335 523 0
6655 3 988 178 1180 356 0
6655 1 9 500 115 738 0
6656 2 208 380 336 534 0
6656 3 1006 196 1170 390 0
6656 1 10 512 116 750 0
6657 2 213 401 344 562 0
6657 3 1004 210 1164 406 0
6657 1 10 524 116 762 0
6658 2 218 422 352 590 0
6658 3 1014 250 1174 446 0
6658 1 11 536 117 774 0
6659 2 230 458 359 614 0
6659 3 1024 278 1208 467 0
6659 1 18 554 124 792 0
6660 2 242 494 366 638 0
6660 3 1052 360 1194 522 0
6660 1 18 623 149 792 0
6661 2 266 542 394 713 0
6661 3 1048 353 1203 557 0
6661 1 18 636 160 849 0
6662 2 278 611 407 762 0
6662 3 1064 436 1248 611 0
6662 1 18 714 169 914 0
6663 2 300 674 424 807 0
6663 3 1101 496 1256 680 0
6663 1 36 769 192 952 0
6664 2 310 743 432 881 0
6664 3 1108 583 1265 756 0
6664 1 74 817 223 1010 0
6665 2 346 818 470 964 0
6665 3 1108 642 1289 852 0
6665 1 74 899 236 1077 0
6666 2 366 885 495 1053 0
6666 3 1167 706 1300 943 0
6666 1 74 959 258 1070 0
6667 2 383 986 507 1076 0
6667 3 1175 813 1345 973 0
6667 1 138 1015 269 1077 0
6668 3 1175 877 1346 1047 0
6669 3 1190 927 1346 1090 0
6670 3 1204 962 1388 1079 0
6671 3 1204 983 1388 1079 0
6732 2 263 1006 349 1077 0
6733 2 216 1000 320 1077 0
6734 2 184 976 286 1065 0
6735 2 152 952 252 1053 0
6736 2 128 928 231 1057 0
6737 2 91 913 197 1035 0
6738 2 72 886 180 1022 0
6739 2 53 859 168 995 0
6740 2 34 831 155 967 0
6741 2 30 799 144 953 0
6741 3 800 951 980 1075 0
6742 2 38 770 128 924 0
6742 3 789 940 959 1072 0
6743 2 6 754 120 882 0
6743 3 778 930 938 1070 0
6744 2 2 733 104 877 0
6744 3 773 916 934 1062 0
6745 2 6 676 92 832 0
6745 3 768 902 930 1054 0
6746 2 8 685 112 799 0
6746 3 763 888 926 1046 0
6747 2 6 622 94 790 0
6747 3 758 874 922 1038 0
6748 2 2 623 94 753 0
6748 3 749 853 915 1027 0
6749 2 2 574 82 732 0
6749 3 740 832 908 1016 0
6750 2 0 583 107 713 0
6750 3 731 810 900 1004 0
6751 2 1 562 95 682 0
6751 3 722 789 893 993 0
6752 2 2 540 83 651 0
6752 3 702 772 887 946 0
6753 2 0 516 86 660 0
6753 3 694 762 858 918 0
6754 2 0 491 79 641 0
6754 3 690 748 856 914 0
6755 2 0 466 72 623 0
6755 3 678 732 844 886 0
6756 2 0 459 75 613 0
6756 3 676 720 842 874 0
6757 2 0 452 78 602 0
6757 3 666 710 871 882 0
6758 2 0 446 80 593 0
6758 3 658 712 836 870 0
6759 2 0 439 83 583 0
6759 3 650 702 830 854 0
6760 2 0 439 46 583 0
6760 3 652 698 826 856 0
6761 2 0 439 46 583 0
6761 3 644 692 816 850 0
6762 2 0 439 46 583 0
6762 3 642 688 812 852 0
6763 3 634 678 806 842 0
6764 3 626 672 804 836 0
6765 3 626 664 792 820 0
6766 3 622 654 790 832 0
6767 3 616 652 788 834 0
6768 3 614 650 786 834 0
6769 3 608 646 782 838 0
6770 3 608 644 780 838 0
6771 3 604 642 776 836 0
6772 3 602 638 770 826 0
6773 3 600 632 766 818 0
6774 3 590 622 762 810 0
6775 3 588 614 758 800 0
6776 3 582 602 750 782 0
6777 3 580 598 754 784 0
6778 3 570 590 736 784 0
6779 3 566 582 732 760 0
6780 3 560 580 730 762 0
6781 3 554 580 730 766 0
6782 3 558 576 732 768 0
6783 3 552 570 724 756 0
6784 3 538 562 710 748 0
6785 3 512 560 682 748 0
6786 3 492 554 662 730 0
6787 3 480 532 642 710 0
6788 3 458 522 618 704 0
6789 3 438 516 610 710 0
6790 3 418 506 594 684 0
6791 3 404 496 568 682 0
6792 3 380 480 548 666 0
6793 3 368 476 534 662 0
6794 3 350 462 522 646 0
6795 3 334 452 496 632 0
6796 3 326 446 486 634 0
6797 3 302 448 466 640 0
6798 3 274 450 436 638 0
6799 3 252 452 418 642 0
6800 3 254 450 424 646 0
6801 3 258 446 428 642 0
6802 3 264 454 436 650 0
6803 3 276 458 450 660 0
6804 3 306 476 482 666 0
6805 3 321 476 505 687 0
6806 3 358 490 555 727 0
6807 3 403 500 608 748 0
6808 3 438 524 643 772 0
6809 3 516 524 713 791 0
6810 3 609 543 798 802 0
6811 3 651 578 840 837 0
6812 2 0 567 92 740 0
6812 3 720 609 909 868 0
6813 2 55 641 144 763 0
6813 3 789 640 978 899 0
6814 2 115 692 220 825 0
6814 3 854 654 1043 913 0
6815 2 191 754 315 908 0
6815 3 939 702 1128 961 0
6816 2 250 821 379 950 0
6816 3 1020 741 1209 1000 0
6817 2 334 858 467 1033 0
6817 3 1096 767 1285 1026 0
6818 2 415 913 548 1042 0
6818 3 1181 795 1370 1054 0
6819 2 500 957 615 1079 0
6819 3 1266 819 1437 1033 0
6819 4 19 695 232 967 0
6820 2 576 973 695 1065 0
6820 3 1347 819 1513 1024 0
6820 4 19 733 291 1013 0
6821 2 661 987 762 1072 0
6821 3 1397 796 1590 1029 0
6821 4 75 714 347 994 0
6822 2 719 1001 822 1086 0
6822 3 1478 775 1641 1024 0
6822 4 120 717 392 997 0
6823 2 765 997 866 1089 0
6823 3 1524 761 1683 989 0
6823 4 168 701 493 1042 0
6824 2 810 976 912 1067 0
6824 3 1556 736 1715 987 0
6824 4 168 701 501 1053 0
6825 2 871 980 967 1069 0
6825 3 1603 713 1755 936 0
6825 4 238 682 569 1058 0
6826 2 906 955 1015 1056 0
6826 3 1637 692 1793 890 0
6826 4 278 618 583 989 0
6827 2 941 930 1062 1030 0
6827 3 1670 680 1833 878 0
6827 4 283 578 643 1021 0
6828 2 987 905 1108 1011 0
6828 3 1716 639 1845 851 0
6828 4 355 544 729 1002 0
6829 2 1033 880 1155 991 0
6829 4 414 564 737 1031 0
6830 2 1084 855 1201 953 0
6830 4 422 500 801 992 0
6831 2 1114 835 1233 939 0
6831 4 508 470 817 946 0
6832 2 1144 815 1266 924 0
6832 4 529 458 841 949 0
6833 2 1173 797 1301 911 0
6833 4 542 450 843 930 0
6834 2 1175 765 1311 911 0
6834 4 550 450 849 946 0
6835 2 1200 757 1325 895 0
6835 4 584 440 914 946 0
6836 2 1221 738 1341 893 0
6836 4 616 420 916 938 0
6837 2 1245 716 1359 855 0
6837 4 596 511 929 932 0
6838 2 1255 696 1387 839 0
6838 4 648 492 946 921 1
6839 2 1290 676 1401 807 0
6839 4 660 354 970 864 1
6840 2 1287 644 1417 773 0
6840 4 710 324 983 839 1
6841 2 1317 622 1433 749 0
6841 4 716 304 1015 829 1
6842 2 1346 612 1450 723 0
6842 4 733 327 1025 692 1
6843 2 1368 583 1471 696 0
6843 4 754 277 1065 785 1
6844 2 1387 572 1490 685 0
6844 4 772 335 1067 696 1
6845 2 1406 551 1528 675 0
6845 4 790 222 1100 738 1
6846 2 1420 532 1538 649 0
6846 4 808 380 1130 727 1
6847 2 1426 504 1554 652 0
6847 4 804 369 1121 710 1
6848 2 1432 496 1558 638 0
6848 4 783 359 1114 690 1
6849 2 1456 478 1556 628 0
6849 4 796 348 1143 684 1
6850 2 1464 472 1586 614 0
6850 4 793 340 1156 665 1
6851 2 1476 462 1604 606 0
6851 4 863 378 1164 655 1
6852 2 1504 466 1602 583 0
6852 4 895 348 1194 644 1
6853 2 1514 455 1627 585 0
6853 4 903 337 1215 638 1
6854 2 1558 438 1658 588 0
6854 4 938 327 1255 623 1
6855 2 1562 434 1667 581 0
6855 4 994 303 1282 615 1
6856 2 1580 436 1702 574 0
6856 4 1023 297 1306 606 1
6857 2 1598 424 1692 578 0
6857 4 1020 311 1292 575 1
6858 2 1598 404 1696 558 0
6858 4 1028 265 1292 582 1
6859 2 1598 415 1707 549 0
6859 4 1023 241 1300 542 1
6860 2 1596 404 1712 549 0
6860 4 1002 201 1290 540 1
6861 2 1594 391 1715 543 0
6861 4 1007 201 1298 526 1
6862 2 1566 370 1685 524 0
6862 4 975 220 1279 519 1
6863 2 1532 374 1645 503 0
6863 4 922 128 1217 463 1
6864 2 1512 392 1632 516 0
6864 4 914 36 1191 482 1
6865 2 1477 410 1559 554 0
6865 4 802 64 1151 554 1
6866 2 1411 452 1507 585 0
6866 4 769 177 1081 582 1
6867 2 1347 505 1446 634 0
6867 4 664 146 1042 604 1
6868 2 1264 563 1367 710 0
6868 4 584 194 938 682 1
6869 2 1199 604 1288 737 0
6869 4 537 332 868 729 1
6870 2 1141 671 1226 797 0
6870 4 430 300 809 797 1
6871 2 1051 720 1150 863 0
6871 4 362 352 769 837 1
6872 2 984 796 1085 918 0
6872 4 296 567 652 892 1
6873 2 929 874 1037 1000 0
6873 3 1674 625 1807 791 0
6873 4 230 596 604 972 1
6874 2 890 925 996 1042 0
6874 3 1644 683 1807 862 0
6874 4 241 570 561 1047 1
6875 2 841 964 942 1060 0
6875 3 1600 708 1761 901 0
6875 4 142 612 486 1024 1
6876 2 793 987 885 1074 0
6876 3 1563 752 1736 948 0
6876 4 102 652 428 1029 1
6877 2 740 1015 827 1074 0
6877 3 1522 752 1690 996 0
6877 4 66 668 398 1040 1
6878 2 684 1010 778 1074 0
6878 3 1464 784 1653 1012 0
6878 4 30 666 353 1053 1
6879 2 645 1006 723 1075 0
6879 3 1423 814 1598 1017 0
6879 4 30 733 339 1053 1
6880 2 597 1017 682 1074 0
6880 3 1390 833 1574 1040 0
6880 4 30 797 283 1053 1
6881 2 560 1017 682 1074 0
6881 3 1351 860 1535 1058 0
6881 4 14 789 283 1053 1
6882 2 535 1017 643 1079 0
6882 3 1336 866 1512 1069 0
6882 4 14 789 222 1072 1
6883 2 509 1017 642 1079 0
6883 3 1321 872 1489 1079 0
6883 4 14 789 225 1071 1
6884 2 495 1017 614 1076 0
6884 3 1321 893 1477 1079 0
6884 4 14 789 229 1070 1
6885 2 481 1024 614 1077 0
6885 3 1307 904 1477 1079 0
6885 4 14 789 232 1069 1
6886 3 1307 941 1477 1079 0
6886 4 13 786 231 1068 1
6887 3 1303 945 1478 1079 0
6887 4 13 783 231 1068 1
6888 3 1298 948 1477 1079 0
6888 4 13 781 231 1068 1
6889 3 1299 950 1477 1079 0
6889 4 13 778 231 1067 1
6890 3 1300 952 1477 1079 0
6890 4 13 775 231 1066 1
6891 3 1302 954 1478 1079 0
6891 4 13 773 231 1067 1
6892 3 1303 956 1478 1079 0
6892 4 12 770 230 1066 1
6893 3 1304 958 1478 1079 0
6893 4 12 767 230 1065 1
6894 3 1305 960 1478 1079 0
6894 4 12 765 230 1066 1
6895 3 1305 958 1478 1079 0
6895 4 12 762 230 1065 1
6896 3 1305 957 1478 1079 0
6896 4 12 759 230 1064 1
6897 3 1307 967 1477 1080 0
6897 4 11 757 229 1065 1
6898 3 1307 967 1477 1079 0
6898 4 11 754 229 1064 1
6899 3 1307 967 1477 1079 0
6899 4 11 751 229 1063 1
6900 3 1306 967 1476 1079 0
6900 4 11 749 229 1064 1
6901 3 1306 967 1476 1079 0
6901 4 11 751 229 1063 1
6902 3 1306 967 1475 1079 0
6902 4 11 753 229 1063 1
6903 3 1305 967 1474 1079 0
6903 4 11 755 228 1063 1
6904 3 1305 967 1474 1079 0
6904 4 11 757 228 1063 1
6905 3 1305 967 1474 1079 0
6905 4 11 760 227 1064 1
6906 3 1304 968 1473 1080 0
6906 4 11 762 227 1063 1
6907 3 1304 968 1472 1079 0
6907 4 11 764 226 1063 0
6908 3 1304 968 1472 1079 0
6908 4 11 766 226 1063 0
6909 3 1303 968 1471 1079 0
6909 4 11 768 225 1063 0
6910 3 1303 968 1471 1079 0
6910 4 11 771 225 1064 0
6911 3 1303 968 1471 1079 0
6911 4 11 773 224 1064 0
6912 3 1302 968 1470 1079 0
6912 4 11 773 224 1064 0
6913 3 1302 968 1469 1079 0
6913 4 11 773 224 1064 0
6914 3 1301 969 1468 1080 0
6914 4 11 773 224 1064 0
6915 3 1301 969 1468 1079 0
6915 4 11 773 224 1064 0
6916 3 1301 969 1468 1079 0
6916 4 11 773 224 1064 0
6917 3 1300 969 1467 1079 0
6917 4 11 773 224 1064 0
6918 3 1300 969 1467 1079 0
6918 4 11 773 224 1064 0
6919 3 1300 969 1466 1079 0
6919 4 11 773 224 1064 0
6920 3 1299 969 1465 1079 0
6920 4 11 773 224 1064 0
6921 3 1299 969 1465 1079 0
6921 4 11 773 224 1064 0
6922 3 1299 969 1465 1079 0
6922 4 11 762 232 1064 0
6923 3 1298 970 1464 1080 0
6923 4 11 752 240 1066 0
6924 3 1298 970 1464 1079 0
6924 4 11 741 248 1067 0
6925 3 1298 970 1463 1079 0
6925 4 11 730 256 1068 0
6926 3 1297 970 1462 1079 0
6926 4 11 720 263 1070 0
6927 3 1297 970 1462 1079 0
6927 4 11 709 271 1071 0
6928 3 1297 970 1462 1079 0
6928 4 11 699 279 1073 0
6929 3 1296 970 1461 1079 0
6929 4 11 688 287 1074 0
6930 3 1296 970 1461 1079 0
6930 4 11 678 295 1076 0
6931 3 1296 970 1460 1079 0
6931 4 11 667 303 1076 0
6932 3 1295 971 1459 1080 0
6932 4 11 657 310 1078 0
6933 3 1295 971 1459 1079 0
6933 4 11 826 197 1079 0
6934 3 1295 971 1459 1079 0
6934 4 11 813 203 1079 0
6935 3 1294 971 1458 1079 0
6935 4 11 800 209 1080 1
6936 3 1294 971 1457 1079 0
6936 4 11 786 215 1079 1
6937 3 1294 971 1457 1079 0
6937 4 11 773 221 1079 1
6938 3 1294 976 1457 1079 0
6938 4 11 774 221 1079 1
6939 3 1292 972 1456 1079 0
6939 4 11 775 220 1079 1
6940 3 1290 968 1454 1079 0
6940 4 11 776 219 1080 1
6941 3 1289 964 1453 1079 0
6941 4 11 776 218 1079 1
6942 3 1287 960 1451 1079 0
6942 4 11 777 218 1079 1
6943 3 1285 956 1449 1080 0
6943 4 11 778 217 1079 1
6944 3 1284 952 1449 1080 0
6944 4 11 779 216 1079 1
6945 3 1282 948 1447 1080 0
6945 4 11 779 215 1079 1
6946 3 1281 943 1446 1079 0
6946 4 11 780 215 1079 1
6947 3 1279 939 1444 1079 0
6947 4 11 781 214 1079 1
6948 3 1277 935 1443 1079 0
6948 4 11 782 213 1079 1
6949 3 1276 931 1442 1079 0
6949 4 11 782 212 1079 1
6950 3 1274 927 1440 1079 0
6950 4 11 783 211 1079 1
6951 3 1273 923 1439 1079 0
6951 4 11 784 211 1079 1
6952 3 1271 919 1438 1079 0
6952 4 11 785 210 1079 1
6953 3 1269 915 1436 1079 0
6953 4 11 785 209 1079 1
6954 3 1268 911 1435 1079 0
6954 4 11 786 208 1079 1
6955 3 1266 907 1433 1079 0
6955 4 11 787 208 1079 1
6956 3 1264 903 1431 1079 0
6956 4 11 788 207 1079 1
6957 3 1263 899 1431 1079 0
6957 4 11 788 154 1072 1
6958 2 426 999 566 1072 0
6958 3 1261 895 1429 1079 0
6958 4 11 788 154 1057 1
6959 2 421 950 559 1065 0
6959 3 1245 850 1422 1046 0
6959 4 11 634 119 1013 1
6960 2 405 918 534 1047 0
6960 3 1229 804 1415 1011 0
6961 2 389 841 529 1005 0
6961 3 1213 759 1409 978 0
6962 2 375 798 512 927 0
6962 3 1209 684 1401 921 0
6963 2 362 717 496 853 0
6963 3 1206 610 1395 865 0
6964 2 348 636 478 778 0
6964 3 1178 535 1387 719 0
6965 2 335 556 462 705 0
6965 3 1162 420 1360 650 0
6966 2 322 475 445 631 0
6966 3 1162 341 1344 525 0
6967 2 308 394 428 556 0
6967 3 1160 247 1342 463 0
6968 2 295 313 411 482 0
6968 3 1157 189 1339 405 0
6969 2 260 191 394 343 0
6969 3 1120 46 1302 262 0
6970 2 245 131 377 285 0
6970 3 1107 2 1303 209 0
6971 2 230 70 360 227 0
6971 3 1107 2 1282 165 0
6972 2 214 41 352 201 0
6972 3 1107 2 1284 119 0
6973 2 185 1 334 147 0
6974 2 185 1 323 139 0
6975 2 166 1 310 118 0
6976 2 147 0 280 102 0
6977 2 147 0 275 54 0
7020 2 32 0 128 46 0
7021 2 32 0 137 48 0
7022 2 32 0 146 49 0
7023 2 32 0 148 54 0
7024 2 32 0 149 60 0
7025 2 32 0 157 57 0
7026 2 32 0 157 57 0
7027 2 32 0 157 57 0
7028 2 32 0 157 57 0
7029 2 32 0 157 57 0
7030 2 32 0 157 57 0
7031 2 32 0 157 57 0
7032 2 32 0 157 57 0
7033 2 32 0 157 57 0
7034 2 32 0 157 57 0
7035 2 32 0 157 57 0
7036 2 32 0 157 57 0
7037 2 32 0 157 57 0
7038 2 32 0 157 57 0
7039 2 32 0 157 57 0
7040 2 32 0 157 57 0
7041 2 32 0 157 57 0
7042 2 32 0 157 57 0
7043 2 32 0 157 57 0
7044 2 32 0 157 57 0
7045 2 32 0 157 57 0
7046 2 32 0 157 57 0
7047 2 32 0 157 57 0
7048 2 32 0 157 57 0
7049 2 32 0 157 57 0
7050 2 32 0 157 57 0
7051 2 32 0 157 57 0
7052 2 32 0 157 57 0
7053 2 32 0 157 57 0
7054 2 32 0 157 57 0
7055 2 32 0 157 57 0
7056 2 32 0 157 57 0
7057 2 32 0 157 57 0
7058 2 32 0 157 57 0
7059 2 32 0 158 52 0
7060 2 32 0 159 47 0
7061 2 32 0 160 43 0
7062 2 32 0 161 38 0
7063 2 32 0 162 33 0
7064 2 38 0 166 34 0
7065 2 45 0 170 36 0
7066 2 51 0 174 37 0
7067 2 57 0 177 39 0
7068 2 63 0 181 40 0
7069 2 67 0 180 45 0
7070 2 72 0 181 49 0
7145 1 6 1 110 121 0
7146 1 6 1 109 125 0
7147 1 6 1 108 129 0
7148 1 6 1 108 133 0
7149 1 6 1 107 137 0
7150 1 6 1 107 137 0
7614 2 0 0 72 53 0
7615 2 0 0 74 54 0
7616 2 0 0 76 54 0
7617 2 0 0 79 54 0
7618 2 0 0 81 54 0
7619 2 0 0 83 55 0
7620 2 0 0 95 42 0
7637 1 2 7 68 120 0
7638 1 2 7 80 105 0
7639 1 2 7 91 90 0
7640 1 2 7 108 69 0
7641 1 2 7 128 66 0
7642 1 2 7 149 64 0
7643 1 2 7 163 53 0
7644 1 62 2 193 71 0
7645 1 62 5 235 71 0
7646 1 92 5 255 69 0
7647 1 135 5 303 76 0
7648 1 135 5 312 83 0
7649 1 188 5 344 88 0
7650 1 188 5 365 85 0
7651 1 188 5 386 83 0
7652 1 225 5 402 83 0
7653 1 248 5 402 64 0
7663 1 424 0 553 46 0
7664 1 424 0 599 57 0
7665 1 479 0 610 73 0
7666 1 507 0 645 59 0
7667 1 507 0 651 61 0
7668 1 507 0 657 63 0
7669 1 507 0 663 64 0
7670 1 504 0 657 73 0
7671 1 501 0 650 81 0
7672 1 498 0 643 89 0
7673 1 442 0 594 94 0
7674 1 385 0 525 89 0
7675 1 304 0 451 80 0
7676 1 239 0 382 87 0
7677 1 177 0 322 80 0
7678 1 133 0 259 78 0
7679 1 75 0 204 85 0
7680 1 36 0 181 85 0
7681 1 11 0 151 87 0
7682 1 11 0 124 87 0
7683 1 11 0 117 93 0
7684 1 11 0 110 99 0
7685 1 0 0 82 110 0
7686 1 0 0 82 129 0
7785 3 1182 6 1344 90 0
7786 3 1174 2 1336 102 0
7787 3 1148 0 1316 92 0
7788 3 1139 0 1309 90 0
7789 3 1130 0 1303 88 0
7790 3 1121 0 1296 86 0
7791 3 1113 0 1291 84 0
7792 3 1102 4 1266 92 0
7793 3 1084 4 1246 80 0
7794 3 1078 0 1238 78 0
7795 3 1082 0 1250 90 0
7796 3 1075 0 1249 83 0
7797 3 1068 0 1249 77 0
7798 3 1098 0 1254 65 0
7799 3 1110 0 1259 61 0
7800 3 1107 0 1235 61 0
7801 3 1103 0 1234 49 0
7802 3 1093 0 1200 42 0
7803 3 1089 0 1188 44 0
7804 3 1085 0 1176 47 0
7805 3 1066 0 1176 56 0
7806 3 1065 0 1175 68 0
7807 3 1064 0 1175 80 0
7808 3 1064 0 1173 96 0
7809 3 1065 1 1172 110 0
7810 3 1065 4 1170 126 0
7811 3 1064 4 1169 134 0
7812 3 1064 4 1170 141 0
7813 3 1057 4 1170 148 0
7814 3 1050 4 1170 154 0
7815 3 1042 4 1169 161 0
7816 2 210 6 322 56 0
7816 3 1041 4 1170 158 0
7817 2 216 4 328 60 0
7817 3 1039 4 1170 155 0
7818 2 216 2 334 60 0
7818 3 1037 4 1170 152 0
7819 2 216 0 332 58 0
7819 3 1035 4 1170 149 0
7820 2 212 0 328 58 0
7820 3 1034 4 1170 146 0
7821 2 212 0 328 58 0
7821 3 1032 4 1170 143 0
7822 3 1032 4 1161 127 0
7823 3 1023 4 1161 115 0
7824 3 1023 4 1164 78 0
8138 3 1469 0 1593 57 0
8139 3 1482 6 1612 72 0
8140 3 1488 6 1642 96 0
8141 3 1493 6 1671 120 0
8142 3 1541 6 1703 134 0
8142 1 276 0 443 74 0
8143 3 1581 6 1738 168 0
8143 1 327 0 498 88 0
8144 3 1635 7 1771 177 0
8144 1 378 0 553 103 0
8145 3 1677 11 1803 208 0
8145 1 430 0 608 117 0
8146 3 1720 30 1874 230 0
8146 1 481 0 663 131 0
8147 3 1720 30 1880 240 0
8147 1 532 0 718 145 0
8148 3 1733 30 1893 238 0
8148 1 542 0 731 141 0
8149 3 1749 38 1893 238 0
8149 1 553 0 745 137 0
8150 3 1749 38 1903 246 0
8150 1 563 0 758 132 0
8151 3 1776 38 1904 235 0
8151 1 574 0 771 128 0
8152 1 584 0 784 124 0
8153 1 595 0 798 120 0
8154 1 606 0 812 116 0
8155 1 625 0 832 126 0
8156 1 644 0 852 137 0
8157 1 644 0 857 136 0
8158 1 644 0 862 135 0
8159 1 644 0 868 133 0
8160 1 644 0 873 132 0
8161 1 656 0 884 132 0
8162 1 669 0 897 132 0
8163 1 682 0 909 132 0
8164 1 695 0 921 132 0
8165 1 695 0 929 129 0
8166 1 695 0 938 126 0
8167 1 695 0 946 124 0
8168 1 713 0 960 126 0
8169 1 731 0 974 129 0
8170 1 749 0 988 132 0
8171 1 767 0 1001 135 0
8172 1 767 0 1001 131 0
8173 1 767 0 1001 128 0
8174 1 767 0 1001 125 0
8175 1 767 0 1001 122 0
8176 1 767 0 1001 118 0
8177 1 767 0 988 105 0
8178 1 767 0 975 92 0
8179 1 755 0 959 85 0
8180 1 743 0 944 78 0
8181 1 731 0 929 71 0
8182 1 731 0 894 83 0
8183 1 731 0 890 85 0
8184 1 701 0 867 95 0
8185 1 675 0 866 88 0
8186 1 661 0 801 83 0
8187 1 611 0 758 78 0
8188 1 583 0 719 81 0
8189 1 553 0 675 97 0
8468 1 239 0 393 64 0
8469 1 225 0 377 77 0
8470 1 211 0 360 89 0
8471 1 183 0 341 96 0
8472 1 154 0 320 103 0
8473 1 126 0 301 110 0
8474 1 98 0 282 118 0
8475 1 123 0 275 118 0
8476 1 123 0 272 113 0
8477 1 123 0 269 108 0
8478 1 123 0 267 102 0
8479 1 123 0 256 86 0
8480 1 123 0 255 84 0
8481 1 123 0 255 65 0
8482 1 123 0 255 46 0
8483 1 123 0 255 43 0
8484 1 123 0 255 41 0
8485 1 123 0 255 38 0
8486 1 123 0 255 35 0
8487 1 123 0 250 36 0
8488 1 123 0 244 38 0
8489 1 123 0 239 39 0
8490 1 123 0 233 40 0
8491 1 118 0 234 42 0
8492 1 112 0 233 44 0
8493 1 107 0 234 45 0
8494 1 101 0 233 47 0
8495 1 96 0 233 49 0
8496 1 91 0 234 51 0
8497 1 87 0 226 53 0
8498 1 83 0 219 55 0
8499 1 79 0 212 57 0
8500 1 75 0 204 59 0
8501 1 71 0 197 60 0
8502 1 68 0 197 66 0
8503 1 65 0 197 72 0
8504 1 62 0 198 77 0
8505 1 62 0 197 76 0
8506 1 62 0 197 76 0
8507 1 63 0 197 75 0
8508 1 63 0 197 74 0
8509 1 64 0 198 73 0
8510 1 64 0 197 72 0
8511 1 64 0 197 71 0
8512 1 65 0 197 70 0
8513 1 65 0 197 69 0
8514 1 66 0 198 69 0
8515 1 66 0 197 68 0
8516 1 66 0 197 67 0
8517 1 67 0 197 66 0
8518 1 67 0 197 65 0
8519 1 68 0 198 64 0
8520 1 71 0 198 64 0
8521 1 73 0 197 64 0
8522 1 76 0 197 63 0
8523 1 79 0 197 63 0
8524 1 82 0 197 63 0
8525 1 82 0 197 62 0
8526 1 82 0 197 61 0
8527 1 82 0 197 60 0
8528 1 82 0 197 59 0
8529 1 82 0 197 58 0
8530 1 82 0 197 57 0
8531 1 82 0 197 56 0
8532 1 82 0 197 55 0
8533 1 82 0 197 54 0
8534 1 82 0 197 53 0
8535 1 78 0 193 56 0
8536 1 73 0 189 58 0
8537 1 69 0 185 60 0
8538 1 65 0 181 63 0
8539 1 60 0 176 65 0
8540 1 50 0 168 64 0
8541 1 39 0 158 62 0
8542 1 28 0 149 61 0
8543 1 17 0 139 59 0
8544 1 12 0 127 68 0
8545 1 7 0 116 76 0
8546 1 3 0 105 85 0
8547 1 3 0 97 83 0
8548 1 3 0 90 81 0
8549 1 3 0 82 80 0
8550 1 3 0 70 87 0
8551 1 3 0 58 94 0
8552 1 3 0 46 101 0
8883 1 11 1 96 65 0
8884 1 14 0 138 62 0
8885 1 14 0 138 62 0
8886 1 14 0 144 70 0
8887 1 22 0 144 68 0
8888 1 30 0 143 65 0
8889 1 38 0 143 63 0
8890 1 38 0 174 63 0
8891 1 28 0 166 58 0
8892 1 19 0 160 53 0
8893 1 10 0 154 48 0
8894 1 9 0 139 51 0
8895 1 7 0 122 54 0
8896 1 6 0 107 57 0
8897 1 5 0 91 60 0
8898 1 5 0 50 54 0
