0 1 1070 553 1261 767 0
1 1 1070 570 1271 762 0
2 1 1047 638 1233 842 0
3 1 1040 624 1248 822 0
4 1 1016 692 1205 910 0
5 1 1008 686 1222 894 0
6 1 998 719 1214 939 0
7 1 994 721 1210 941 0
8 1 972 766 1194 994 0
9 1 974 775 1196 1003 0
10 1 945 820 1175 1050 0
11 1 950 819 1178 1049 0
12 1 932 872 1170 1080 0
13 1 931 871 1169 1079 0
14 1 900 896 1144 1079 0
15 1 913 895 1137 1080 0
16 1 911 903 1131 1078 0
17 1 910 909 1162 1080 0
18 1 935 949 1174 1079 0
19 1 937 944 1182 1080 0
20 1 947 965 1180 1079 0
21 1 945 968 1173 1078 0
22 1 945 946 1196 1079 0
23 1 942 945 1176 1078 0
24 1 945 948 1177 1079 0
25 1 945 901 1180 1078 0
26 1 945 889 1180 1078 0
27 1 945 877 1180 1079 0
28 1 941 870 1185 1079 0
29 1 936 862 1189 1078 0
30 1 931 855 1193 1079 0
31 1 926 848 1196 1079 0
32 1 921 840 1200 1078 0
33 1 921 823 1209 1078 0
34 1 926 805 1223 1080 0
35 1 976 751 1282 1033 0
36 1 994 714 1329 1023 0
37 1 1011 677 1374 1013 0
38 1 1029 641 1366 1003 0
39 1 1133 575 1549 982 0
40 1 1113 549 1573 932 0
41 1 1190 533 1694 892 0
42 1 1219 513 1635 920 0
43 1 1318 443 1829 933 0
44 1 1334 456 1823 952 0
45 1 1476 428 1917 969 0
46 1 1519 428 1918 928 0
47 1 1562 428 1918 888 0
48 1 1605 462 1917 904 0
49 1 1649 496 1918 921 0
50 1 1692 530 1918 938 0
51 1 1689 463 1918 925 0
52 1 1687 396 1920 913 0
53 1 1684 329 1920 900 0
54 1 1685 329 1920 893 0
55 1 1686 329 1920 885 0
56 1 1686 329 1919 877 0
57 1 1740 329 1919 869 0
58 1 1725 351 1919 869 0
59 1 1789 374 1919 869 0
60 1 1789 374 1919 869 0
106 1 1474 222 1919 1079 1
107 1 1469 312 1918 1056 1
108 1 1229 448 1794 1079 1
109 1 1196 441 1812 1080 1
110 1 965 675 1386 1081 1
111 1 871 746 1248 1080 1
112 1 778 816 1111 1077 1
113 1 778 816 1111 1079 1
114 1 626 841 938 1079 1
115 1 627 831 927 1079 1
116 1 552 764 876 1079 1
117 1 563 713 868 1078 1
118 1 575 662 861 977 1
119 1 585 629 854 963 1
120 1 635 532 887 886 1
121 1 642 516 883 870 1
122 1 696 486 926 840 1
123 1 710 509 926 840 1
124 1 710 509 939 840 1
125 1 759 527 988 850 1
126 1 791 537 1014 852 1
127 1 823 546 1039 853 1
128 1 831 565 1047 872 1
129 1 838 583 1054 890 1
130 1 842 583 1054 890 1
131 1 827 636 1039 943 1
132 1 806 654 1034 986 1
133 1 786 673 1029 1031 1
134 1 769 699 1029 1041 1
135 1 753 725 1029 1050 1
136 1 742 748 1028 1065 1
137 1 732 772 1029 1080 1
138 1 722 811 1042 1080 1
139 1 713 850 1056 1080 1
140 1 713 882 1056 1080 1
141 1 713 913 1056 1079 1
142 1 736 942 1065 1079 1
143 1 759 971 1074 1079 1
144 1 763 971 1073 1079 1
145 1 768 971 1074 1079 1
159 1 834 995 1028 1079 1
160 1 814 913 1053 1080 1
161 1 795 830 1079 1079 1
162 1 790 830 1078 1079 1
163 1 785 830 1077 1079 1
164 1 779 830 1075 1079 1
165 1 779 870 1085 1079 1
166 1 779 883 1085 1079 1
167 1 807 927 1086 1079 1
168 1 825 914 1115 1079 1
169 1 843 900 1145 1079 1
170 1 860 865 1168 1079 1
171 1 877 830 1191 1080 1
172 1 909 813 1244 1079 1
173 1 940 797 1297 1079 1
174 1 995 772 1344 1079 1
175 1 1049 748 1389 1079 1
176 1 1044 748 1389 1079 1
177 1 1120 710 1492 1079 1
178 1 1154 698 1537 1079 1
179 1 1188 686 1581 1079 1
180 1 1190 689 1587 1081 1
181 1 1253 657 1656 1079 1
182 1 1255 664 1667 1081 1
183 1 1326 648 1755 1080 1
184 1 1332 654 1755 1081 1
185 1 1409 650 1855 1082 1
186 1 1434 650 1887 1081 1
187 1 1458 650 1919 1080 1
188 1 1478 650 1919 1080 1
189 1 1498 650 1919 1080 1
190 1 1498 650 1919 1080 1
191 1 1580 657 1919 1079 1
192 1 1582 659 1918 1080 1
283 1 1783 801 1916 1078 1
284 1 1802 817 1918 1075 1
285 1 1671 763 1919 1075 1
286 1 1640 741 1920 1077 1
287 1 1608 719 1919 1079 1
288 1 1573 688 1919 1079 1
289 1 1538 658 1919 1079 1
290 1 1523 634 1919 1068 1
291 1 1509 609 1920 1057 1
292 1 1527 547 1919 1014 1
293 1 1546 486 1919 973 1
294 1 1533 500 1919 974 1
295 1 1535 437 1919 972 1
296 1 1686 244 1919 725 1
297 1 1697 284 1920 735 1
298 1 1787 154 1919 622 1
299 1 1783 168 1920 642 1
300 1 1846 59 1920 482 1
301 1 1846 59 1920 482 1
314 1 1309 0 1662 282 1
315 1 1278 0 1698 246 1
316 1 1247 0 1651 317 1
317 1 1217 0 1605 388 1
318 1 1159 109 1475 497 1
319 1 1188 109 1480 490 1
320 1 1077 254 1355 612 1
321 1 1077 254 1355 621 1
322 1 978 394 1244 761 1
323 1 974 399 1238 752 1
324 1 885 536 1142 903 1
325 1 879 539 1130 907 1
326 1 795 674 1052 1041 1
327 1 795 674 1075 1041 1
328 1 701 802 981 1080 1
329 1 718 802 981 1080 1
330 1 549 866 788 1079 1
331 1 538 872 779 1079 1
332 1 294 837 560 1080 1
333 1 294 832 538 1078 1
334 1 0 719 221 982 1
335 1 0 719 221 982 1
386 1 554 0 823 155 1
387 1 556 0 826 159 1
388 1 559 0 830 162 1
389 1 625 0 929 295 1
390 1 627 0 925 292 1
391 1 662 0 949 368 1
392 1 663 0 948 364 1
393 1 705 33 977 390 1
394 1 702 33 978 395 1
395 1 733 72 996 440 1
396 1 739 95 994 455 1
397 1 784 145 1031 497 1
398 1 806 158 1053 510 1
399 1 806 168 1052 520 1
400 1 838 175 1084 527 1
401 1 849 188 1096 540 1
402 1 899 196 1116 542 1
403 1 890 204 1137 545 1
404 1 935 225 1174 556 1
405 1 935 226 1168 560 1
406 1 981 262 1220 579 1
407 1 981 262 1212 574 1
408 1 1026 302 1257 614 1
409 1 1038 316 1269 628 1
410 1 1069 331 1300 643 1
411 1 1085 329 1316 641 1
412 1 1100 327 1331 639 1
413 1 1108 327 1331 639 1
414 1 1116 327 1331 639 1
415 1 1111 325 1326 635 1
416 1 1107 323 1322 632 1
417 1 1103 321 1318 628 1
418 1 1098 319 1313 625 1
419 1 1090 308 1305 614 1
420 1 1083 296 1298 602 1
421 1 1073 292 1288 598 1
422 1 1063 288 1278 594 1
423 1 1048 289 1263 595 1
424 1 1033 290 1248 596 1
425 1 1021 305 1236 611 1
426 1 1008 319 1223 625 1
427 1 1004 330 1217 634 1
428 1 1000 340 1211 643 1
429 1 996 351 1206 653 1
430 1 1007 368 1214 679 1
431 1 1020 380 1225 691 1
432 1 1034 393 1237 704 1
433 1 1047 405 1248 716 0
434 1 1061 418 1261 729 0
435 1 1057 429 1257 730 0
436 1 1052 441 1253 733 0
437 1 1110 496 1347 786 0
438 1 1124 465 1333 783 0
439 1 1142 466 1351 784 0
440 1 1159 467 1368 785 0
441 1 1204 461 1460 786 0
442 1 1208 455 1447 787 0
443 1 1290 433 1548 779 0
444 1 1299 416 1540 776 0
445 1 1408 391 1659 765 0
446 1 1401 367 1658 756 0
447 1 1509 332 1791 724 0
448 1 1556 298 1846 692 0
449 1 1572 308 1841 702 0
450 1 1671 274 1918 668 0
451 1 1722 274 1919 668 0
452 1 1772 274 1919 668 0
453 1 1775 274 1918 668 1
454 1 1779 274 1919 668 1
455 1 1873 274 1918 668 1
456 1 1879 274 1919 618 1
457 1 1884 274 1919 567 1
458 1 1890 274 1919 517 1
459 1 1876 274 1919 517 1
460 1 1863 274 1919 517 1
461 1 1856 248 1918 537 1
462 1 1825 222 1919 556 1
463 1 1820 222 1919 579 1
464 1 1814 222 1919 601 1
465 1 1808 222 1918 623 1
466 1 1814 222 1919 612 1
467 1 1819 222 1919 601 1
468 1 1824 222 1919 591 1
469 1 1829 222 1919 580 1
470 1 1835 222 1919 580 1
471 1 1840 222 1919 580 1
472 1 1834 222 1919 580 1
473 1 1828 222 1919 580 1
474 1 1814 202 1919 580 1
475 1 1800 181 1919 579 1
476 1 1777 181 1919 579 1
477 1 1753 181 1919 579 1
478 1 1733 165 1919 592 1
479 1 1713 148 1919 603 1
480 1 1689 160 1919 603 1
481 1 1664 172 1919 603 1
482 1 1645 172 1918 621 1
483 1 1627 172 1919 640 1
484 1 1614 176 1919 650 1
485 1 1602 180 1919 660 1
486 1 1598 180 1919 676 1
487 1 1594 180 1919 693 1
488 1 1582 180 1918 693 1
489 1 1564 195 1918 702 1
490 1 1554 196 1918 707 1
491 1 1544 197 1918 712 1
492 1 1542 203 1919 715 1
493 1 1539 210 1919 720 1
494 1 1541 210 1919 729 1
495 1 1543 210 1919 738 1
496 1 1545 210 1919 748 1
497 1 1547 210 1919 757 1
498 1 1562 210 1919 757 1
499 1 1577 210 1919 757 1
500 1 1605 210 1918 757 1
501 1 1634 210 1919 757 1
502 1 1659 184 1919 728 1
503 1 1685 159 1919 700 1
504 1 1705 159 1919 684 1
505 1 1725 159 1919 669 1
506 1 1736 159 1919 662 1
507 1 1747 159 1919 655 1
508 1 1758 159 1919 648 1
509 1 1769 159 1919 641 1
510 1 1792 129 1919 622 1
511 1 1790 129 1919 614 1
512 1 1788 129 1918 607 1
513 1 1787 129 1919 600 1
514 1 1785 129 1919 592 1
515 1 1779 129 1918 592 1
516 1 1774 129 1919 592 1
517 1 1778 129 1918 586 1
518 1 1783 129 1919 580 1
519 1 1788 129 1919 575 1
520 1 1793 129 1919 569 1
521 1 1798 129 1919 563 1
522 1 1803 129 1919 557 1
523 1 1808 129 1919 551 1
524 1 1812 129 1918 545 1
525 1 1814 129 1918 545 1
526 1 1816 129 1919 545 1
527 1 1826 135 1919 542 1
528 1 1835 142 1919 540 1
529 1 1844 148 1918 536 1
530 1 1857 170 1919 526 1
531 1 1870 191 1919 514 1
532 1 1870 191 1919 514 1
544 1 1876 253 1919 559 1
545 1 1850 253 1919 600 1
546 1 1823 253 1919 640 1
547 1 1807 253 1919 627 1
548 1 1750 253 1919 663 1
549 1 1750 253 1919 652 1
550 1 1702 253 1919 652 1
551 1 1702 253 1919 693 1
552 1 1702 329 1919 703 1
553 1 1714 355 1919 701 1
554 1 1754 380 1919 815 1
555 1 1771 455 1919 816 1
556 1 1857 529 1919 816 1
557 1 1857 529 1919 816 1
570 1 1793 397 1918 725 1
571 1 1759 348 1919 698 1
572 1 1724 298 1919 669 1
573 1 1706 270 1920 658 1
574 1 1687 242 1920 647 1
575 1 1671 242 1920 647 1
576 1 1655 242 1920 647 1
577 1 1639 242 1920 647 1
578 1 1623 242 1920 647 0
579 1 1609 242 1920 647 0
580 1 1594 242 1919 647 0
581 1 1584 239 1914 648 0
582 1 1573 236 1907 648 0
583 1 1563 233 1902 648 0
584 1 1552 230 1895 649 0
585 1 1552 230 1901 649 0
586 1 1552 230 1906 649 0
587 1 1560 244 1913 664 0
588 1 1567 258 1919 680 0
589 1 1567 265 1919 687 0
590 1 1567 272 1919 694 0
591 1 1578 272 1919 694 0
592 1 1588 272 1919 694 0
593 1 1588 272 1919 699 0
594 1 1588 272 1919 705 0
595 1 1598 281 1919 712 0
596 1 1609 291 1919 720 0
597 1 1614 297 1919 726 0
598 1 1619 303 1919 732 0
599 1 1624 309 1919 738 0
600 1 1631 314 1919 738 0
601 1 1638 320 1919 739 0
602 1 1645 325 1919 739 0
603 1 1651 330 1919 738 0
604 1 1658 336 1919 739 0
605 1 1665 341 1919 739 0
606 1 1667 342 1919 742 0
607 1 1669 343 1919 745 0
608 1 1672 344 1919 748 0
609 1 1674 345 1919 751 0
610 1 1676 346 1919 754 0
611 1 1678 348 1919 758 0
612 1 1681 349 1919 761 0
613 1 1683 350 1919 765 0
614 1 1701 350 1919 765 0
615 1 1718 350 1919 765 0
616 1 1718 350 1919 762 0
617 1 1718 350 1919 760 0
618 1 1795 294 1919 664 0
619 1 1817 294 1919 633 0
620 1 1838 294 1919 601 0
621 1 1848 261 1919 571 0
622 1 1859 228 1919 541 0
623 1 1864 239 1919 547 0
624 1 1869 251 1919 554 0
625 1 1875 262 1919 560 0
626 1 1880 273 1919 567 0
627 1 1885 285 1919 574 0
628 1 1891 296 1920 580 0
629 1 1891 296 1920 580 0
2256 1 1795 533 1918 1077 1
2257 1 1795 533 1918 1077 1
2258 1 1795 533 1918 1077 1
2259 1 1795 533 1918 1077 1
