2389 1 0 556 84 640 0
2390 1 85 593 193 682 0
2391 1 182 625 290 714 0
2392 1 286 664 390 747 0
2393 1 371 687 475 770 0
2394 1 475 705 579 788 0
2395 1 541 721 645 804 0
2396 1 651 721 739 802 0
2397 1 730 718 818 799 0
2398 1 793 730 881 811 0
2399 1 845 728 933 809 0
2400 1 881 730 984 797 0
2401 1 906 708 1009 775 0
2402 1 921 685 1029 775 0
2403 1 935 642 1043 732 0
2404 1 933 569 1041 659 0
2405 1 939 474 1047 564 0
2406 1 925 366 1035 464 0
2407 1 907 273 1017 371 0
2408 1 881 190 1000 277 0
2409 1 856 116 975 203 0
2410 1 827 61 946 148 0
2411 1 798 20 917 107 0
2412 1 774 0 887 69 0
2413 1 724 0 831 38 0
2414 1 682 0 761 34 0
2415 1 613 0 698 20 0
2416 1 565 0 621 17 0
2417 1 487 0 547 23 0
2418 1 412 0 485 25 0
2419 1 356 0 427 30 0
2420 1 283 0 370 41 0
2421 1 215 5 308 69 0
2422 1 150 26 245 97 0
2423 1 91 63 176 126 0
2424 1 32 105 107 171 0
2425 1 0 162 42 224 0
2715 1 918 752 1075 875 0
2716 1 989 758 1119 872 0
2717 1 1022 767 1152 881 0
2718 1 1046 772 1176 886 0
2719 1 1066 788 1197 888 0
2720 1 1066 796 1220 922 0
2721 1 1069 788 1213 916 0
2722 1 1065 802 1205 939 0
2723 1 1057 810 1208 936 0
2724 1 1048 828 1194 955 0
2725 1 1043 825 1187 957 0
2726 1 1024 829 1177 965 0
2727 1 1022 829 1165 967 0
2728 1 1010 828 1155 963 0
2729 1 1006 826 1153 961 0
2730 1 1002 822 1145 957 0
2731 1 1000 820 1146 960 0
2732 1 998 820 1145 964 0
2733 1 1006 818 1148 955 0
2734 1 1012 812 1154 950 0
2735 1 1020 808 1168 950 0
2736 1 1030 806 1178 939 0
2737 1 1040 804 1192 939 0
2738 1 1052 802 1212 930 0
2739 1 1078 804 1219 930 0
2740 1 1097 792 1244 924 0
2741 1 1123 796 1273 911 0
2742 1 1148 790 1294 917 0
2743 1 1175 796 1326 916 0
2744 1 1201 794 1348 917 0
2745 1 1236 794 1375 919 0
2746 1 1266 794 1407 930 0
2747 1 1290 792 1429 916 0
2748 1 1311 788 1449 913 0
2749 1 1341 784 1479 912 0
2750 1 1360 778 1498 904 0
2751 1 1377 774 1501 895 0
2752 1 1391 770 1517 895 0
2753 1 1406 768 1544 874 0
2754 1 1411 766 1537 896 0
2755 1 1420 768 1559 897 0
2756 1 1421 762 1563 887 0
2757 1 1438 764 1571 876 0
2758 1 1449 756 1581 874 0
2759 1 1458 746 1591 862 0
2760 1 1468 720 1599 847 0
2761 1 1481 705 1609 833 0
2762 1 1491 708 1625 832 0
2763 1 1502 698 1635 826 0
2764 1 1516 698 1651 825 0
2765 1 1530 701 1668 827 0
2766 1 1546 707 1673 829 0
2767 1 1568 714 1696 829 0
2768 1 1593 701 1717 838 0
2769 1 1638 712 1758 814 0
2770 1 1668 718 1788 820 0
2771 1 1694 720 1812 820 0
2772 1 1716 722 1834 826 0
2773 1 1732 722 1842 818 0
2774 1 1742 724 1858 818 0
2775 1 1748 722 1864 833 0
2776 1 1754 720 1870 820 0
2777 1 1756 718 1872 808 0
2778 1 1756 718 1872 808 0
2779 1 1756 712 1874 800 0
2780 1 1752 708 1870 796 0
2781 1 1746 702 1864 788 0
2782 1 1742 694 1860 780 0
2783 1 1740 690 1860 776 0
2784 1 1740 688 1860 774 0
2785 1 1740 686 1860 770 0
2786 1 1740 686 1860 770 0
2787 1 1740 672 1860 769 0
2788 1 1740 668 1860 769 0
2789 1 1740 665 1860 769 0
2790 1 1740 661 1860 769 0
2791 1 1740 657 1860 769 0
2792 1 1740 653 1860 769 0
2793 1 1742 653 1863 769 0
2794 1 1744 653 1866 769 0
2795 1 1746 653 1870 769 0
2796 1 1748 653 1873 769 0
2797 1 1750 653 1877 769 0
2798 1 1750 653 1877 783 0
2799 1 1766 653 1877 783 0
2800 1 1782 646 1893 788 0
2801 1 1791 646 1902 788 0
2802 1 1799 646 1910 788 0
2803 1 1799 656 1913 788 0
2804 1 1799 665 1916 788 0
2805 1 1799 675 1919 788 0
2806 1 1798 676 1918 788 0
2807 1 1797 677 1916 787 0
2808 1 1797 678 1916 787 0
2809 1 1796 679 1915 787 0
2810 1 1795 680 1913 786 0
2811 1 1794 681 1912 786 0
2812 1 1794 682 1912 786 0
2813 1 1793 678 1911 785 0
2814 1 1792 675 1911 785 0
2815 1 1791 671 1911 784 0
2816 1 1787 670 1907 783 0
2817 1 1783 668 1903 781 0
2818 1 1779 667 1899 780 0
2819 1 1778 668 1898 781 0
2820 1 1777 669 1897 782 0
2821 1 1776 670 1896 783 0
2822 1 1775 671 1895 784 0
2823 1 1774 672 1894 785 0
2824 1 1773 673 1893 786 0
2825 1 1772 674 1892 787 0
2826 1 1771 675 1891 788 0
2827 1 1771 673 1891 786 0
2828 1 1771 671 1891 784 0
2829 1 1771 669 1891 782 0
2830 1 1771 667 1891 780 0
2831 1 1770 665 1890 778 0
2832 1 1770 662 1890 775 0
2833 1 1770 662 1890 770 0
2834 1 1773 662 1890 772 0
2835 1 1776 662 1891 775 0
2836 1 1778 662 1890 777 0
2837 1 1781 662 1890 779 0
2838 1 1784 662 1891 782 0
2839 1 1787 661 1894 781 0
2840 1 1791 660 1898 780 0
2841 1 1794 659 1901 779 0
2842 1 1795 658 1902 778 0
2843 1 1796 657 1903 777 0
2844 1 1797 656 1904 776 0
2845 1 1798 655 1905 775 0
2846 1 1799 654 1906 774 0
2847 1 1799 653 1906 773 0
2848 1 1800 653 1907 773 0
2849 1 1800 653 1907 773 0
2850 1 1801 653 1908 773 0
2851 1 1801 653 1908 773 0
2852 1 1802 653 1909 773 0
2853 1 1802 653 1909 773 0
2854 1 1802 653 1909 773 0
2855 1 1803 653 1910 773 0
2856 1 1803 653 1910 773 0
2857 1 1803 655 1909 773 0
2858 1 1803 657 1908 773 0
2859 1 1803 658 1906 773 0
2860 1 1803 660 1905 773 0
2861 1 1803 661 1904 773 0
2862 1 1803 663 1903 773 0
2863 1 1803 665 1902 773 0
2864 1 1803 666 1901 773 0
2865 1 1803 668 1900 773 0
2866 1 1803 669 1899 773 0
2867 1 1803 671 1898 773 0
2868 1 1803 672 1897 773 0
2869 1 1800 662 1894 763 0
2870 1 1796 651 1890 752 0
2871 1 1793 640 1887 741 0
2872 1 1793 640 1888 730 0
2873 1 1793 641 1887 717 0
2874 1 1790 646 1884 723 0
2875 1 1788 650 1882 728 0
2876 1 1785 655 1879 735 0
2877 1 1783 660 1877 741 0
2878 1 1783 660 1880 749 0
2879 1 1783 660 1882 757 0
2880 1 1786 669 1885 766 0
2881 1 1784 688 1883 785 0
2882 1 1775 705 1874 802 0
2883 1 1777 717 1876 814 0
2884 1 1774 724 1873 821 0
2885 1 1771 731 1870 828 0
2886 1 1766 740 1865 837 0
2887 1 1761 749 1860 846 0
2888 1 1755 751 1854 848 0
2889 1 1753 749 1852 846 0
2890 1 1751 746 1850 843 0
2891 1 1749 744 1848 841 0
2892 1 1744 737 1843 834 0
2893 1 1738 730 1837 827 0
2894 1 1738 730 1837 822 0
2895 1 1738 730 1837 817 0
2896 1 1738 719 1837 806 0
2897 1 1742 696 1840 796 0
2898 1 1733 696 1839 796 0
2899 1 1744 686 1850 786 0
2900 1 1694 678 1850 806 0
2901 1 1689 657 1827 805 0
2902 1 1682 657 1827 805 0
2903 1 1676 653 1821 801 0
2904 1 1669 649 1814 797 0
2905 1 1665 649 1813 797 0
2906 1 1662 649 1814 797 0
2907 1 1655 633 1813 797 0
2908 1 1643 630 1801 794 0
2909 1 1635 627 1793 791 0
2910 1 1628 623 1786 787 0
2911 1 1614 621 1772 785 0
2912 1 1599 616 1757 780 0
2913 1 1598 616 1757 775 0
2914 1 1574 610 1733 769 0
2915 1 1559 617 1718 782 0
2916 1 1536 627 1695 792 0
2917 1 1517 636 1676 801 0
2918 1 1486 645 1645 810 0
2919 1 1471 621 1640 816 0
2920 1 1447 619 1616 814 0
2921 1 1422 618 1591 835 0
2922 1 1395 608 1564 825 0
2923 1 1378 604 1547 821 0
2924 1 1367 604 1532 806 0
2925 1 1351 599 1516 801 0
2926 1 1324 603 1489 805 0
2927 1 1309 593 1474 795 0
2928 1 1301 597 1463 794 0
2929 1 1285 589 1447 802 1
2930 1 1273 589 1437 802 1
2931 1 1265 589 1429 802 1
2932 1 1244 592 1408 805 1
2933 1 1236 591 1400 804 1
2934 1 1225 591 1389 804 1
2935 1 1218 590 1382 803 1
2936 1 1213 590 1377 803 1
2937 1 1202 586 1366 799 1
2938 1 1193 589 1357 802 1
2939 1 1193 589 1354 797 1
2940 1 1187 590 1345 794 1
2941 1 1181 583 1339 787 1
2942 1 1181 583 1332 792 1
2943 1 1168 583 1324 790 1
2944 1 1163 583 1320 788 1
2945 1 1157 583 1315 785 1
2946 1 1154 583 1311 782 1
2947 1 1150 583 1306 780 1
2948 1 1150 583 1306 777 0
2949 1 1150 581 1306 776 0
2950 1 1150 579 1306 776 0
2951 1 1150 577 1306 776 0
2952 1 1150 575 1306 774 0
2953 1 1150 573 1306 772 0
2954 1 1150 571 1306 770 0
2955 1 1155 565 1311 764 0
2956 1 1155 565 1311 758 0
2957 1 1160 558 1315 752 0
2958 1 1164 558 1319 752 0
2959 1 1171 558 1326 755 0
2960 1 1171 564 1326 760 0
2961 1 1171 569 1326 765 0
2962 1 1171 570 1321 772 0
2963 1 1164 566 1314 764 0
2964 1 1157 561 1307 756 0
2965 1 1151 550 1301 745 0
2966 1 1142 536 1294 731 0
2967 1 1137 536 1290 731 0
2968 1 1136 543 1289 738 0
2969 1 1131 556 1286 749 0
2970 1 1131 560 1286 757 0
2971 1 1127 564 1282 763 0
2972 1 1124 564 1278 763 0
2973 1 1124 558 1278 757 0
2974 1 1120 550 1274 749 0
2975 1 1119 550 1275 749 0
2976 1 1119 546 1275 747 0
2977 1 1119 546 1275 747 0
2978 1 1120 546 1276 747 0
2979 1 1121 546 1277 747 0
2980 1 1124 546 1280 747 0
2981 1 1126 546 1282 746 0
2982 1 1134 554 1289 754 0
2983 1 1134 558 1289 758 0
2984 1 1136 558 1289 755 0
2985 1 1137 558 1289 752 0
2986 1 1137 547 1285 742 0
2987 1 1137 544 1285 732 0
2988 1 1139 535 1279 723 0
2989 1 1143 535 1285 723 0
2990 1 1151 535 1291 723 0
2991 1 1160 535 1292 723 0
2992 1 1165 535 1299 723 0
2993 1 1172 535 1311 723 0
2994 1 1183 535 1311 723 0
2995 1 1183 535 1323 707 0
2996 1 1186 530 1331 688 0
2997 1 1193 527 1334 687 0
2998 1 1198 527 1342 687 0
2999 1 1207 527 1350 687 0
3000 1 1211 527 1354 687 0
3001 1 1223 522 1366 682 0
3002 1 1240 520 1378 694 0
3003 1 1249 517 1387 691 0
3004 1 1258 521 1396 695 0
3005 1 1263 520 1401 694 0
3006 1 1271 520 1420 703 0
3007 1 1277 520 1427 703 0
3008 1 1287 520 1434 711 0
3009 1 1298 519 1445 712 0
3010 1 1307 517 1454 716 0
3011 1 1320 519 1467 716 0
3012 1 1328 516 1481 719 0
3013 1 1337 516 1496 719 0
3014 1 1345 516 1509 719 0
3015 1 1353 509 1517 712 0
3016 1 1365 509 1535 720 0
3017 1 1380 509 1539 714 0
3018 1 1390 496 1558 713 0
3019 1 1397 487 1574 699 0
3020 1 1408 476 1574 684 0
3021 1 1408 453 1574 660 0
3022 1 1408 431 1574 641 0
3023 1 1419 408 1582 622 0
3024 1 1417 403 1582 618 0
3025 1 1428 409 1600 647 0
3026 1 1440 420 1621 664 0
3027 1 1450 443 1616 667 0
3028 1 1458 448 1628 688 0
3029 1 1460 448 1635 683 0
3030 1 1462 448 1642 679 0
3031 1 1465 448 1643 688 0
3032 1 1471 440 1646 683 0
3033 1 1477 440 1656 700 0
3034 1 1477 440 1656 691 0
3035 1 1469 440 1656 691 0
3036 1 1434 461 1621 703 0
3037 1 1332 529 1546 735 0
3038 1 1171 556 1385 762 1
3039 1 1073 611 1287 817 1
3040 1 947 631 1161 837 1
3041 1 810 649 1024 855 1
3042 1 722 672 948 865 1
3043 1 689 672 876 865 1
3044 1 680 672 876 865 1
3045 1 657 645 877 871 1
3046 1 668 645 876 871 1
3047 1 668 645 885 909 1
3048 1 682 659 895 955 1
3049 1 697 666 898 956 1
3050 1 705 673 920 961 1
3051 1 722 673 921 944 1
3052 1 733 678 932 949 1
3053 1 746 671 945 942 1
3054 1 757 668 956 939 1
3055 1 769 664 968 935 1
3056 1 778 663 969 934 1
3057 1 788 661 972 932 1
3058 1 788 661 972 900 1
3059 1 799 677 972 901 1
3060 1 808 674 975 898 1
3061 1 816 671 976 895 1
3062 1 822 671 976 895 1
3063 1 829 671 977 895 1
3064 1 831 671 978 895 1
3065 1 833 671 979 895 1
3066 1 835 671 981 895 1
3067 1 835 671 981 892 1
3068 1 835 671 981 890 1
3069 1 835 671 981 888 1
3070 1 835 671 981 884 1
3071 1 835 671 981 880 1
3072 1 835 671 981 876 1
3073 1 835 671 981 872 1
3074 1 835 671 981 869 1
3075 1 835 671 981 865 1
3076 1 835 671 981 861 1
3077 1 832 664 978 854 1
3078 1 829 657 975 847 1
3079 1 827 651 973 841 1
3080 1 824 644 970 834 1
3081 1 822 642 968 832 1
3082 1 821 641 967 831 1
3083 1 819 639 965 829 1
3084 1 818 638 964 828 1
3085 1 816 634 962 824 1
3086 1 814 630 960 820 1
3087 1 812 627 958 817 1
3088 1 810 623 956 813 1
3089 1 810 621 956 811 1
3090 1 809 619 955 809 1
3091 1 809 618 955 808 1
3092 1 809 616 955 806 1
3093 1 809 614 955 804 1
3094 1 808 612 954 802 1
3095 1 808 610 954 800 1
3096 1 808 608 954 798 1
3097 1 807 607 953 797 1
3098 1 807 606 953 796 1
3099 1 807 605 953 795 1
3100 1 807 604 953 794 1
3101 1 807 603 953 793 1
3102 1 807 603 953 793 1
3103 1 807 602 953 792 1
3104 1 807 601 953 791 1
3105 1 807 600 953 790 1
3106 1 807 599 953 789 1
3107 1 807 599 953 789 1
3108 1 807 598 953 788 1
3109 1 806 597 952 787 1
3110 1 806 596 952 786 1
3111 1 806 595 952 785 1
3112 1 806 595 952 785 1
3113 1 806 594 952 784 1
3114 1 806 593 952 783 1
3115 1 806 592 952 782 1
3116 1 806 591 952 781 1
3117 1 806 591 952 781 1
3118 1 806 590 952 780 1
3119 1 806 589 952 779 1
3120 1 806 588 952 778 1
3121 1 806 587 952 777 1
3122 1 808 586 956 776 1
3123 1 810 586 960 776 1
3124 1 812 585 965 775 1
3125 1 814 584 969 774 1
3126 1 816 583 974 773 1
3127 1 816 583 960 773 1
3128 1 831 569 975 759 1
3129 1 841 565 985 755 1
3130 1 852 561 996 751 1
3131 1 862 556 1006 746 1
3132 1 880 547 1024 737 1
3133 1 895 535 1039 725 1
3134 1 911 516 1055 706 1
3135 1 920 497 1064 687 0
3136 1 923 463 1067 653 0
3137 1 910 454 1054 644 0
3138 1 891 439 1035 629 0
3139 1 881 444 1025 634 0
3140 1 870 449 1014 639 0
3141 1 874 449 1018 639 0
3142 1 872 471 1016 661 0
3143 1 874 492 1018 682 0
3144 1 872 489 1016 679 0
3145 1 869 485 1013 675 0
3146 1 867 482 1011 672 0
3147 1 868 488 1012 678 0
3148 1 869 494 1013 684 0
3149 1 867 492 1011 682 0
3150 1 865 490 1009 680 0
3151 1 866 494 1010 684 0
3152 1 866 498 1010 688 0
3153 1 867 502 1011 692 0
3154 1 867 502 1018 702 0
3155 1 867 502 1026 712 0
3156 1 867 502 1031 712 0
3157 1 867 502 1036 712 0
3158 1 867 502 1042 712 0
3159 1 867 502 1042 730 0
3160 1 867 502 1042 748 0
3161 1 856 502 1025 748 0
3162 1 845 502 1009 748 0
3163 1 817 510 981 756 0
3164 1 789 518 953 764 0
3165 1 754 522 918 768 0
3166 1 719 526 883 772 0
3167 1 678 518 842 764 0
3168 1 639 516 803 762 0
3169 1 591 530 755 727 0
3170 1 526 526 690 723 0
3171 1 464 509 628 706 0
3172 1 434 504 598 701 0
3173 1 386 511 550 708 0
3174 1 348 507 512 704 0
3175 1 311 504 475 701 0
3176 1 280 506 444 703 0
3177 1 246 492 410 689 0
3178 1 220 499 384 696 0
3179 1 191 487 355 684 0
3180 1 172 478 336 675 0
3181 1 162 478 326 675 0
3182 1 126 478 290 715 0
3183 1 119 475 257 718 0
3184 1 89 465 227 708 1
3185 1 61 470 199 713 1
3186 1 36 460 174 703 1
3187 1 4 448 140 706 1
3188 1 0 443 116 701 1
3189 1 0 443 80 689 1
3190 1 0 443 57 677 1
3191 1 0 443 30 647 1
3199 1 0 427 43 636 0
3200 1 0 427 75 636 0
3201 1 0 390 94 636 0
3202 1 0 390 119 648 0
3203 1 0 390 125 648 0
3204 1 0 390 136 651 0
3205 1 0 390 124 663 0
3206 1 0 390 100 664 0
3207 1 0 390 65 664 0
3208 1 0 390 27 648 0
3214 1 0 456 27 679 0
3215 1 0 456 43 679 0
3216 1 0 456 35 675 0
3217 1 0 456 28 670 0
3218 1 0 456 20 665 0
3226 1 0 393 25 611 0
3227 1 0 393 39 611 0
3228 1 0 393 50 611 0
3229 1 0 393 50 601 0
3230 1 0 393 50 591 0
3231 1 0 393 50 581 0
3232 1 0 393 41 581 0
3233 1 0 393 24 581 0
3252 1 0 306 63 527 1
3253 1 0 306 110 527 1
3254 1 0 306 157 527 1
3255 1 37 280 170 540 1
3256 1 60 268 220 528 1
3257 1 78 258 252 516 1
3258 1 101 230 270 513 1
3259 1 114 252 288 520 1
3260 1 124 230 299 508 1
3261 1 130 252 314 516 1
3262 1 144 233 322 524 1
3263 1 154 244 338 545 1
3264 1 158 264 357 566 1
3265 1 182 279 370 590 1
3266 1 194 288 398 611 1
3267 1 222 289 429 617 1
3268 1 230 342 437 635 1
3269 1 258 344 466 653 1
3270 1 288 374 491 679 1
3271 1 308 345 514 675 1
3272 1 342 362 543 693 1
3273 1 364 398 578 702 1
3274 1 376 379 604 707 1
3275 1 394 402 631 731 1
3276 1 430 438 649 692 1
3277 1 442 452 676 704 1
3278 1 460 468 696 769 1
3279 1 472 470 716 786 1
3280 1 490 484 734 804 1
3281 1 504 478 749 807 1
3282 1 522 480 775 826 1
3283 1 549 482 784 826 1
3284 1 550 494 801 820 1
3285 1 559 498 797 824 1
3286 1 572 500 815 824 1
3287 1 583 516 813 846 1
3288 1 580 497 815 844 1
3289 1 585 540 819 859 1
3290 1 583 548 823 859 1
3291 1 592 552 829 865 1
3292 1 595 560 825 876 1
3293 1 601 560 813 872 1
3294 1 596 566 834 870 1
3295 1 596 562 847 862 1
3296 1 596 558 848 859 1
3297 1 629 550 837 849 1
3298 1 619 552 851 854 1
3299 1 600 548 854 844 1
3300 1 632 546 851 839 1
3301 1 635 548 851 843 1
3302 1 642 544 851 830 1
3303 1 632 540 849 835 1
3304 1 632 534 843 832 1
3305 1 619 534 831 821 1
3306 1 615 530 827 818 1
3307 1 601 528 811 809 1
3308 1 594 528 795 809 1
3309 1 579 528 789 805 1
3310 1 571 522 781 808 1
3311 1 565 520 773 806 1
3312 1 552 526 770 800 1
3313 1 550 526 751 804 1
3314 1 536 530 745 792 1
3315 1 534 522 737 793 1
3316 1 534 520 739 791 1
3317 1 522 516 733 787 1
3318 1 520 514 731 790 1
3319 1 518 514 733 782 1
3320 1 518 514 731 773 1
3321 1 520 514 727 774 1
3322 1 508 498 730 769 1
3323 1 521 490 727 763 1
3324 1 513 486 721 748 1
3325 1 514 478 709 746 1
3326 1 505 474 701 736 1
3327 1 496 462 690 719 1
3328 1 474 451 677 709 0
3329 1 457 449 653 718 0
3330 1 424 464 619 703 0
3331 1 393 447 592 702 0
3332 1 363 430 552 695 0
3333 1 306 417 518 688 0
3334 1 272 417 457 681 0
3335 1 250 408 432 676 0
3336 1 200 416 391 658 0
3337 1 173 388 355 661 0
3338 1 132 406 312 650 0
3339 1 89 380 271 635 0
3340 1 44 362 215 580 0
3341 1 0 362 157 616 0
3342 1 0 362 120 623 0
3343 1 0 362 66 610 0
3397 1 0 214 18 400 1
3398 1 0 194 29 400 1
3399 1 0 194 49 400 1
3400 1 0 194 76 400 1
3401 1 0 173 89 400 1
3402 1 0 173 110 390 1
3403 1 0 159 131 391 1
3404 1 0 159 152 385 1
3405 1 20 143 172 369 1
3406 1 34 126 186 352 1
3407 1 43 116 195 342 1
3408 1 56 104 202 329 1
3409 1 68 86 202 329 1
3410 1 68 67 218 283 1
3411 1 85 45 239 253 1
3412 1 108 32 258 243 1
3413 1 126 32 290 252 1
3414 1 147 20 311 240 1
3415 1 173 28 337 248 1
3416 1 199 16 363 236 1
3417 1 229 1 393 221 1
3418 1 262 0 419 193 0
3419 1 311 0 453 159 0
3420 1 342 0 496 141 0
3421 1 387 0 538 118 0
3422 1 428 0 578 94 0
3423 1 535 0 627 80 0
3424 1 588 0 659 68 0
3425 1 600 0 685 66 0
3426 1 645 0 687 68 0
3427 1 645 0 705 64 0
3428 1 645 0 705 71 0
3429 1 645 0 705 67 0
3430 1 645 0 705 62 0
3431 1 645 0 705 57 0
3432 1 540 0 705 61 0
3433 1 540 0 705 65 0
3434 1 540 0 705 68 0
3435 1 538 0 698 74 0
3436 1 535 0 691 80 0
3437 1 524 0 675 88 0
3438 1 499 0 658 93 0
3439 1 498 0 648 94 0
3440 1 481 0 641 97 0
3441 1 481 0 642 106 0
3442 1 486 0 642 106 0
3443 1 493 0 651 111 0
3444 1 502 0 658 113 0
3445 1 512 4 670 114 0
3446 1 533 11 679 113 0
3447 1 547 20 688 128 0
3448 1 564 25 703 137 0
3449 1 564 33 717 131 0
3450 1 579 35 728 138 0
3451 1 586 42 732 139 0
3452 1 586 42 739 141 0
3453 1 586 42 739 153 0
3454 1 586 48 739 155 0
3455 1 586 55 744 165 0
3456 1 592 62 744 169 0
3457 1 592 62 744 173 0
3458 1 592 73 744 180 0
3459 1 592 73 744 185 0
3460 1 592 73 743 194 0
3461 1 593 73 743 202 0
3462 1 593 80 743 201 0
3463 1 595 84 747 204 0
3464 1 604 84 748 204 0
3465 1 604 88 748 206 0
3466 1 604 88 748 214 0
3467 1 604 95 748 219 0
3468 1 610 95 756 219 0
3469 1 610 95 756 223 0
3470 1 610 99 756 226 0
3471 1 610 103 756 230 0
3472 1 610 104 756 233 0
3473 1 610 106 756 237 0
3474 1 610 106 756 240 0
3475 1 610 111 756 240 0
3476 1 610 111 756 244 0
3477 1 610 111 756 251 0
3478 1 610 122 756 251 0
3479 1 606 122 756 259 0
3480 1 602 122 752 259 0
3481 1 599 122 749 259 0
3482 1 596 122 746 259 0
3483 1 593 122 743 259 0
3484 1 593 120 743 258 0
3485 1 593 118 743 256 0
3486 1 593 116 743 255 0
3487 1 593 114 743 253 0
3488 1 593 113 743 253 0
3489 1 591 109 744 250 0
3490 1 590 106 745 248 0
3491 1 588 102 746 245 0
3492 1 586 99 746 243 0
3493 1 591 99 746 243 0
3494 1 591 99 746 238 0
3495 1 597 99 746 238 0
3496 1 597 99 746 238 0
3497 1 605 97 754 236 0
3498 1 613 95 762 234 0
3499 1 613 95 762 245 0
3500 1 616 93 779 245 0
3501 1 616 93 780 245 0
3502 1 616 93 780 246 0
3503 1 629 94 787 249 0
3504 1 629 101 787 249 0
3505 1 629 101 787 263 0
3506 1 629 106 787 263 0
3507 1 629 111 787 263 0
3508 1 629 111 796 268 0
3509 1 629 111 796 270 0
3510 1 629 111 796 273 0
3511 1 629 111 796 275 0
3512 1 629 111 796 278 0
3513 1 627 112 794 279 0
3514 1 624 113 791 280 0
3515 1 621 114 788 281 0
3516 1 618 115 785 282 0
3517 1 618 116 782 282 0
3518 1 618 118 779 282 0
3519 1 618 119 776 282 0
3520 1 619 121 776 287 0
3521 1 620 124 776 292 0
3522 1 622 126 776 297 0
3523 1 628 126 786 297 0
3524 1 628 136 786 305 0
3525 1 637 136 785 305 0
3526 1 637 148 785 318 0
3527 1 640 153 788 323 0
3528 1 644 157 792 327 0
3529 1 647 162 795 332 0
3530 1 648 168 796 338 0
3531 1 649 174 797 344 0
3532 1 651 180 799 350 0
3533 1 656 183 809 350 0
3534 1 661 186 818 350 0
3535 1 667 189 829 350 0
3536 1 667 197 829 361 0
3537 1 667 200 829 371 0
3538 1 674 200 828 373 0
3539 1 674 219 828 382 0
3540 1 672 218 826 381 0
3541 1 669 218 823 381 0
3542 1 666 217 820 380 0
3543 1 663 216 817 379 0
3544 1 660 215 814 378 0
3545 1 658 214 812 377 0
3546 1 655 213 809 376 0
3547 1 652 212 806 375 0
3548 1 646 212 806 375 0
3549 1 641 212 806 375 0
3550 1 641 212 796 375 0
3551 1 641 212 796 373 0
3552 1 634 211 789 372 0
3553 1 628 209 783 370 0
3554 1 621 207 776 368 0
3555 1 619 207 774 368 0
3556 1 617 207 772 368 0
3557 1 615 207 770 368 0
3558 1 612 207 767 368 0
3559 1 606 206 761 367 0
3560 1 594 202 749 363 0
3561 1 582 199 737 360 0
3562 1 571 196 726 357 0
3563 1 556 187 711 348 0
3564 1 541 179 696 340 0
3565 1 529 175 684 336 0
3566 1 519 165 674 326 0
3567 1 510 154 665 315 0
3568 1 493 150 648 311 0
3569 1 491 148 646 309 0
3570 1 488 146 643 307 0
3571 1 486 145 641 306 0
3572 1 483 143 638 304 0
3573 1 481 141 636 302 0
3574 1 478 140 633 301 0
3575 1 474 135 629 296 0
3576 1 470 130 625 291 0
3577 1 465 125 620 286 0
3578 1 465 121 620 282 0
3579 1 465 117 620 278 0
3580 1 464 108 619 269 0
3581 1 462 98 617 259 0
3582 1 462 99 617 261 0
3583 1 462 100 617 264 0
3584 1 462 101 617 267 0
3585 1 462 102 617 269 0
3586 1 462 104 617 273 0
3587 1 462 105 617 275 0
3588 1 462 106 617 278 0
3589 1 463 111 618 283 1
3590 1 464 117 619 289 1
3591 1 465 122 620 294 1
3592 1 466 128 621 300 1
3593 1 467 133 622 305 1
3594 1 468 139 623 311 1
3595 1 471 142 626 314 1
3596 1 474 145 629 317 1
3597 1 477 148 632 320 1
3598 1 480 150 635 322 1
3599 1 485 154 640 326 1
3600 1 490 157 645 329 1
3601 1 494 161 649 333 1
3602 1 499 164 654 336 1
3603 1 499 169 654 341 1
3604 1 498 175 653 347 1
3605 1 498 180 653 352 1
3606 1 495 185 650 357 0
3607 1 492 190 647 362 0
3608 1 489 195 644 367 0
3609 1 489 201 644 373 0
3610 1 489 206 644 378 0
3611 1 489 211 644 383 0
3612 1 486 223 645 395 0
3613 1 484 235 647 407 0
3614 1 481 247 648 419 0
3615 1 489 249 656 421 0
3616 1 496 252 663 424 0
3617 1 500 268 670 447 0
3618 1 504 284 677 471 0
3619 1 505 293 678 480 0
3620 1 505 302 678 489 0
3621 1 512 310 685 497 0
3622 1 519 317 692 504 0
3623 1 526 325 699 512 0
3624 1 541 317 714 504 0
3625 1 556 310 729 497 0
3626 1 569 297 742 484 0
3627 1 583 284 756 471 0
3628 1 586 269 759 456 0
3629 1 589 245 762 432 0
3630 1 592 220 765 407 0
3631 1 591 197 764 384 0
3632 1 590 173 763 360 0
3633 1 599 163 772 350 0
3634 1 608 153 781 340 0
3635 1 618 142 791 329 0
3636 1 627 130 800 317 0
3637 1 634 119 807 306 0
3638 1 641 109 814 296 0
3639 1 651 102 824 289 0
3640 1 661 95 834 282 0
3641 1 675 90 848 277 0
3642 1 688 85 861 272 0
3643 1 702 79 875 266 0
3644 1 699 80 872 267 0
3645 1 696 81 869 268 0
3646 1 694 82 867 269 0
3647 1 691 84 864 271 0
3648 1 682 87 855 274 0
3649 1 672 90 845 277 0
3650 1 663 94 836 281 0
3651 1 642 94 815 281 0
3652 1 620 94 793 281 0
3653 1 599 94 772 281 0
3654 1 577 96 750 283 0
3655 1 556 98 729 285 0
3656 1 540 97 713 284 0
3657 1 524 96 697 283 0
3658 1 508 95 681 282 0
3659 1 496 104 667 286 0
3660 1 483 112 651 289 0
3661 1 481 117 649 294 0
3662 1 478 122 646 299 0
3663 1 478 126 646 303 0
3664 1 478 129 646 306 0
3665 1 478 133 646 310 0
3666 1 489 133 657 310 0
3667 1 499 133 667 310 0
3668 1 499 133 667 321 0
3669 1 499 133 667 333 0
3670 1 491 136 659 336 0
3671 1 483 139 651 339 0
3672 1 476 142 644 342 0
3673 1 470 141 634 341 0
3674 1 465 140 625 340 0
3675 1 459 139 614 339 0
3676 1 461 135 617 335 0
3677 1 463 131 621 331 0
3678 1 464 127 623 326 0
3679 1 466 124 626 323 0
3680 1 472 122 632 321 0
3681 1 478 121 638 320 0
3682 1 478 122 640 319 0
3683 1 479 124 643 320 0
3684 1 480 125 646 319 0
3685 1 480 127 648 320 0
3686 1 481 128 652 319 0
3687 1 481 131 652 322 0
3688 1 482 134 653 325 0
3689 1 482 137 653 328 0
3690 1 478 141 649 329 0
3691 1 473 144 644 329 0
3692 1 469 148 640 330 0
3693 1 469 148 636 330 0
3694 1 469 148 632 330 0
3695 1 469 149 632 331 0
3696 1 468 151 631 333 0
3697 1 468 153 631 335 0
3698 1 467 155 630 337 0
3699 1 470 158 633 340 0
3700 1 472 161 635 343 0
3701 1 474 164 637 346 0
3702 1 476 167 639 349 0
3703 1 478 167 639 343 0
3704 1 480 167 639 337 0
3705 1 482 167 640 331 0
3706 1 484 167 640 324 0
3707 1 490 167 639 324 0
3708 1 497 167 639 324 0
3709 1 497 167 651 324 0
3710 1 501 167 655 324 0
3711 1 505 167 659 324 0
3712 1 506 165 659 322 0
3713 1 507 163 659 321 0
3714 1 509 161 659 319 0
3715 1 510 158 659 316 0
3716 1 511 156 659 315 0
3717 1 511 156 659 315 0
3718 1 510 156 659 315 0
3719 1 509 156 659 315 0
3720 1 511 155 661 310 0
3721 1 512 153 662 305 0
3722 1 514 152 665 301 0
3723 1 516 150 667 295 0
3724 1 516 150 667 297 0
3725 1 516 150 667 299 0
3726 1 516 150 667 301 0
3727 1 515 150 667 301 0
3728 1 514 150 667 301 0
3729 1 514 150 667 301 0
3730 1 513 151 667 302 0
3731 1 513 151 667 302 0
3732 1 513 151 667 301 0
3733 1 513 152 667 302 0
3734 1 513 152 668 300 0
3735 1 513 152 669 298 0
3736 1 513 152 670 297 0
3737 1 514 154 671 299 0
3738 1 515 155 672 300 0
3739 1 516 157 673 302 0
3740 1 517 159 674 304 0
3741 1 519 159 674 304 0
3742 1 521 159 674 304 0
3743 1 523 159 673 304 0
3744 1 525 159 673 304 0
3745 1 528 159 677 304 0
3746 1 530 159 680 304 0
3747 1 533 159 684 304 0
3748 1 536 159 684 304 0
3749 1 540 159 684 304 0
3750 1 543 159 684 304 0
3751 1 546 162 689 305 0
3752 1 549 165 693 307 0
3753 1 552 168 698 308 0
3754 1 555 170 703 309 0
3755 1 558 173 708 318 0
3756 1 558 173 708 311 0
3757 1 562 173 713 316 0
3758 1 566 173 719 321 0
3759 1 569 176 723 324 0
3760 1 571 179 727 327 0
3761 1 573 181 730 330 0
3762 1 576 184 735 333 0
3763 1 578 181 737 330 0
3764 1 580 179 739 328 0
3765 1 582 176 741 325 0
3766 1 584 174 743 323 0
3767 1 587 167 746 316 0
3768 1 590 160 749 309 0
3769 1 593 153 752 302 0
3770 1 597 145 756 294 0
3771 1 600 137 759 286 0
3772 1 605 131 764 280 0
3773 1 609 126 768 275 0
3774 1 609 122 768 271 0
3775 1 610 119 769 268 0
3776 1 611 116 770 265 0
3777 1 610 110 769 259 0
3778 1 609 105 768 254 0
3779 1 611 103 770 252 0
3780 1 611 90 770 239 0
3781 1 608 84 767 233 0
3782 1 604 79 763 228 0
3783 1 607 75 766 224 0
3784 1 609 71 768 220 0
3785 1 610 66 769 215 0
3786 1 611 62 770 211 0
3787 1 611 62 770 209 0
3788 1 611 62 770 206 0
3789 1 611 60 770 204 0
3790 1 610 57 769 201 0
3791 1 610 55 769 199 0
3792 1 610 56 770 203 0
3793 1 610 58 771 208 0
3794 1 610 59 773 212 0
3795 1 610 60 774 216 0
3796 1 609 68 773 224 0
3797 1 609 75 773 231 0
3798 1 608 83 772 239 0
3799 1 608 89 774 252 0
3800 1 608 96 776 265 0
3801 1 612 96 778 272 0
3802 1 615 96 780 279 0
3803 1 615 102 787 279 0
3804 1 619 108 789 291 0
3805 1 624 113 792 303 0
3806 1 625 118 793 308 0
3807 1 627 124 795 314 0
3808 1 631 130 799 320 0
3809 1 635 135 803 325 0
3810 1 638 141 806 331 0
3811 1 642 143 811 339 0
3812 1 645 145 814 348 0
3813 1 645 145 818 360 0
3814 1 645 145 823 372 0
3815 1 642 149 822 377 0
3816 1 638 153 820 382 0
3817 1 634 156 819 387 0
3818 1 629 158 816 393 0
3819 1 624 159 813 398 0
3820 1 619 160 810 403 0
3821 1 619 160 810 406 0
3822 1 619 160 810 409 0
3823 1 619 160 811 411 0
3824 1 619 160 811 414 0
3825 1 617 163 814 419 0
3826 1 616 166 818 425 0
3827 1 614 170 821 431 0
3828 1 614 170 821 427 0
3829 1 614 170 821 423 0
3830 1 617 173 824 426 0
3831 1 620 177 827 430 0
3832 1 623 181 830 434 0
3833 1 626 185 833 438 0
3834 1 626 185 833 439 0
3835 1 626 185 834 439 0
3836 1 626 185 835 440 0
3837 1 626 185 835 440 0
3838 1 626 185 836 440 0
3839 1 626 185 837 441 0
3840 1 627 185 838 441 0
3841 1 628 184 839 439 1
3842 1 629 184 840 439 1
3843 1 630 184 841 438 1
3844 1 630 183 841 437 1
3845 1 631 183 842 436 1
3846 1 632 183 843 436 1
3847 1 633 182 844 435 1
3848 1 634 182 845 434 1
3849 1 635 182 846 434 1
3850 1 636 182 847 433 1
3851 1 637 181 848 432 1
3852 1 638 181 849 432 1
3853 1 639 181 850 431 1
3854 1 640 180 851 430 1
3855 1 641 180 852 429 1
3856 1 646 177 855 425 1
3857 1 651 173 858 419 1
3858 1 656 170 861 414 1
3859 1 661 166 864 408 1
3860 1 666 163 868 403 1
3861 1 668 160 870 400 1
3862 1 670 157 872 397 1
3863 1 673 153 875 393 1
3864 1 675 150 877 390 1
3865 1 679 149 878 383 0
3866 1 684 149 881 377 0
3867 1 688 148 883 370 0
3868 1 693 148 885 364 0
3869 1 701 138 893 354 0
3870 1 705 138 894 367 0
3871 1 711 136 900 365 0
3872 1 718 133 907 362 0
3873 1 718 131 907 360 0
3874 1 719 129 908 358 0
3875 1 720 127 909 356 0
3876 1 726 126 914 355 0
3877 1 731 126 919 355 0
3878 1 737 126 924 355 0
3879 1 740 126 927 359 0
3880 1 743 126 930 364 0
3881 1 746 126 933 369 0
3882 1 746 126 940 369 0
3883 1 746 126 948 369 0
3884 1 746 126 948 367 0
3885 1 746 126 948 366 0
3886 1 746 126 948 364 0
3887 1 746 126 948 362 0
3888 1 744 125 946 361 0
3889 1 741 124 943 360 0
3890 1 739 123 941 359 0
3891 1 737 122 939 358 0
3892 1 734 122 936 358 0
3893 1 732 122 932 356 0
3894 1 730 123 928 355 0
3895 1 727 124 924 354 0
3896 1 725 125 920 353 0
3897 1 723 126 917 352 0
3898 1 720 125 914 351 0
3899 1 716 124 910 350 0
3900 1 713 123 907 349 0
3901 1 710 122 904 348 0
3902 1 707 121 901 347 0
3903 1 703 120 897 346 0
3904 1 699 124 884 346 0
3905 1 694 127 871 345 0
3906 1 690 126 869 346 0
3907 1 685 124 866 345 0
3908 1 680 123 863 345 0
3909 1 675 124 856 341 0
3910 1 671 126 849 339 0
3911 1 666 127 842 335 0
3912 1 662 128 835 331 0
3913 1 654 127 827 330 0
3914 1 646 127 819 330 0
3915 1 641 127 807 327 0
3916 1 635 128 793 325 0
3917 1 630 128 781 322 0
3918 1 619 129 767 321 0
3919 1 609 129 755 320 0
3920 1 599 128 740 317 0
3921 1 589 127 726 314 0
3922 1 552 127 719 301 0
3923 1 541 127 706 301 0
3924 1 529 123 694 297 0
3925 1 516 120 681 294 0
3926 1 503 116 668 290 0
3927 1 497 116 660 287 0
3928 1 491 116 651 284 0
3929 1 484 116 641 281 0
3930 1 477 117 634 281 0
3931 1 469 118 626 281 1
3932 1 461 119 618 280 1
3933 1 458 118 613 279 1
3934 1 454 118 607 279 1
3935 1 450 117 601 278 1
3936 1 447 116 595 277 1
3937 1 441 116 591 280 1
3938 1 434 116 585 283 1
3939 1 428 116 580 285 1
3940 1 422 116 576 288 1
3941 1 416 116 571 290 1
3942 1 413 118 566 292 1
3943 1 409 120 559 294 1
3944 1 406 121 554 294 1
3945 1 403 123 549 296 1
3946 1 399 126 547 299 1
3947 1 395 128 544 300 1
3948 1 391 131 542 303 1
3949 1 388 133 539 307 1
3950 1 385 135 537 311 1
3951 1 382 137 534 315 1
3952 1 376 140 528 318 1
3953 1 376 143 528 321 1
3954 1 376 146 528 324 1
3955 1 373 146 525 324 1
3956 1 371 146 523 324 1
3957 1 369 145 521 323 1
3958 1 367 145 519 323 1
3959 1 365 145 517 323 1
3960 1 364 145 516 323 1
3961 1 363 145 515 323 1
3962 1 361 145 513 323 1
3963 1 360 145 512 323 1
3964 1 359 146 511 324 1
3965 1 358 146 510 324 1
3966 1 356 146 508 324 1
3967 1 355 146 507 324 1
3968 1 354 146 506 324 1
3969 1 352 146 504 324 1
3970 1 351 146 503 324 1
3971 1 353 146 505 324 1
3972 1 354 146 507 324 1
3973 1 356 146 509 324 1
3974 1 357 146 510 324 1
3975 1 359 146 512 324 1
3976 1 360 146 513 324 1
3977 1 362 145 515 323 1
3978 1 363 145 516 323 1
3979 1 365 145 518 323 1
3980 1 366 145 519 323 1
3981 1 368 145 522 323 1
3982 1 372 147 526 321 1
3983 1 377 148 531 318 1
3984 1 382 150 536 316 1
3985 1 386 152 540 314 1
3986 1 391 154 545 312 1
3987 1 395 155 549 309 1
3988 1 402 156 556 310 1
3989 1 409 157 563 311 1
3990 1 416 157 570 311 1
3991 1 422 158 576 312 1
3992 1 433 164 584 313 1
3993 1 443 170 592 314 0
3994 1 453 176 600 315 0
3995 1 463 183 607 317 0
3996 1 474 189 616 319 0
3997 1 484 195 623 320 0
3998 1 494 201 631 321 0
3999 1 505 207 640 322 0
4000 1 515 213 647 323 0
4001 1 525 220 655 325 0
4002 1 535 226 663 327 0
4003 1 546 232 671 328 0
4004 1 552 235 679 330 0
4005 1 557 237 686 330 0
4006 1 563 240 694 332 0
4007 1 569 243 702 334 0
4008 1 575 245 711 334 0
4009 1 581 248 719 336 0
4010 1 587 251 727 338 0
4011 1 588 253 731 339 0
4012 1 589 255 735 340 0
4013 1 591 257 741 342 0
4014 1 592 259 745 343 0
4015 1 593 261 745 348 0
4016 1 595 263 745 352 0
4017 1 596 265 745 357 0
4018 1 598 267 745 361 0
4019 1 597 267 745 361 0
4020 1 595 267 743 361 0
4021 1 594 267 742 360 0
4022 1 593 267 741 360 0
4023 1 591 267 740 360 0
4024 1 590 267 739 360 0
4025 1 588 266 739 360 0
4026 1 586 264 738 359 0
4027 1 584 263 738 359 0
4028 1 583 261 739 358 0
4029 1 581 260 739 358 0
4030 1 581 257 737 355 0
4031 1 581 253 736 352 0
4032 1 581 249 734 349 0
4033 1 581 246 733 346 0
4034 1 582 242 733 343 0
4035 1 581 237 732 338 0
4036 1 581 232 732 333 0
4037 1 581 227 732 328 0
4038 1 581 222 732 323 0
4039 1 581 219 732 316 0
4040 1 581 217 732 311 0
4041 1 580 213 729 306 0
4042 1 579 209 726 301 0
4043 1 578 205 723 296 0
4044 1 575 203 720 294 0
4045 1 572 201 717 292 0
4046 1 569 199 714 290 0
4047 1 567 197 712 288 0
4048 1 566 197 711 288 0
4049 1 565 197 710 289 0
4050 1 565 198 710 290 0
4051 1 564 198 709 291 0
4052 1 563 199 708 292 0
4053 1 563 199 708 293 0
4054 1 562 199 707 293 0
4055 1 562 200 707 295 0
4056 1 561 200 706 295 0
4057 1 560 200 705 296 0
4058 1 560 201 705 297 0
4059 1 559 201 704 298 0
4060 1 558 202 703 299 0
4061 1 558 202 703 300 0
4062 1 557 202 702 300 0
4063 1 557 203 702 302 0
4064 1 556 203 701 302 0
4065 1 555 203 700 303 0
4066 1 555 208 700 309 0
4067 1 555 212 700 313 0
4068 1 555 217 700 319 0
4069 1 552 217 697 322 0
4070 1 549 217 694 326 0
4071 1 546 217 691 329 0
4072 1 542 221 687 333 0
4073 1 538 225 683 337 0
4074 1 534 229 679 341 0
4075 1 531 232 676 344 0
4076 1 529 234 674 346 0
4077 1 526 237 671 349 0
4078 1 524 240 669 352 0
4079 1 522 240 667 352 0
4080 1 521 240 666 352 0
4081 1 519 240 664 352 0
4082 1 518 241 663 353 0
4083 1 518 241 663 353 0
4084 1 519 241 664 353 0
4085 1 519 241 664 353 0
4086 1 520 241 665 353 0
4087 1 520 241 665 353 0
4088 1 521 241 666 353 0
4089 1 521 241 666 353 0
4090 1 522 241 667 353 0
4091 1 521 242 666 354 0
4092 1 520 244 665 356 0
4093 1 520 245 665 357 0
4094 1 519 247 664 359 0
4095 1 519 248 664 360 0
4096 1 518 249 663 361 0
4097 1 521 246 666 358 0
4098 1 525 242 670 354 0
4099 1 528 238 673 350 0
4100 1 532 235 677 347 0
4101 1 536 231 681 343 0
4102 1 539 226 686 343 0
4103 1 542 222 691 343 0
4104 1 545 217 696 343 0
4105 1 549 213 702 343 0
4106 1 552 209 708 343 0
4107 1 558 206 714 340 0
4108 1 564 203 720 337 0
4109 1 570 201 726 335 0
4110 1 572 201 728 335 0
4111 1 574 201 730 335 0
4112 1 575 201 731 335 0
4113 1 579 203 735 337 0
4114 1 582 205 738 339 0
4115 1 586 207 742 341 0
4116 1 589 210 745 344 0
4117 1 591 210 747 344 0
4118 1 593 211 749 345 0
4119 1 595 212 751 346 0
4120 1 596 213 752 347 0
4121 1 598 214 754 348 0
4122 1 600 214 756 348 0
4123 1 601 214 757 348 0
4124 1 603 214 759 348 0
4125 1 605 214 761 348 0
4126 1 610 208 769 345 0
4127 1 615 203 778 342 0
4128 1 620 198 787 340 0
4129 1 626 198 787 340 0
4130 1 631 196 791 340 0
4131 1 637 193 795 339 0
4132 1 643 191 800 339 0
4133 1 651 185 807 337 0
4134 1 660 180 815 336 0
4135 1 668 174 822 333 0
4136 1 673 169 828 331 0
4137 1 679 163 836 328 0
4138 1 685 157 843 325 0
4139 1 690 152 849 322 0
4140 1 694 148 854 321 0
4141 1 698 145 858 321 0
4142 1 702 142 862 320 0
4143 1 706 139 866 320 0
4144 1 710 134 870 322 0
4145 1 715 130 875 325 0
4146 1 719 125 879 328 0
4147 1 719 123 883 327 0
4148 1 719 120 886 326 0
4149 1 719 118 889 326 0
4150 1 719 116 893 326 0
4151 1 719 113 896 324 0
4152 1 719 113 899 324 0
4153 1 719 113 902 324 0
4154 1 719 113 904 324 0
4155 1 719 113 907 324 0
4156 1 719 113 907 328 0
4157 1 719 113 907 331 0
4158 1 719 113 907 334 0
4159 1 719 113 907 338 0
4160 1 719 113 907 341 0
4161 1 719 113 907 344 0
4162 1 719 111 908 344 0
4163 1 719 109 910 345 0
4164 1 719 107 911 345 0
4165 1 719 104 913 344 0
4166 1 719 102 914 345 0
4167 1 719 100 916 345 0
4168 1 724 99 921 344 0
4169 1 729 98 926 343 0
4170 1 733 97 930 342 0
4171 1 738 96 935 341 0
4172 1 743 96 938 341 0
4173 1 748 97 941 342 0
4174 1 753 97 943 342 0
4175 1 758 97 946 342 0
4176 1 763 98 949 343 0
4177 1 768 98 952 343 0
4178 1 773 99 955 344 0
4179 1 775 101 956 337 0
4180 1 777 104 956 330 0
4181 1 779 106 957 323 0
4182 1 781 108 957 316 0
4183 1 781 111 956 316 0
4184 1 781 114 955 316 0
4185 1 781 117 954 316 0
4186 1 781 120 952 316 0
4187 1 781 123 951 316 0
4188 1 777 126 947 315 0
4189 1 774 129 944 314 0
4190 1 770 131 940 312 0
4191 1 767 134 937 311 0
4192 1 763 135 932 310 0
4193 1 759 136 927 310 0
4194 1 755 138 921 310 0
4195 1 751 139 916 309 0
4196 1 747 140 911 309 0
4197 1 743 141 905 308 0
4198 1 739 143 900 308 0
4199 1 734 144 893 307 0
4200 1 724 142 883 305 0
4201 1 713 143 872 306 0
4202 1 703 144 862 307 0
4203 1 693 146 852 309 0
4204 1 682 147 841 310 0
4205 1 672 148 828 310 0
4206 1 662 150 815 311 0
4207 1 652 151 801 310 0
4208 1 642 152 788 310 0
4209 1 631 154 774 311 0
4210 1 624 159 769 313 0
4211 1 616 165 763 317 0
4212 1 612 171 758 320 0
4213 1 607 176 751 323 0
4214 1 603 182 746 327 0
4215 1 603 186 746 327 0
4216 1 603 190 746 326 0
4217 1 607 197 749 330 0
4218 1 611 204 752 334 0
4219 1 615 210 755 336 0
4220 1 619 217 758 340 0
4221 1 627 219 767 342 0
4222 1 634 220 775 344 0
4223 1 642 222 783 346 0
4224 1 650 223 792 347 0
4225 1 657 224 799 348 0
4226 1 668 228 805 349 0
4227 1 678 232 810 351 0
4228 1 686 235 818 353 0
4229 1 694 239 826 356 0
4230 1 702 242 834 358 0
4231 1 709 244 839 359 0
4232 1 716 245 845 359 0
4233 1 723 247 850 360 0
4234 1 730 248 856 361 0
4235 1 734 250 860 361 0
4236 1 738 252 864 362 0
4237 1 742 253 869 361 0
4238 1 745 255 872 362 0
4239 1 749 257 876 362 0
4240 1 753 259 880 363 0
4241 1 755 261 882 365 0
4242 1 758 264 885 368 0
4243 1 761 267 888 371 0
4244 1 763 269 890 373 0
4245 1 762 269 890 372 0
4246 1 761 269 890 372 0
4247 1 760 269 890 371 0
4248 1 759 269 890 371 0
4249 1 758 269 890 371 0
4250 1 757 269 890 370 0
4251 1 756 269 889 370 0
4252 1 756 269 889 369 0
4253 1 756 269 889 369 0
4254 1 756 269 889 369 0
4255 1 756 269 889 368 0
4256 1 756 269 889 368 0
4257 1 757 268 891 367 0
4258 1 758 267 894 366 0
4259 1 759 266 896 365 0
4260 1 760 265 898 364 0
4261 1 761 264 900 363 0
4262 1 762 263 902 362 0
4263 1 763 262 904 361 0
4264 1 763 262 904 361 0
4265 1 763 263 904 362 0
4266 1 763 263 904 362 0
4267 1 763 263 904 362 0
4268 1 762 264 903 363 0
4269 1 762 264 903 363 0
4270 1 762 265 903 364 0
4271 1 762 265 903 364 0
4272 1 762 266 903 365 0
4273 1 762 266 903 365 0
4274 1 762 266 903 365 0
4275 1 762 267 903 366 0
4276 1 761 267 902 366 0
4277 1 761 268 902 367 0
4278 1 761 268 902 367 0
4279 1 761 269 902 368 0
4280 1 761 269 902 368 0
4281 1 761 269 902 368 0
4282 1 761 270 902 369 0
4283 1 761 270 902 369 0
4284 1 760 271 901 370 0
4285 1 760 271 901 370 0
4286 1 760 272 901 371 0
4287 1 760 272 901 371 0
4288 1 760 273 901 374 0
4289 1 759 273 900 376 0
4290 1 759 274 899 379 0
4291 1 758 274 898 381 0
4292 1 758 275 898 385 0
4293 1 757 276 897 388 0
4294 1 757 276 897 390 0
4295 1 757 277 897 393 0
4296 1 756 277 895 395 0
4297 1 756 278 895 398 0
4298 1 756 284 895 398 0
4299 1 756 289 895 398 0
4300 1 756 295 895 398 0
4301 1 756 300 895 398 0
4302 1 756 301 895 398 0
4303 1 756 302 895 398 0
4304 1 756 303 895 398 0
4305 1 756 304 895 398 0
4306 1 756 305 895 398 0
4307 1 756 305 895 398 0
4308 1 756 306 895 398 0
4309 1 757 305 896 397 0
4310 1 757 304 896 396 0
4311 1 758 304 897 396 0
4312 1 759 303 898 395 0
4313 1 760 302 899 394 0
4314 1 761 301 900 393 0
4315 1 762 300 901 392 0
4316 1 763 299 902 391 0
4317 1 764 298 903 390 0
4318 1 765 297 904 389 0
4319 1 766 296 905 388 0
4320 1 767 295 906 387 0
4321 1 768 294 907 386 0
4322 1 766 294 905 386 0
4323 1 765 294 904 385 0
4324 1 763 294 902 385 0
4325 1 762 293 901 384 0
4326 1 761 293 900 384 0
4327 1 759 293 898 384 0
4328 1 758 292 897 382 0
4329 1 756 292 895 382 0
4330 1 755 292 894 382 0
4331 1 754 292 893 382 0
4332 1 752 291 891 381 0
4333 1 751 291 890 381 0
4334 1 749 291 888 380 0
4335 1 748 290 887 379 0
4336 1 747 290 886 379 0
4337 1 745 290 884 379 0
4338 1 744 289 883 377 0
4339 1 743 287 882 375 0
4340 1 742 286 881 373 0
4341 1 741 285 880 372 0
4342 1 741 283 880 369 0
4343 1 740 282 879 368 0
4344 1 737 283 876 369 0
4345 1 735 285 875 371 0
4346 1 733 287 874 373 0
4347 1 731 288 873 374 0
4348 1 728 290 870 376 0
4349 1 726 291 869 377 0
4350 1 724 293 868 379 0
4351 1 725 292 868 379 0
4352 1 725 291 868 380 0
4353 1 726 290 868 380 0
4354 1 726 289 867 381 0
4355 1 727 288 868 381 0
4356 1 728 287 868 382 0
4357 1 728 286 867 382 0
4358 1 731 286 873 381 0
4359 1 733 286 878 380 0
4360 1 736 285 881 379 0
4361 1 738 284 883 378 0
4362 1 741 283 886 377 0
4363 1 744 283 889 377 0
4364 1 747 282 892 376 0
4365 1 749 281 894 375 0
4366 1 752 280 897 374 0
4367 1 752 280 897 374 0
4368 1 751 280 896 374 0
4369 1 750 280 895 374 0
4370 1 750 280 895 374 0
4371 1 749 280 894 374 0
4372 1 748 280 893 374 0
4373 1 748 280 893 374 0
4374 1 747 280 892 374 0
4375 1 747 280 892 374 0
4376 1 746 280 891 374 0
4377 1 745 280 890 374 0
4378 1 745 280 890 374 0
4379 1 744 280 889 374 0
4380 1 743 280 888 374 0
4381 1 743 280 888 374 0
4382 1 742 280 887 374 0
4383 1 741 280 886 374 0
4384 1 741 280 886 374 0
4385 1 740 280 885 374 0
4386 1 740 280 885 374 0
4387 1 738 280 883 374 0
4388 1 737 280 882 374 0
4389 1 736 281 881 375 0
4390 1 735 281 880 375 0
4391 1 734 281 879 375 0
4392 1 732 281 877 375 0
4393 1 731 281 876 375 0
4394 1 730 281 875 375 0
4395 1 729 281 874 375 0
4396 1 728 281 873 375 0
4397 1 728 280 873 374 0
4398 1 729 278 874 372 0
4399 1 730 277 875 371 0
4400 1 731 275 876 369 0
4401 1 732 274 877 368 0
4402 1 733 272 878 366 0
4403 1 733 271 878 365 0
4404 1 734 270 879 364 0
4405 1 735 268 880 362 0
4406 1 736 267 881 361 0
4407 1 737 265 882 359 0
4408 1 738 264 883 358 0
4409 1 738 262 883 356 0
4410 1 739 260 884 354 0
4411 1 739 258 884 352 0
4412 1 740 255 885 350 0
4413 1 740 253 885 348 0
4414 1 741 250 886 345 0
4415 1 741 248 886 343 0
4416 1 742 246 887 341 0
4417 1 742 243 887 339 0
4418 1 742 243 885 338 0
4419 1 741 243 882 337 0
4420 1 741 243 880 337 0
4421 1 740 243 877 336 0
4422 1 740 243 875 335 0
4423 1 739 243 872 334 0
4424 1 739 243 870 334 0
4425 1 739 243 872 334 0
4426 1 739 243 873 334 0
4427 1 739 243 875 334 0
4428 1 739 243 876 334 0
4429 1 739 243 878 334 0
4430 1 739 243 879 334 0
4431 1 739 243 881 334 0
4432 1 739 243 882 334 0
4433 1 739 243 884 334 0
4434 1 739 243 884 335 0
4435 1 739 243 884 335 0
4436 1 739 243 884 336 0
4437 1 739 243 884 337 0
4438 1 740 242 885 336 0
4439 1 741 241 886 335 0
4440 1 742 241 887 335 0
4441 1 743 240 888 334 0
4442 1 744 239 889 333 0
4443 1 745 238 890 332 0
4444 1 746 237 891 331 0
4445 1 747 236 892 330 0
4446 1 748 235 893 329 0
4447 1 748 234 893 328 0
4448 1 749 233 894 327 0
4449 1 750 232 895 326 0
4450 1 751 231 896 325 0
4451 1 752 230 897 324 0
4452 1 753 229 898 323 0
4453 1 754 228 899 322 0
4454 1 755 228 900 322 0
4455 1 756 227 901 321 0
4456 1 761 226 905 322 0
4457 1 766 225 909 322 0
4458 1 770 224 913 323 0
4459 1 775 223 917 324 0
4460 1 779 222 920 325 0
4461 1 784 221 925 326 0
4462 1 789 220 929 326 0
4463 1 795 218 936 327 0
4464 1 801 217 943 328 0
4465 1 806 216 949 329 0
4466 1 811 217 955 333 0
4467 1 815 218 960 336 0
4468 1 820 219 966 340 0
4469 1 824 221 971 345 0
4470 1 829 222 978 348 0
4471 1 833 224 981 352 0
4472 1 837 226 985 356 0
4473 1 840 228 988 360 0
4474 1 844 230 991 364 0
4475 1 848 232 995 369 0
4476 1 852 234 998 373 0
4477 1 856 235 1002 376 0
4478 1 859 237 1005 380 0
4479 1 857 239 1003 382 0
4480 1 855 240 1001 383 0
4481 1 854 241 1000 384 0
4482 1 852 242 998 385 0
4483 1 850 243 996 386 0
4484 1 848 245 994 388 0
4485 1 846 246 992 389 0
4486 1 844 247 990 390 0
4487 1 842 248 988 391 0
4488 1 840 249 986 392 0
4489 1 841 246 987 389 0
4490 1 841 242 987 385 0
4491 1 842 238 988 381 0
4492 1 843 235 989 378 0
4493 1 844 231 990 374 0
4494 1 845 228 991 371 0
4495 1 845 224 992 368 0
4496 1 845 221 994 365 0
4497 1 845 218 996 363 0
4498 1 845 215 998 361 0
4499 1 846 209 997 354 0
4500 1 848 204 997 349 0
4501 1 850 199 997 343 0
4502 1 849 196 996 340 0
4503 1 848 194 994 338 0
4504 1 848 191 993 335 0
4505 1 847 189 991 333 0
4506 1 846 186 990 331 0
4507 1 845 184 988 329 0
4508 1 840 183 983 328 0
4509 1 836 182 979 327 0
4510 1 831 181 974 326 0
4511 1 826 180 969 325 0
4512 1 821 179 964 324 0
4513 1 816 178 959 323 0
4514 1 810 176 953 321 0
4515 1 803 173 946 318 0
4516 1 797 171 940 316 0
4517 1 790 169 933 314 0
4518 1 784 166 927 311 0
4519 1 777 164 920 309 0
4520 1 766 163 909 307 0
4521 1 755 161 898 304 0
4522 1 744 160 887 303 0
4523 1 733 158 876 300 0
4524 1 722 155 865 297 0
4525 1 711 153 854 295 0
4526 1 700 150 843 292 0
4527 1 689 147 832 289 0
4528 1 674 143 817 285 0
4529 1 659 140 802 282 0
4530 1 645 136 788 278 0
4531 1 634 132 778 274 0
4532 1 623 129 769 271 0
4533 1 612 125 759 267 0
4534 1 601 122 749 264 0
4535 1 590 118 739 260 0
4536 1 580 115 731 257 0
4537 1 571 111 722 253 0
4538 1 561 107 712 249 0
4539 1 552 103 703 245 0
4540 1 543 99 694 241 0
4541 1 535 95 686 237 0
4542 1 528 90 679 232 0
4543 1 520 86 671 228 0
4544 1 507 68 660 208 0
4545 1 495 51 650 189 0
4546 1 483 34 640 170 0
4547 1 470 17 629 151 0
4548 1 458 0 619 131 0
4549 1 437 9 594 131 0
4550 1 415 18 567 131 0
4551 1 394 27 542 149 0
4552 1 372 36 515 167 0
4553 1 343 52 486 183 0
4554 1 314 68 457 199 0
4555 1 278 92 421 223 0
4556 1 244 113 383 248 0
4557 1 209 134 343 272 0
4558 1 175 155 305 297 0
4559 1 140 176 266 321 0
4560 1 104 205 224 350 0
4561 1 68 234 181 379 0
4562 1 32 263 139 408 0
4563 1 16 294 94 433 0
4564 1 0 325 48 458 0
4638 1 0 626 61 708 0
4639 1 4 631 101 709 0
4640 1 25 633 127 713 0
4641 1 59 636 163 715 0
4642 1 94 640 201 718 0
4643 1 128 644 238 721 0
4644 1 173 654 279 728 0
4645 1 218 665 320 736 0
4646 1 259 672 360 742 0
4647 1 300 678 400 750 0
4648 1 342 684 441 759 0
4649 1 397 698 499 773 0
4650 1 453 712 558 787 0
4651 1 508 725 615 800 0
4652 1 576 749 682 825 0
4653 1 644 772 749 849 0
4654 1 712 795 816 873 0
4655 1 820 825 925 901 0
4656 1 928 855 1034 928 0
4657 1 1035 884 1142 955 0
4663 1 1596 926 1683 991 0
4664 1 1615 926 1702 991 0
4665 1 1642 923 1729 988 0
4666 1 1668 920 1755 985 0
4667 1 1695 917 1782 982 0
4668 1 1708 911 1795 976 0
4669 1 1720 905 1807 970 0
4670 1 1732 898 1819 963 0
4671 1 1739 897 1826 962 0
4672 1 1746 896 1833 961 0
4673 1 1754 895 1841 960 0
4674 1 1761 894 1848 959 0
4675 1 1780 876 1867 941 0
4676 1 1784 868 1884 961 0
4677 1 1806 859 1898 938 0
4678 1 1827 851 1911 916 0
4679 1 1830 843 1920 918 0
4680 1 1851 826 1919 905 0
4681 1 1873 808 1919 892 0
4682 1 1888 808 1919 871 0
4739 1 1836 494 1919 641 0
4740 1 1815 462 1912 611 0
4741 1 1796 438 1897 588 0
4742 1 1777 413 1882 564 0
4743 1 1758 389 1867 541 0
4744 1 1761 366 1867 511 0
4745 1 1764 342 1866 481 0
4746 1 1767 319 1865 452 0
4747 1 1773 288 1873 417 0
4748 1 1779 258 1882 383 0
4749 1 1785 227 1890 347 0
4750 1 1791 196 1898 312 0
4751 1 1800 164 1905 269 0
4752 1 1809 133 1913 227 0
4753 1 1818 101 1920 184 0
4754 1 1817 67 1919 164 0
4755 1 1816 33 1919 144 0
4756 1 1816 0 1920 124 0
4757 1 1812 0 1908 107 0
4758 1 1809 0 1897 90 0
4759 1 1806 0 1886 72 0
4760 1 1819 0 1897 78 0
4761 1 1832 0 1907 84 0
4762 1 1865 0 1919 88 0
5447 1 1634 1040 1710 1080 0
5448 1 1687 1014 1765 1067 0
5449 1 1752 997 1809 1045 0
5450 1 1781 981 1843 1028 0
5451 1 1805 969 1866 1019 0
5452 1 1825 954 1879 1005 0
5453 1 1837 935 1885 982 0
5454 1 1844 924 1892 971 0
5455 1 1847 910 1895 957 0
5456 1 1846 892 1894 939 0
5457 1 1846 872 1887 920 0
5458 1 1842 862 1883 910 0
5459 1 1842 842 1879 890 0
5460 1 1832 831 1875 878 0
5461 1 1824 816 1867 863 0
5462 1 1814 807 1857 854 0
5463 1 1797 791 1849 838 0
5464 1 1773 791 1825 838 0
5465 1 1750 790 1802 837 0
5466 1 1725 790 1785 843 0
5467 1 1703 791 1768 844 0
5468 1 1691 803 1756 856 0
5469 1 1683 814 1748 867 0
5470 1 1673 824 1738 877 0
5471 1 1662 835 1727 888 0
5472 1 1654 839 1719 892 0
5473 1 1628 851 1697 908 0
5474 1 1600 871 1669 928 0
5475 1 1570 886 1639 951 0
5476 1 1533 907 1602 972 0
5477 1 1504 924 1573 989 0
5478 1 1467 938 1536 1003 0
5479 1 1429 951 1498 1016 0
5480 1 1391 965 1460 1030 0
5481 1 1324 1001 1392 1050 0
5482 1 1266 1022 1336 1065 0
5483 1 1207 1043 1280 1079 0
5484 1 1154 1056 1228 1080 0
5485 1 1151 1062 1200 1079 0
5508 1 587 1029 672 1079 0
5509 1 562 1011 647 1061 0
5510 1 546 1004 627 1050 0
5511 1 523 984 599 1035 0
5512 1 508 964 583 1015 0
5513 1 486 944 561 995 0
5514 1 474 934 549 985 0
5515 1 467 928 542 979 0
5516 1 457 918 505 969 0
5517 1 444 917 502 979 0
5518 1 432 916 501 989 0
5519 1 434 914 505 991 0
5520 1 436 912 509 994 0
5521 1 438 910 514 996 0
5522 1 438 909 514 996 0
5523 1 438 908 514 995 0
5524 1 438 907 514 994 0
5525 1 438 905 514 992 0
5526 1 438 904 514 991 0
5527 1 438 903 514 990 0
5528 1 443 902 518 984 0
5529 1 448 900 523 977 0
5530 1 453 899 528 971 0
5531 1 458 897 533 964 0
5567 1 1870 375 1919 427 0
5568 1 1852 360 1901 412 0
5569 1 1835 345 1884 397 0
5570 1 1818 331 1872 387 0
5571 1 1802 317 1861 377 0
5572 1 1786 304 1850 368 0
5573 1 1790 302 1854 366 0
5574 1 1795 300 1859 364 0
5575 1 1799 298 1863 362 0
5576 1 1804 296 1868 360 0
5577 1 1809 302 1873 366 0
5578 1 1819 305 1883 369 0
5579 1 1828 309 1892 373 0
5580 1 1842 312 1906 376 0
5581 1 1855 315 1919 379 0
5582 1 1859 315 1919 374 0
5583 1 1863 315 1919 369 0
5584 1 1866 315 1919 365 0
5594 1 1814 234 1902 302 0
5595 1 1814 234 1876 294 0
5596 1 1788 235 1850 295 0
5597 1 1761 236 1823 296 0
5598 1 1735 236 1797 296 0
5599 1 1716 235 1784 295 0
5600 1 1698 235 1773 296 0
5601 1 1680 234 1761 296 0
5602 1 1660 232 1741 294 0
5603 1 1642 234 1725 301 0
5604 1 1624 236 1709 308 0
5605 1 1605 249 1690 321 0
5606 1 1585 262 1670 334 0
5607 1 1570 276 1655 348 0
5608 1 1555 289 1640 361 0
5609 1 1547 315 1636 396 0
5610 1 1540 341 1634 431 0
5611 1 1551 364 1645 454 0
5612 1 1561 387 1655 477 0
5613 1 1572 411 1666 501 0
5614 1 1584 427 1676 517 0
5615 1 1597 444 1686 534 0
5616 1 1609 460 1696 550 0
5617 1 1615 469 1702 559 0
5618 1 1620 478 1707 568 0
5619 1 1625 487 1712 577 0
5620 1 1630 496 1717 586 0
5621 1 1624 503 1711 593 0
5622 1 1618 510 1705 600 0
5623 1 1612 516 1699 606 0
5624 1 1606 523 1693 613 0
5625 1 1573 525 1660 615 0
5626 1 1541 526 1628 616 0
5627 1 1492 533 1579 623 0
5628 1 1442 540 1529 630 0
5629 1 1393 547 1480 637 0
5630 1 1344 563 1432 653 0
5631 1 1296 579 1384 669 0
5632 1 1247 595 1336 685 0
5633 1 1203 626 1294 716 0
5634 1 1160 656 1254 746 0
5635 1 1142 666 1238 767 0
5636 1 1124 677 1222 789 0
5637 1 1107 687 1207 810 0
5638 1 1105 691 1206 812 0
5639 1 1103 695 1205 815 0
5640 1 1101 699 1205 817 0
5641 1 1106 688 1210 806 0
5642 1 1111 677 1215 795 0
5643 1 1116 666 1220 784 0
5644 1 1121 655 1225 773 0
5645 1 1126 644 1230 762 0
5646 1 1146 614 1255 739 0
5647 1 1166 585 1281 718 0
5648 1 1186 556 1306 697 0
5649 1 1202 529 1315 665 0
5650 1 1218 501 1325 631 0
5651 1 1218 501 1334 628 0
5652 1 1226 480 1344 613 0
5653 1 1235 459 1354 599 0
5654 1 1243 437 1364 584 0
5655 1 1247 431 1368 575 0
5656 1 1252 424 1373 564 0
5657 1 1256 417 1378 554 0
5658 1 1260 411 1382 544 0
5659 1 1267 399 1385 533 0
5660 1 1274 387 1387 523 0
5661 1 1280 375 1389 512 0
5662 1 1287 364 1392 502 0
5663 1 1292 362 1396 496 0
5664 1 1298 360 1402 490 0
5665 1 1304 359 1408 485 0
5666 1 1309 357 1412 478 0
5667 1 1278 337 1389 454 0
5668 1 1247 316 1367 429 0
5669 1 1197 278 1324 394 0
5670 1 1147 239 1281 358 0
5671 1 1090 194 1227 306 0
5672 1 1033 148 1172 253 0
5673 1 976 103 1117 202 0
5674 1 954 77 1085 173 0
5675 1 931 51 1051 145 0
5676 1 915 25 1035 119 0
5677 1 899 0 1019 94 0
5678 1 892 0 1004 74 0
5679 1 885 0 990 55 0
5680 1 866 0 947 48 0
5681 1 846 0 903 42 0
5682 1 827 0 861 35 0
5763 1 36 61 112 151 0
5764 1 71 43 141 117 0
5765 1 102 29 172 103 0
5766 1 129 4 199 78 0
5767 1 149 1 220 61 0
5768 1 170 0 242 46 0
5802 1 463 1 568 83 0
5803 1 487 56 577 147 0
5804 1 500 111 588 197 0
5805 1 513 167 600 249 0
5806 1 515 239 603 314 0
5807 1 512 285 600 360 0
5808 1 516 331 606 403 0
5809 1 513 371 603 443 0
5810 1 506 397 600 472 0
5811 1 499 423 597 501 0
5812 1 492 449 594 529 0
5813 1 484 462 585 542 0
5814 1 475 475 575 555 0
5815 1 467 488 566 568 0
5816 1 458 493 557 573 0
5817 1 448 499 547 579 0
5818 1 438 504 537 584 0
5819 1 437 493 537 575 0
5820 1 435 482 536 566 0
5821 1 434 471 535 557 0
5822 1 443 449 546 535 0
5823 1 457 414 560 500 0
5824 1 458 387 561 473 0
5825 1 459 360 562 446 0
5826 1 456 332 559 418 0
5827 1 452 303 555 389 0
5828 1 441 286 549 373 0
5829 1 429 269 542 357 0
5830 1 419 257 533 345 0
5831 1 408 245 524 333 0
5832 1 397 233 514 321 0
5833 1 379 233 496 321 0
5834 1 360 233 477 321 0
5835 1 336 248 453 336 0
5836 1 313 262 430 350 0
5837 1 292 289 409 377 0
5838 1 271 316 388 404 0
5839 1 261 339 376 430 0
5840 1 252 363 364 458 0
5841 1 256 378 369 474 0
5842 1 260 393 374 491 0
5843 1 264 409 379 509 0
5844 1 313 435 428 535 0
5845 1 361 462 476 562 0
5846 1 410 489 525 589 0
5847 1 518 535 633 635 0
5848 1 627 581 742 681 0
5857 1 1769 761 1862 820 0
5858 1 1860 749 1918 800 0
5903 1 338 578 458 662 0
5904 1 298 552 418 636 0
5905 1 272 544 392 628 0
5906 1 257 520 365 605 0
5907 1 242 511 350 596 0
5908 1 236 504 343 597 0
5909 1 230 497 337 598 0
5910 1 224 489 330 598 0
5911 1 214 489 325 601 0
5912 1 203 489 320 604 0
5913 1 193 489 315 607 0
5914 1 173 474 295 592 0
5915 1 153 458 275 576 0
5916 1 132 443 254 561 0
5917 1 112 427 234 545 0
5918 1 92 412 214 530 0
5919 1 71 388 193 506 0
5920 1 50 364 172 482 0
5921 1 29 341 151 459 0
5922 1 23 318 137 435 0
5923 1 18 296 125 412 0
5924 1 9 285 116 401 0
5925 1 0 274 107 390 0
5926 1 0 274 84 390 0
5927 1 0 274 60 390 0
5928 1 0 274 36 390 0
5929 1 0 291 16 378 0
5939 1 0 310 31 433 0
5940 1 0 286 57 434 0
5941 1 0 286 87 434 0
5942 1 0 286 106 434 0
5943 1 0 286 123 434 0
5944 1 0 286 136 434 0
5945 1 0 272 139 448 0
5946 1 0 272 142 448 0
5947 1 0 257 142 442 0
5948 1 0 242 142 437 0
5949 1 0 228 142 432 0
5950 1 0 228 128 404 0
5951 1 0 216 119 391 0
5952 1 0 205 111 378 0
5953 1 0 194 87 401 0
5954 1 0 182 70 399 0
5955 1 0 182 38 381 0
5956 1 0 218 9 321 0
6884 1 1 274 91 657 0
6885 1 1 289 140 658 0
6886 1 1 289 194 717 0
6887 1 1 336 236 742 0
6888 1 1 336 253 744 0
6889 1 0 348 266 721 0
6890 1 0 358 266 746 0
6891 1 0 366 271 746 0
6892 1 0 366 279 746 0
6893 1 0 377 279 762 0
6894 1 0 388 279 777 0
6895 1 0 394 267 777 0
6896 1 0 400 256 778 0
6897 1 0 405 244 777 0
6898 1 0 411 233 777 0
6899 1 0 416 227 808 0
6900 1 0 420 220 838 0
6901 1 0 425 214 870 0
6902 1 0 429 208 900 0
6903 1 0 434 201 907 0
6904 1 0 433 201 906 0
6905 1 0 433 201 907 0
6906 1 0 432 201 906 0
6907 1 0 432 201 907 0
6908 1 0 431 201 906 0
6909 1 0 426 197 907 0
6910 1 0 420 192 907 0
6911 1 0 414 188 906 0
6912 1 0 409 183 907 0
6913 1 0 397 182 907 0
6914 1 0 385 180 907 0
6915 1 0 373 179 907 0
6916 1 0 364 179 877 0
6917 1 0 355 179 848 0
6918 1 0 346 179 818 0
6919 1 0 330 179 797 0
6920 1 0 315 179 776 0
6921 1 0 300 179 756 0
6922 1 0 284 179 735 0
6923 1 0 268 181 719 0
6924 1 0 253 183 703 0
6925 1 0 243 184 677 0
6926 1 0 234 185 652 0
6927 1 0 224 185 626 0
6928 1 0 213 184 625 0
6929 1 0 203 182 626 0
6930 1 0 192 180 626 0
6931 1 0 192 176 598 0
6932 1 0 192 172 571 0
6933 1 0 192 169 544 0
6934 1 0 192 165 516 0
6935 1 0 192 161 489 0
6936 1 0 194 160 481 0
6937 1 0 197 158 473 0
6938 1 0 199 157 465 0
6939 1 0 201 156 457 0
6940 1 0 203 155 448 0
6941 1 0 205 154 440 0
6942 1 0 196 158 421 0
6943 1 0 187 161 402 0
6944 1 0 178 165 382 0
6945 1 0 168 169 362 0
6946 1 0 159 173 343 0
6947 1 0 150 177 324 0
6948 1 0 141 180 305 0
6949 1 11 126 189 280 0
6950 1 22 111 198 256 0
6951 1 33 96 207 232 0
6952 1 45 80 217 207 0
6953 1 61 65 228 190 0
6954 1 77 49 239 172 0
6955 1 93 33 249 154 0
6956 1 103 17 263 141 0
6957 1 114 0 279 127 0
6958 1 120 0 292 117 0
6959 1 126 0 305 108 0
6960 1 132 0 320 98 0
6961 1 166 0 331 89 0
6962 1 239 0 340 77 0
6963 1 239 0 352 77 0
6964 1 323 0 361 57 0
7222 1 0 398 60 830 0
7223 1 0 398 143 830 0
7224 1 0 398 227 830 0
7225 1 15 398 310 830 0
7226 1 87 398 377 902 0
7227 1 119 398 445 898 0
7228 1 151 398 512 894 0
7229 1 182 398 578 891 0
7230 1 182 386 606 875 0
7231 1 182 374 634 860 0
7232 1 182 361 663 844 0
7233 1 186 344 664 846 0
7234 1 190 328 665 850 0
7235 1 194 311 667 852 0
7236 1 198 294 668 854 0
7237 1 198 294 661 850 0
7238 1 198 294 655 847 0
7239 1 198 294 648 843 0
7240 1 198 289 646 843 0
7241 1 198 285 643 843 0
7242 1 198 281 641 843 0
7243 1 198 277 639 843 0
7244 1 198 273 637 843 0
7245 1 198 268 634 843 0
7246 1 186 266 627 843 0
7247 1 174 263 620 843 0
7248 1 161 261 612 843 0
7249 1 161 264 608 844 0
7250 1 161 266 604 843 0
7251 1 161 269 600 843 0
7252 1 161 272 596 843 0
7253 1 170 292 597 852 0
7254 1 178 312 596 862 0
7255 1 187 331 597 870 0
7256 1 223 360 620 889 0
7257 1 259 388 644 907 0
7258 1 294 417 667 925 0
7259 1 330 445 691 943 0
7260 1 401 470 750 950 0
7261 1 472 495 810 956 0
7262 1 542 519 869 962 0
7263 1 628 550 959 974 0
7264 1 714 580 1050 985 0
7265 1 791 606 1127 1004 0
7266 1 869 631 1205 1022 0
7267 1 969 657 1286 1005 0
7268 1 1069 682 1367 987 0
7269 1 1155 698 1468 1009 0
7270 1 1240 714 1567 1032 0
7271 1 1320 721 1631 1023 0
7272 1 1400 727 1695 1013 0
7273 1 1480 734 1758 1004 0
7274 1 1553 732 1811 1002 0
7275 1 1627 731 1865 1000 0
7276 1 1701 729 1919 997 0
7277 1 1729 720 1919 986 0
7278 1 1758 710 1920 974 0
7279 1 1802 717 1919 912 0
7280 1 1845 724 1919 851 0
8278 1 0 564 53 842 0
8279 1 0 564 75 842 0
8280 1 0 564 100 882 0
8281 1 0 564 132 952 0
8282 1 0 591 162 952 0
8283 1 0 591 190 973 0
8284 1 27 632 223 1000 0
8285 1 55 674 257 1027 0
8286 1 86 701 290 1015 0
8287 1 139 736 345 1039 0
8288 1 192 771 400 1064 0
8289 1 288 808 496 1033 0
8290 1 410 858 594 1049 0
8291 1 533 909 719 1079 0
8292 1 678 944 886 1079 0
8293 1 866 989 1044 1079 0
8294 1 1027 1006 1162 1079 0
8295 1 1177 1006 1328 1079 0
8296 1 1299 1006 1476 1079 0
8297 1 1391 995 1581 1079 0
8298 1 1482 983 1686 1079 0
8299 1 1579 956 1763 1079 0
8403 1 1898 482 1919 693 0
8404 1 1883 482 1919 704 0
8405 1 1869 482 1919 716 0
8406 1 1854 488 1919 729 0
8407 1 1840 493 1919 741 0
8408 1 1823 506 1918 753 0
8409 1 1807 519 1919 765 0
8410 1 1791 532 1919 776 0
8411 1 1771 542 1899 781 0
8412 1 1752 553 1880 787 0
8413 1 1732 560 1866 794 0
8414 1 1712 568 1851 802 0
8415 1 1686 572 1825 794 0
8416 1 1669 571 1808 787 0
8417 1 1653 570 1792 779 0
8418 1 1636 569 1775 772 0
8419 1 1622 556 1761 759 0
8420 1 1607 543 1746 746 0
8421 1 1595 540 1734 743 0
8422 1 1582 536 1721 739 0
8423 1 1570 532 1709 735 0
8424 1 1562 530 1702 736 0
8425 1 1553 528 1694 737 0
8426 1 1544 527 1686 739 0
8427 1 1541 530 1686 738 0
8428 1 1538 534 1686 739 0
8429 1 1535 537 1686 739 0
8430 1 1532 541 1683 743 0
8431 1 1528 546 1679 748 0
8432 1 1525 550 1676 752 0
8433 1 1521 552 1672 754 0
8434 1 1516 554 1667 756 0
8435 1 1512 556 1663 758 0
8436 1 1507 557 1658 759 0
8437 1 1502 557 1653 759 0
8438 1 1498 557 1649 759 0
8439 1 1493 558 1644 760 0
8440 1 1469 563 1612 762 0
8441 1 1444 569 1579 765 0
8442 1 1420 575 1548 769 0
8443 1 1376 586 1500 779 0
8444 1 1332 598 1452 790 0
8445 1 1260 614 1373 806 0
8446 1 1187 629 1293 821 0
8447 1 1114 645 1213 837 0
8448 1 1022 665 1121 840 0
8449 1 942 682 1041 857 0
8450 1 863 687 976 874 0
8451 1 784 691 911 889 0
8452 1 726 689 868 899 0
8453 1 683 697 825 907 0
8454 1 654 695 796 905 0
8455 1 611 683 752 889 0
8456 1 583 683 724 883 0
8457 1 556 677 697 877 0
8458 1 530 670 671 870 0
8459 1 497 662 641 865 0
8460 1 464 655 611 862 0
8461 1 449 647 596 854 0
8462 1 433 638 580 845 0
8463 1 418 630 565 837 0
8464 1 406 624 557 824 0
8465 1 394 618 550 810 0
8466 1 389 614 551 814 0
8467 1 384 611 552 819 0
8468 1 379 608 553 824 0
8469 1 379 595 549 810 0
8470 1 380 583 546 798 0
8471 1 381 571 542 785 0
8472 1 382 558 539 771 0
8473 1 383 546 536 759 0
8474 1 386 514 540 727 0
8475 1 388 483 543 696 0
8476 1 391 451 547 665 0
8477 1 392 422 551 626 0
8478 1 392 394 554 588 0
8479 1 398 374 558 570 0
8480 1 405 355 564 552 0
8481 1 411 336 568 535 0
8482 1 417 334 574 533 0
8483 1 423 332 580 531 0
8484 1 428 329 585 528 0
8485 1 434 327 591 526 0
8486 1 448 330 606 528 0
8487 1 462 333 621 530 0
8488 1 475 336 635 532 0
8489 1 484 343 646 539 0
8490 1 493 351 656 547 0
8491 1 501 359 665 555 0
8492 1 510 366 675 562 0
8493 1 517 379 682 575 0
8494 1 525 392 690 588 0
8495 1 532 406 697 602 0
8496 1 537 421 702 617 0
8497 1 542 436 707 632 0
8498 1 547 452 712 648 0
8499 1 554 473 719 669 0
8500 1 560 495 725 691 0
8501 1 567 516 732 712 0
8502 1 571 530 736 726 0
8503 1 575 544 740 740 0
8504 1 579 557 744 753 0
8505 1 584 576 747 770 0
8506 1 588 594 750 786 0
8507 1 593 613 753 803 0
8508 1 604 640 764 827 0
8509 1 615 667 775 851 0
8510 1 626 694 786 875 0
8511 1 634 685 793 866 0
8512 1 642 675 800 856 0
8513 1 649 666 806 848 0
8514 1 657 657 813 839 0
8515 1 657 644 813 816 0
8516 1 657 621 813 796 0
8517 1 652 602 814 772 0
8518 1 646 582 808 761 0
8519 1 640 561 801 749 0
8520 1 639 570 799 758 0
8521 1 638 578 796 766 0
8522 1 637 587 794 775 0
8523 1 641 599 799 788 0
8524 1 646 610 804 799 0
8525 1 650 622 809 812 0
8526 1 648 617 807 807 0
8527 1 646 611 805 801 0
8528 1 644 605 803 795 0
8529 1 638 597 797 787 0
8530 1 632 588 791 778 0
8531 1 627 580 786 770 0
8532 1 621 571 780 761 0
8533 1 614 558 773 748 0
8534 1 607 544 766 734 0
8535 1 600 530 759 720 0
8536 1 598 515 756 704 0
8537 1 595 501 752 690 0
8538 1 592 487 747 675 0
8539 1 590 483 745 668 0
8540 1 587 479 743 660 0
8541 1 585 475 741 652 0
8542 1 582 471 738 645 0
8543 1 580 477 738 651 0
8544 1 579 483 739 657 0
8545 1 577 489 739 663 0
8546 1 574 497 735 669 0
8547 1 572 506 732 676 0
8548 1 570 515 728 684 0
8549 1 570 517 727 687 0
8550 1 570 520 726 691 0
8551 1 569 521 727 695 0
8552 1 568 522 728 700 0
8553 1 568 522 730 703 0
8554 1 568 527 730 693 0
8555 1 573 536 733 706 0
8556 1 573 541 733 713 0
8557 1 574 545 734 720 0
8558 1 574 550 734 727 0
8559 1 563 543 721 718 0
8560 1 552 536 708 709 0
8561 1 541 530 695 701 0
8562 1 530 523 682 693 0
8563 1 510 514 661 684 0
8564 1 490 505 640 676 0
8565 1 470 496 619 668 0
8566 1 450 487 597 660 0
8567 1 430 478 576 652 0
8568 1 433 480 580 654 0
8569 1 436 482 583 656 0
8570 1 439 484 586 659 0
8571 1 442 486 590 661 0
8572 1 445 488 593 663 0
8573 1 458 501 608 675 0
8574 1 472 515 623 687 0
8575 1 486 528 639 699 0
8576 1 493 533 646 708 0
8577 1 500 538 654 717 0
8578 1 507 543 661 725 0
8579 1 507 539 661 716 0
8580 1 507 536 661 707 0
8581 1 507 532 661 697 0
8582 1 507 524 661 690 0
8583 1 507 516 661 684 0
8584 1 507 515 661 681 0
8585 1 507 513 661 677 0
8586 1 507 512 661 675 0
8587 1 507 510 661 671 0
8588 1 507 509 661 668 0
8589 1 508 512 663 672 0
8590 1 510 516 665 677 0
8591 1 511 520 666 681 0
8592 1 512 523 668 685 0
8593 1 513 527 669 690 0
8594 1 515 530 672 693 0
8595 1 516 534 673 698 0
8596 1 518 538 676 702 0
8597 1 514 543 671 706 0
8598 1 510 548 666 709 0
8599 1 506 552 661 711 0
8600 1 503 557 658 715 0
8601 1 491 556 646 713 0
8602 1 479 554 634 711 0
8603 1 467 553 622 710 0
8604 1 455 551 610 708 0
8605 1 464 551 617 706 0
8606 1 473 551 624 705 0
8607 1 482 551 631 703 0
8608 1 491 551 638 702 0
8609 1 498 552 646 703 0
8610 1 505 553 655 704 0
8611 1 513 554 665 705 0
8612 1 506 556 657 708 0
8613 1 499 559 649 712 0
8614 1 492 561 641 716 0
8615 1 513 569 658 721 0
8616 1 534 577 676 726 0
8617 1 555 585 693 731 0
8618 1 576 593 711 736 0
8619 1 611 587 753 729 0
8620 1 645 582 794 724 0
8621 1 679 576 836 718 0
8622 1 692 567 851 709 0
8623 1 704 558 866 700 0
8624 1 716 550 881 693 0
8625 1 729 541 896 684 0
8626 1 761 518 918 660 0
8627 1 793 495 950 636 0
8628 1 825 472 982 613 0
8629 1 859 459 1013 600 0
8630 1 894 447 1045 589 0
8631 1 903 442 1052 584 0
8632 1 895 442 1052 584 0
8633 1 901 446 1056 588 0
8634 1 907 451 1061 593 0
8635 1 912 455 1065 596 0
8636 1 918 459 1069 600 0
8637 1 924 464 1074 605 0
8638 1 930 464 1081 605 0
8639 1 936 464 1087 605 0
8640 1 942 464 1094 605 0
8641 1 948 465 1101 606 0
8642 1 954 465 1107 606 0
8643 1 972 464 1125 605 0
8644 1 991 464 1144 605 0
8645 1 1009 464 1162 605 0
8646 1 1028 463 1181 604 0
8647 1 1047 463 1200 604 0
8648 1 1060 463 1200 598 0
8649 1 1064 463 1208 599 0
8650 1 1068 462 1216 599 0
8651 1 1072 461 1224 599 0
8652 1 1072 461 1224 598 0
8653 1 1072 461 1224 598 0
8654 1 1072 461 1224 597 0
8655 1 1072 461 1224 596 0
8656 1 1072 463 1223 599 0
8657 1 1072 465 1222 602 0
8658 1 1072 467 1221 604 0
8659 1 1072 469 1220 607 0
8660 1 1072 471 1218 610 0
8661 1 1069 472 1218 610 0
8662 1 1066 472 1217 609 0
8663 1 1063 473 1217 610 0
8664 1 1060 473 1216 609 0
8665 1 1058 473 1213 609 0
8666 1 1056 473 1211 608 0
8667 1 1055 473 1210 607 0
8668 1 1053 473 1207 607 0
8669 1 1052 473 1206 606 0
8670 1 1050 473 1203 606 0
8671 1 1054 476 1207 609 0
8672 1 1059 478 1211 611 0
8673 1 1063 481 1214 615 0
8674 1 1067 483 1218 617 0
8675 1 1071 485 1221 619 0
8676 1 1083 483 1233 617 0
8677 1 1095 480 1246 614 0
8678 1 1106 477 1257 611 0
8679 1 1118 474 1270 608 0
8680 1 1130 472 1282 606 0
8681 1 1142 469 1293 603 0
8682 1 1154 467 1303 601 0
8683 1 1166 464 1313 598 0
8684 1 1178 462 1324 595 0
8685 1 1178 459 1324 592 0
8686 1 1179 456 1325 589 0
8687 1 1179 453 1325 586 0
8688 1 1180 451 1326 584 0
8689 1 1180 448 1326 581 0
8690 1 1181 445 1327 578 0
8691 1 1183 445 1327 576 0
8692 1 1185 445 1328 574 0
8693 1 1187 445 1328 572 0
8694 1 1189 445 1329 570 0
8695 1 1188 455 1330 582 0
8696 1 1187 464 1330 593 0
8697 1 1186 473 1331 603 0
8698 1 1185 482 1332 614 0
8699 1 1185 487 1331 619 0
8700 1 1184 492 1330 624 0
8701 1 1184 497 1329 629 0
8702 1 1184 502 1328 634 0
8703 1 1183 507 1326 639 0
8704 1 1181 511 1325 644 0
8705 1 1179 516 1324 650 0
8706 1 1177 520 1323 655 0
8707 1 1175 525 1321 661 0
8708 1 1172 529 1319 666 0
8709 1 1170 534 1318 672 0
8710 1 1168 538 1317 677 0
8711 1 1160 542 1309 681 0
8712 1 1153 545 1302 684 0
8713 1 1152 548 1301 687 0
8714 1 1151 551 1300 690 0
8715 1 1150 554 1299 693 0
8716 1 1153 558 1300 697 0
8717 1 1156 562 1300 701 0
8718 1 1160 567 1302 706 0
8719 1 1158 571 1302 710 0
8720 1 1157 575 1302 714 0
8721 1 1155 579 1302 718 0
8722 1 1154 584 1303 723 0
8723 1 1157 579 1304 718 0
8724 1 1161 574 1307 714 0
8725 1 1165 569 1309 709 0
8726 1 1148 569 1292 709 0
8727 1 1131 569 1275 709 0
8728 1 1114 569 1258 709 0
8729 1 1094 572 1238 713 0
8730 1 1075 575 1219 717 0
8731 1 1055 577 1199 720 0
8732 1 1059 574 1202 716 0
8733 1 1063 570 1206 710 0
8734 1 1066 566 1208 705 0
8735 1 1070 562 1211 699 0
8736 1 1073 558 1216 695 0
8737 1 1075 553 1220 690 0
8738 1 1078 548 1225 685 0
8739 1 1052 555 1198 692 0
8740 1 1027 562 1171 699 0
8741 1 1002 569 1144 705 0
8742 1 977 576 1117 712 0
8743 1 935 579 1074 714 0
8744 1 893 583 1030 717 0
8745 1 851 587 987 721 0
8746 1 809 590 943 723 0
8747 1 770 591 905 725 0
8748 1 731 591 867 726 0
8749 1 692 591 828 727 0
8750 1 666 593 808 729 0
8751 1 639 595 787 731 0
8752 1 612 598 765 734 0
8753 1 600 594 754 733 0
8754 1 589 590 744 732 0
8755 1 577 586 733 731 0
8756 1 573 587 729 732 0
8757 1 569 587 725 732 0
8758 1 569 586 725 732 0
8759 1 569 584 725 730 0
8760 1 569 583 725 730 0
8761 1 569 581 725 729 0
8762 1 571 578 728 725 0
8763 1 573 575 730 721 0
8764 1 575 572 733 717 0
8765 1 577 568 736 712 0
8766 1 573 561 728 704 0
8767 1 569 554 720 696 0
8768 1 565 547 713 689 0
8769 1 552 544 697 686 0
8770 1 539 542 681 684 0
8771 1 529 530 676 672 0
8772 1 519 519 671 661 0
8773 1 510 507 668 649 0
8774 1 517 490 675 632 0
8775 1 525 472 683 614 0
8776 1 533 454 691 596 0
8777 1 544 454 704 596 0
8778 1 544 453 702 596 0
8779 1 544 452 701 596 0
8780 1 544 451 699 596 0
8781 1 544 450 697 596 0
8782 1 544 451 697 596 0
8783 1 544 452 697 596 0
8784 1 544 453 697 596 0
8785 1 544 454 697 596 0
8786 1 544 455 697 596 0
8787 1 544 456 697 596 0
8788 1 544 457 697 596 0
8789 1 544 458 697 596 0
8790 1 544 459 698 599 0
8791 1 544 461 699 603 0
8792 1 544 462 700 606 0
8793 1 544 464 701 610 0
8794 1 544 465 702 612 0
8795 1 545 468 703 615 0
8796 1 547 470 705 617 0
8797 1 549 472 707 619 0
8798 1 550 474 708 621 0
8799 1 552 477 710 624 0
8800 1 553 477 711 625 0
8801 1 554 478 711 627 0
8802 1 556 479 713 628 0
8803 1 557 480 713 630 0
8804 1 558 481 713 631 0
8805 1 560 482 715 633 0
8806 1 561 482 715 634 0
8807 1 562 484 716 635 0
8808 1 563 486 716 637 0
8809 1 565 487 718 638 0
8810 1 566 489 719 639 0
8811 1 567 490 719 640 0
8812 1 566 489 719 639 0
8813 1 566 488 719 638 0
8814 1 565 486 719 636 0
8815 1 565 485 719 635 0
8816 1 564 484 719 634 0
8817 1 564 482 719 632 0
8818 1 563 481 719 631 0
8819 1 562 480 718 630 0
8820 1 562 478 719 628 0
8821 1 562 478 719 625 0
8822 1 561 478 718 622 0
8823 1 561 478 719 619 0
8824 1 561 477 718 618 0
8825 1 561 477 718 618 0
8826 1 561 476 718 618 0
8827 1 561 475 718 617 0
8828 1 561 474 717 616 0
8829 1 561 473 717 615 0
8830 1 561 472 717 614 0
8831 1 561 471 717 613 0
8832 1 561 471 716 613 0
8833 1 561 470 716 612 0
8834 1 561 469 716 612 0
8835 1 561 467 716 610 0
8836 1 561 466 716 610 0
8837 1 561 465 716 610 0
8838 1 561 464 716 609 0
8839 1 561 463 716 609 0
8840 1 561 462 716 608 0
8841 1 562 462 718 608 0
8842 1 562 462 718 608 0
8843 1 563 462 720 608 0
8844 1 563 462 721 608 0
8845 1 564 462 722 608 0
8846 1 564 457 722 603 0
8847 1 564 452 722 598 0
8848 1 564 447 722 593 0
8849 1 564 442 722 588 0
8850 1 566 436 722 582 0
8851 1 568 429 722 576 0
8852 1 571 422 722 570 0
8853 1 572 408 725 556 0
8854 1 572 395 727 543 0
8855 1 573 381 730 529 0
8856 1 574 367 733 515 0
8857 1 573 379 728 527 0
8858 1 572 391 723 539 0
8859 1 568 400 721 549 0
8860 1 563 410 719 560 0
8861 1 559 419 717 570 0
8862 1 563 419 721 570 0
8863 1 568 419 726 570 0
8864 1 570 415 726 561 0
8865 1 571 411 725 553 0
8866 1 569 409 724 551 0
8867 1 566 407 721 549 0
8868 1 563 405 719 547 0
8869 1 560 405 716 547 0
8870 1 556 405 713 546 0
8871 1 558 405 716 548 0
8872 1 560 405 718 550 0
8873 1 561 405 720 551 0
8874 1 564 407 721 550 0
8875 1 566 412 724 554 0
8876 1 568 416 726 558 0
8877 1 570 421 729 562 0
8878 1 571 421 729 562 0
8879 1 573 421 729 562 0
8880 1 575 423 731 566 0
8881 1 577 426 733 571 0
8882 1 579 429 735 576 0
8883 1 581 431 738 580 0
8884 1 582 431 739 579 0
8885 1 582 430 739 577 0
8886 1 583 430 740 576 0
8887 1 584 430 741 576 0
8888 1 584 430 741 575 0
8889 1 585 429 742 573 0
8890 1 587 431 744 573 0
8891 1 589 433 746 573 0
8892 1 591 434 748 573 0
8893 1 593 436 750 573 0
8894 1 593 437 751 576 0
8895 1 594 439 752 579 0
8896 1 594 440 753 582 0
8897 1 595 441 755 585 0
8898 1 597 444 755 588 0
8899 1 599 446 755 589 0
8900 1 601 449 754 592 0
8901 1 601 450 754 592 0
8902 1 602 451 755 592 0
8903 1 602 452 755 592 0
8904 1 602 453 756 594 0
8905 1 602 453 756 595 0
8906 1 602 453 756 596 0
8907 1 602 453 756 596 0
8908 1 601 453 756 597 0
8909 1 601 453 756 598 0
8910 1 601 453 756 598 0
8911 1 601 454 756 600 0
8912 1 601 454 757 601 0
8913 1 601 454 757 602 0
8914 1 601 454 757 602 0
8915 1 600 454 756 603 0
8916 1 600 454 757 604 0
8917 1 600 455 757 605 0
8918 1 600 455 757 606 0
8919 1 600 455 757 607 0
8920 1 600 455 758 607 0
8921 1 598 455 757 607 0
8922 1 595 455 755 607 0
8923 1 594 455 755 606 0
8924 1 593 455 755 604 0
8925 1 591 455 754 602 0
8926 1 592 455 755 602 0
8927 1 592 455 754 602 0
8928 1 593 455 755 602 0
8929 1 593 455 755 602 0
8930 1 594 455 756 602 0
8931 1 595 455 757 602 0
8932 1 597 455 758 602 0
8933 1 599 455 760 602 0
8934 1 601 455 762 602 0
8935 1 601 453 762 601 0
8936 1 601 451 762 600 0
8937 1 601 449 762 599 0
8938 1 601 447 762 598 0
8939 1 601 446 762 598 0
8940 1 601 446 761 598 0
8941 1 602 446 762 598 0
8942 1 603 446 762 598 0
8943 1 604 446 763 598 0
8944 1 605 446 763 598 0
8945 1 606 446 764 598 0
8946 1 606 446 764 599 0
8947 1 606 446 764 600 0
8948 1 606 446 764 601 0
8949 1 606 446 764 602 0
8950 1 606 446 764 603 0
8951 1 606 446 764 604 0
8952 1 606 447 765 607 0
8953 1 606 447 766 609 0
8954 1 607 447 767 609 0
8955 1 607 447 766 609 0
8956 1 608 447 767 609 0
8957 1 609 447 768 609 0
8958 1 610 447 768 609 0
8959 1 610 446 768 607 0
8960 1 610 444 768 605 0
8961 1 610 442 768 602 0
8962 1 610 440 768 602 0
8963 1 610 438 768 603 0
8964 1 611 435 769 602 0
8965 1 609 435 768 600 0
8966 1 608 435 768 598 0
8967 1 607 435 769 596 0
8968 1 607 433 769 597 0
8969 1 607 430 769 596 0
8970 1 607 428 769 597 0
8971 1 607 425 769 596 0
8972 1 607 424 771 596 0
8973 1 607 423 772 597 0
8974 1 607 422 774 597 0
8975 1 607 420 774 594 0
8976 1 607 419 774 592 0
8977 1 607 418 774 590 0
8978 1 607 417 774 588 0
8979 1 609 417 779 588 0
8980 1 611 417 785 588 0
8981 1 611 413 785 590 0
8982 1 611 410 785 594 0
8983 1 611 406 785 596 0
8984 1 611 406 785 596 0
8985 1 612 406 787 595 0
8986 1 612 406 787 595 0
8987 1 612 406 788 594 0
8988 1 613 402 791 594 0
8989 1 614 399 794 595 0
8990 1 616 397 797 593 0
8991 1 618 396 801 593 0
8992 1 619 394 803 591 0
8993 1 621 394 808 595 0
8994 1 623 394 812 599 0
8995 1 623 393 812 600 0
8996 1 623 391 812 600 0
8997 1 623 390 815 604 0
8998 1 623 389 818 609 0
8999 1 623 388 822 609 0
