60
61
62
63
64
65
66
67
68
109
110
111
112
113
114
115
116
117
118
119
120
316
317
318
319
320
321
322
323
324
325
326
327
328
329
330
331
332
333
334
335
336
337
338
339
340
341
342
343
344
345
346
347
348
349
350
351
352
353
354
355
356
357
358
359
360
361
362
363
364
365
366
367
368
369
370
371
372
373
374
375
376
377
378
379
380
381
382
383
384
385
386
387
388
389
390
391
392
393
394
395
396
397
398
399
400
401
402
403
404
405
677
678
679
680
681
682
683
684
685
686
687
688
689
690
3771
3772
3773
3774
3775
3776
3777
3778
3779
3780
3781
3782
3783
3784
5969
5970
5971
5972
5973
5974
5975
5976
5977
5978
5979
5980
5981
5982
5983
6084
6085
6086
6087
6088
6089
6090
6091
6092
6093
6094
6095
6096
6097
6098
6099
6100
6101
6102
6103
6104
6105
6106
6107
6108
6109
6110
6111
6112
6113
6114
7014
7015
7016
7017
7018
7019
7020
7021
7022
627
628
629
630
631
632
633
634
