1801 1 1861 533 1919 681 0
1802 1 1741 398 1890 592 0
1803 1 1624 329 1779 520 0
1804 1 1522 250 1671 457 0
1805 1 1434 189 1588 391 0
1806 1 1349 134 1520 343 0
1807 1 1290 84 1450 300 0
1808 1 1235 57 1407 263 0
1809 1 1195 22 1358 225 0
1810 1 1164 0 1338 198 0
1811 1 1142 0 1296 163 0
1812 1 1118 0 1275 137 0
1813 1 1100 0 1258 109 0
1814 1 1086 1 1258 92 0
1815 1 1072 0 1251 64 0
1816 1 1058 0 1252 43 0
1843 1 1008 0 1192 43 0
1844 1 1004 0 1204 46 0
1845 1 1010 0 1210 60 0
1846 1 1024 0 1222 76 0
1847 1 1049 0 1244 104 0
1848 1 1096 0 1279 136 0
1849 1 1149 0 1329 180 0
1850 1 1223 12 1398 219 0
1851 1 1312 72 1480 288 0
1852 1 1408 137 1568 358 0
1853 1 1513 202 1666 409 0
1854 1 1606 252 1755 486 0
1855 1 1711 317 1847 546 0
1856 1 1803 381 1920 603 0
1857 1 1879 437 1920 653 0
2425 1 1887 339 1918 555 0
2426 1 1886 348 1919 561 0
2427 1 1891 350 1920 561 0
2428 1 1898 359 1920 560 0
3410 1 1893 375 1918 510 0
3411 1 1864 392 1917 520 0
3412 1 1831 411 1920 530 0
3413 1 1804 411 1919 567 0
3414 1 1771 423 1897 568 0
3415 1 1741 436 1869 598 0
3416 1 1711 433 1844 614 0
3417 1 1680 442 1813 618 0
3418 1 1651 455 1782 642 0
3419 1 1625 466 1762 648 0
3420 1 1597 479 1728 660 0
3421 1 1573 490 1716 670 0
3422 1 1549 501 1690 683 0
3423 1 1528 506 1668 693 0
3424 1 1505 534 1654 709 0
3425 1 1488 544 1619 700 0
3426 1 1474 551 1608 710 0
3427 1 1468 557 1605 717 0
3428 1 1466 556 1601 710 0
3429 1 1466 554 1607 712 0
3430 1 1470 556 1603 725 0
3431 1 1472 552 1603 721 0
3432 1 1475 567 1606 725 0
3433 1 1475 565 1609 726 0
3434 1 1477 568 1611 733 0
3435 1 1475 555 1607 729 0
3436 1 1478 560 1607 725 0
3437 1 1478 560 1603 722 0
3438 1 1477 556 1601 721 0
3439 1 1474 556 1598 724 0
3440 1 1474 558 1596 725 0
3441 1 1470 560 1594 731 0
3442 1 1469 566 1591 736 0
3443 1 1467 575 1590 737 0
3444 1 1460 583 1594 741 0
3445 1 1465 583 1587 749 0
3446 1 1465 585 1586 746 0
3447 1 1462 586 1584 748 0
3448 1 1458 584 1581 749 0
3449 1 1458 589 1578 749 0
3450 1 1454 585 1576 748 0
3451 1 1452 587 1574 750 0
3452 1 1450 589 1572 748 0
3453 1 1449 587 1570 750 0
3454 1 1446 584 1569 753 0
3455 1 1443 595 1567 752 0
3456 1 1442 590 1567 755 0
3457 1 1442 602 1565 757 0
3458 1 1443 599 1566 760 0
3459 1 1446 602 1568 762 0
3460 1 1444 605 1567 764 0
3461 1 1445 601 1569 766 0
3462 1 1447 603 1571 766 0
3463 1 1447 599 1570 765 0
3464 1 1448 611 1573 761 0
3465 1 1449 605 1572 758 0
3466 1 1449 602 1574 755 0
3467 1 1450 602 1573 754 0
3468 1 1454 593 1576 752 0
3469 1 1454 598 1577 748 0
3470 1 1454 592 1578 741 0
3471 1 1455 586 1578 737 0
3472 1 1457 579 1583 734 0
3473 1 1458 569 1580 727 0
3474 1 1459 579 1588 730 0
3475 1 1461 572 1585 719 0
3476 1 1461 576 1583 719 0
3477 1 1462 575 1588 722 0
3478 1 1464 569 1590 720 0
3479 1 1465 572 1587 721 0
3480 1 1466 573 1586 718 0
3481 1 1465 567 1587 722 0
3482 1 1465 568 1586 724 0
3483 1 1464 564 1588 726 0
3484 1 1465 566 1587 729 0
3485 1 1466 567 1587 736 0
3486 1 1464 568 1586 746 0
3487 1 1460 571 1581 758 0
3488 1 1457 582 1580 766 0
3489 1 1455 594 1582 776 0
3490 1 1455 572 1582 783 0
3491 1 1454 578 1581 786 0
3492 1 1452 567 1586 793 0
3493 1 1454 582 1583 788 0
3494 1 1454 564 1587 782 0
3495 1 1452 569 1583 783 0
3496 1 1451 571 1581 781 0
3497 1 1452 564 1579 778 0
3498 1 1449 564 1584 774 0
3499 1 1453 565 1582 773 0
3500 1 1452 557 1581 774 0
3501 1 1454 568 1585 770 0
3502 1 1452 560 1585 768 0
3503 1 1453 560 1587 767 0
3504 1 1455 567 1586 770 0
3505 1 1453 566 1585 770 0
3506 1 1455 566 1585 773 0
3507 1 1451 562 1582 773 0
3508 1 1451 564 1582 775 0
3509 1 1451 561 1578 778 0
3510 1 1450 557 1584 778 0
3511 1 1452 566 1582 783 0
3512 1 1449 561 1585 782 0
3513 1 1449 562 1583 784 0
3514 1 1451 563 1586 785 0
3515 1 1455 563 1586 784 0
3516 1 1456 548 1586 782 0
3517 1 1454 548 1586 778 0
3518 1 1455 537 1587 776 0
3519 1 1455 544 1589 776 0
3520 1 1456 544 1588 773 0
3521 1 1461 545 1586 771 0
3522 1 1459 534 1583 771 0
3523 1 1462 537 1588 770 0
3524 1 1462 543 1591 769 0
3525 1 1461 543 1599 768 0
3526 1 1461 555 1584 766 0
3527 1 1462 553 1586 771 0
3528 1 1461 559 1585 772 0
3529 1 1464 564 1592 773 0
3530 1 1464 566 1584 775 0
3531 1 1465 574 1589 776 0
3532 1 1466 577 1588 774 0
3533 1 1466 571 1593 776 0
3534 1 1467 572 1593 776 0
3535 1 1469 573 1599 773 0
3536 1 1469 563 1599 772 0
3537 1 1469 553 1594 769 0
3538 1 1470 551 1603 767 0
3539 1 1473 548 1601 768 0
3540 1 1472 548 1601 767 0
3541 1 1473 536 1602 762 0
3542 1 1474 539 1600 758 0
3543 1 1477 544 1602 762 0
3544 1 1475 544 1600 758 0
3545 1 1476 539 1604 762 0
3546 1 1477 544 1601 764 0
3547 1 1478 549 1606 761 0
3548 1 1478 552 1604 762 0
3549 1 1479 542 1605 762 0
3550 1 1481 533 1606 759 0
3551 1 1483 538 1612 754 0
3552 1 1485 545 1613 754 0
3553 1 1485 531 1617 755 0
3554 1 1486 535 1604 760 0
3555 1 1487 526 1615 755 0
3556 1 1489 532 1617 757 0
3557 1 1489 530 1618 756 0
3558 1 1490 533 1618 750 0
3559 1 1491 536 1620 755 0
3560 1 1491 539 1620 751 0
3561 1 1492 526 1622 753 0
3562 1 1493 532 1625 755 0
3563 1 1494 528 1619 748 0
3564 1 1498 537 1626 747 0
3565 1 1500 540 1631 751 0
3566 1 1502 542 1625 748 0
3567 1 1506 545 1628 752 0
3568 1 1512 550 1631 756 0
3569 1 1514 558 1644 756 0
3570 1 1522 563 1648 747 0
3571 1 1532 565 1660 748 0
3572 1 1550 552 1680 746 0
3573 1 1584 564 1710 742 0
3574 1 1640 559 1764 730 0
3575 1 1709 560 1828 721 0
3576 1 1792 547 1911 707 0
3809 1 1892 434 1918 616 0
3810 1 1880 427 1918 629 0
3811 1 1861 425 1918 629 0
3812 1 1840 414 1919 632 0
3813 1 1835 410 1919 631 0
3814 1 1826 408 1920 631 0
3815 1 1820 419 1919 630 0
3816 1 1805 417 1918 633 0
3817 1 1788 427 1903 642 0
3818 1 1761 427 1883 649 0
3819 1 1730 446 1851 658 0
3820 1 1693 458 1821 671 0
3821 1 1657 462 1788 682 0
3822 1 1622 469 1756 694 0
3823 1 1593 482 1730 709 0
3824 1 1566 502 1699 720 0
3825 1 1546 516 1682 729 0
3826 1 1530 521 1669 739 0
3827 1 1520 532 1661 746 0
3828 1 1510 530 1648 753 0
3829 1 1503 534 1645 754 0
3830 1 1498 539 1640 758 0
3831 1 1494 539 1638 760 0
3832 1 1491 542 1634 764 0
3833 1 1488 551 1632 766 0
3834 1 1481 553 1627 766 1
3835 1 1481 551 1630 770 1
3836 1 1475 554 1623 773 1
3837 1 1470 563 1614 776 1
3838 1 1464 569 1612 780 1
3839 1 1460 566 1608 782 1
3840 1 1457 564 1604 786 1
3841 1 1454 572 1606 791 1
3842 1 1451 569 1603 791 1
3843 1 1451 577 1601 795 1
3844 1 1449 572 1599 793 1
3845 1 1446 575 1599 797 1
3846 1 1444 585 1592 799 1
3847 1 1440 585 1593 802 1
3848 1 1437 584 1584 802 1
3849 1 1436 598 1587 805 1
3850 1 1434 600 1581 805 1
3851 1 1431 586 1581 808 1
3852 1 1431 595 1580 808 1
3853 1 1429 589 1576 808 1
3854 1 1429 596 1583 812 1
3855 1 1427 600 1581 807 1
3856 1 1429 594 1584 810 1
3857 1 1431 595 1586 811 1
3858 1 1434 582 1585 807 1
3859 1 1434 592 1589 805 1
3860 1 1436 581 1592 804 1
3861 1 1438 573 1593 801 1
3862 1 1441 584 1595 806 1
3863 1 1441 569 1597 804 1
3864 1 1444 578 1593 802 1
3865 1 1446 575 1595 796 1
3866 1 1447 566 1597 794 1
3867 1 1450 564 1601 791 1
3868 1 1454 571 1606 794 1
3869 1 1459 566 1614 788 1
3870 1 1465 559 1627 777 1
3871 1 1483 546 1636 765 1
3872 1 1524 527 1675 747 1
3873 1 1590 507 1741 725 1
3874 1 1686 484 1825 698 1
3875 1 1792 461 1919 673 1
4005 1 1852 0 1920 142 0
4006 1 1810 0 1919 141 0
4007 1 1752 0 1892 139 0
4008 1 1678 0 1832 133 0
4009 1 1597 0 1746 133 0
4010 1 1519 0 1673 125 0
4011 1 1438 0 1591 114 0
4012 1 1365 0 1536 105 0
4013 1 1307 0 1453 97 0
4014 1 1263 0 1414 89 0
4015 1 1230 0 1380 83 0
4016 1 1207 0 1353 77 0
4017 1 1184 0 1338 74 0
4018 1 1177 0 1324 70 0
4019 1 1167 0 1314 72 0
4020 1 1161 0 1306 71 0
4021 1 1152 0 1301 72 0
4022 1 1145 0 1297 74 0
4023 1 1139 0 1295 74 0
4024 1 1133 0 1294 77 0
4025 1 1131 0 1286 77 0
4026 1 1124 0 1279 77 0
4027 1 1118 0 1275 77 0
4028 1 1115 0 1277 79 0
4029 1 1118 0 1274 80 0
4030 1 1120 0 1273 87 0
4031 1 1127 0 1274 90 0
4032 1 1129 0 1278 94 0
4033 1 1133 0 1283 104 0
4034 1 1147 0 1312 121 0
4035 1 1163 0 1341 143 0
4036 1 1187 0 1359 173 0
4037 1 1215 0 1405 203 0
4038 1 1269 4 1468 234 0
4039 1 1332 28 1534 265 0
4040 1 1442 85 1610 297 0
4041 1 1553 94 1704 327 0
4042 1 1663 125 1821 354 0
4043 1 1764 162 1898 376 0
4044 1 1853 162 1917 378 0
4343 1 1814 143 1917 369 0
4344 1 1736 124 1872 331 0
4345 1 1657 95 1807 295 0
4346 1 1585 63 1737 268 0
4347 1 1517 38 1667 237 0
4348 1 1457 17 1620 214 0
4349 1 1410 5 1563 190 0
4350 1 1364 0 1522 179 0
4351 1 1333 0 1495 162 0
4352 1 1304 0 1461 151 0
4353 1 1280 0 1437 136 0
4354 1 1256 0 1417 125 0
4355 1 1239 0 1397 115 0
4356 1 1217 0 1379 104 0
4357 1 1196 0 1349 92 0
4358 1 1175 0 1328 83 0
4359 1 1158 0 1309 67 0
4360 1 1146 0 1285 54 0
4361 1 1128 0 1232 36 0
5162 1 1867 187 1918 414 0
5163 1 1827 151 1918 388 0
5164 1 1784 109 1915 367 0
5165 1 1742 92 1917 351 0
5166 1 1714 77 1868 318 0
5167 1 1691 51 1867 300 0
5168 1 1661 24 1836 295 0
5169 1 1640 24 1812 284 0
5170 1 1617 0 1786 262 0
5171 1 1595 0 1755 239 0
5172 1 1571 0 1725 218 0
5173 1 1546 0 1703 199 0
5174 1 1517 0 1677 174 0
5175 1 1485 0 1653 159 0
5176 1 1450 0 1625 139 0
5177 1 1413 0 1586 123 0
5178 1 1382 0 1549 108 0
5179 1 1360 0 1527 98 0
5180 1 1337 0 1494 90 0
5181 1 1314 0 1474 87 0
5182 1 1289 0 1454 86 0
5183 1 1275 0 1439 84 0
5184 1 1261 0 1425 88 0
5185 1 1254 0 1418 91 0
5186 1 1246 0 1413 96 0
5187 1 1236 0 1408 100 0
5188 1 1227 0 1404 106 0
5189 1 1220 0 1400 115 0
5190 1 1216 0 1396 126 0
5191 1 1214 0 1394 138 0
5192 1 1220 0 1404 148 0
5193 1 1234 0 1413 158 0
5194 1 1272 0 1453 171 0
5195 1 1317 0 1497 187 0
5196 1 1367 0 1540 201 0
5197 1 1416 0 1591 216 0
5198 1 1461 0 1640 230 0
5199 1 1524 17 1691 238 0
5200 1 1568 44 1745 245 0
5201 1 1613 5 1767 247 0
5202 1 1658 34 1810 256 0
5203 1 1693 26 1824 247 0
5204 1 1700 28 1841 256 0
5205 1 1733 33 1861 265 0
5206 1 1712 27 1872 260 0
5207 1 1713 28 1884 272 0
5392 1 1839 177 1920 453 1
5393 1 1750 217 1884 455 1
5394 1 1668 265 1806 464 1
5395 1 1605 265 1756 491 1
5396 1 1557 284 1705 508 1
5397 1 1529 285 1677 509 1
5398 1 1512 293 1661 520 1
5399 1 1503 287 1645 521 1
5400 1 1495 293 1639 522 1
5401 1 1490 297 1637 518 1
5402 1 1486 290 1631 519 1
5403 1 1483 288 1628 518 1
5404 1 1481 281 1627 515 1
5405 1 1480 307 1625 515 1
5406 1 1477 295 1620 515 1
5407 1 1479 291 1624 511 1
5408 1 1481 307 1623 512 1
5409 1 1481 289 1622 514 1
5410 1 1480 296 1627 512 1
5411 1 1482 292 1623 511 1
5412 1 1485 281 1630 508 1
5413 1 1488 290 1634 510 1
5414 1 1502 284 1648 510 1
5415 1 1524 280 1667 501 1
5416 1 1570 281 1710 495 1
5417 1 1637 269 1774 483 1
5418 1 1717 254 1855 465 1
5419 1 1812 223 1920 449 1
5519 1 1855 178 1917 428 1
5520 1 1764 239 1899 447 1
5521 1 1677 239 1820 472 1
5522 1 1604 258 1750 488 1
5523 1 1557 284 1706 500 1
5524 1 1527 275 1678 505 1
5525 1 1507 273 1665 511 1
5526 1 1502 292 1656 512 1
5527 1 1497 293 1644 514 1
5528 1 1493 309 1642 518 1
5529 1 1490 302 1636 517 1
5530 1 1489 291 1631 518 1
5531 1 1487 293 1631 514 1
5532 1 1486 310 1627 516 1
5533 1 1485 291 1628 514 1
5534 1 1483 292 1627 513 1
5535 1 1482 298 1633 513 1
5536 1 1481 268 1626 513 1
5537 1 1479 293 1626 513 1
5538 1 1479 297 1625 512 1
5539 1 1478 311 1628 507 1
5540 1 1479 293 1632 512 1
5541 1 1478 289 1635 509 1
5542 1 1479 292 1625 509 1
5543 1 1476 295 1629 507 1
5544 1 1475 322 1627 507 1
5545 1 1476 302 1617 506 1
5546 1 1475 299 1627 508 1
5547 1 1476 301 1622 506 1
5548 1 1475 298 1618 509 1
5549 1 1475 301 1645 509 1
5550 1 1475 313 1624 512 1
5551 1 1475 310 1624 515 1
5552 1 1475 307 1622 515 1
5553 1 1477 310 1622 516 1
5554 1 1474 301 1613 517 1
5555 1 1474 298 1621 515 1
5556 1 1471 302 1622 515 1
5557 1 1472 304 1619 518 1
5558 1 1471 292 1622 516 1
5559 1 1469 293 1612 516 1
5560 1 1469 301 1606 513 1
5561 1 1465 311 1606 515 0
5562 1 1462 298 1615 513 0
5563 1 1462 305 1602 515 0
5564 1 1460 300 1605 514 0
5565 1 1456 308 1597 514 0
5566 1 1456 308 1601 516 0
5567 1 1456 302 1602 512 0
5568 1 1454 290 1592 514 0
5569 1 1452 295 1597 515 0
5570 1 1452 312 1592 514 0
5571 1 1451 296 1594 511 0
5572 1 1451 298 1591 512 0
5573 1 1447 295 1592 513 0
5574 1 1447 269 1609 511 0
5575 1 1446 274 1592 512 0
5576 1 1445 294 1594 511 0
5577 1 1444 290 1588 512 0
5578 1 1442 298 1598 512 0
5579 1 1444 289 1590 512 0
5580 1 1440 292 1589 512 0
5581 1 1439 295 1588 509 0
5582 1 1440 283 1583 510 0
5583 1 1436 290 1585 510 0
5584 1 1438 282 1584 510 0
5585 1 1434 289 1591 512 0
5586 1 1433 299 1580 511 0
5587 1 1430 292 1577 513 0
5588 1 1428 313 1578 516 0
5589 1 1424 296 1573 516 0
5590 1 1419 308 1569 517 0
5591 1 1411 317 1563 524 0
5592 1 1404 327 1541 532 0
5593 1 1393 328 1527 540 0
5594 1 1390 357 1525 556 0
5595 1 1383 361 1508 568 0
5596 1 1378 372 1510 579 0
5597 1 1376 392 1516 592 0
5598 1 1376 403 1508 605 0
5599 1 1377 422 1511 618 0
5600 1 1380 430 1513 631 0
5601 1 1380 440 1511 643 0
5602 1 1380 443 1514 649 0
5603 1 1379 454 1506 650 0
5604 1 1377 460 1508 653 0
5605 1 1373 453 1507 652 0
5606 1 1371 456 1500 652 0
5607 1 1369 455 1501 655 0
5608 1 1369 455 1507 657 0
5609 1 1372 463 1506 658 0
5610 1 1372 463 1506 662 0
5611 1 1374 463 1506 665 0
5612 1 1376 463 1506 667 0
5613 1 1377 468 1506 666 0
5614 1 1379 468 1510 666 0
5615 1 1381 466 1511 665 0
5616 1 1383 466 1507 663 0
5617 1 1384 466 1512 663 0
5618 1 1385 466 1516 663 0
5619 1 1387 467 1515 664 1
5620 1 1388 467 1514 667 1
5621 1 1389 467 1511 668 1
5622 1 1388 467 1514 671 1
5623 1 1387 474 1514 672 1
5624 1 1389 482 1514 673 1
5625 1 1389 482 1514 677 1
5626 1 1393 484 1521 678 1
5627 1 1397 489 1522 678 1
5628 1 1401 489 1527 679 1
5629 1 1405 482 1534 682 1
5630 1 1411 489 1539 685 1
5631 1 1416 489 1539 687 1
5632 1 1424 489 1553 691 1
5633 1 1431 495 1558 694 1
5634 1 1438 495 1566 694 1
5635 1 1450 505 1576 698 1
5636 1 1465 500 1593 703 1
5637 1 1484 500 1612 703 1
5638 1 1505 512 1630 704 1
5639 1 1528 507 1650 706 1
5640 1 1554 503 1673 708 1
5641 1 1578 499 1704 705 1
5642 1 1614 499 1739 710 1
5643 1 1647 497 1765 713 1
5644 1 1681 497 1801 709 1
5645 1 1718 497 1834 706 1
5646 1 1751 497 1865 706 1
5647 1 1783 491 1898 699 1
5648 1 1815 487 1919 699 1
5649 1 1845 469 1920 689 1
5650 1 1879 465 1918 689 1
6263 1 1853 319 1919 541 0
6264 1 1771 334 1891 546 0
6265 1 1698 334 1824 554 0
6266 1 1643 353 1766 570 0
6267 1 1604 373 1737 588 0
6268 1 1574 394 1713 606 0
6269 1 1557 421 1694 632 0
6270 1 1550 440 1694 654 0
6271 1 1541 462 1685 670 0
6272 1 1539 469 1682 696 0
6273 1 1532 485 1679 699 0
6274 1 1523 499 1677 707 0
6275 1 1515 492 1664 712 0
6276 1 1511 510 1659 718 0
6277 1 1509 511 1658 720 0
6278 1 1509 518 1655 725 0
6279 1 1512 525 1665 725 0
6280 1 1523 525 1666 725 0
6281 1 1544 523 1691 723 0
6282 1 1581 527 1717 718 0
6283 1 1643 525 1779 718 0
6284 1 1728 528 1835 721 0
6285 1 1821 529 1919 721 0
6319 1 1853 252 1920 428 1
6320 1 1769 200 1900 387 1
6321 1 1687 151 1831 355 1
6322 1 1627 121 1773 318 1
6323 1 1565 80 1727 284 1
6324 1 1537 41 1680 250 1
6325 1 1512 10 1659 226 1
6326 1 1486 0 1635 200 1
6327 1 1479 0 1616 180 1
6328 1 1460 0 1604 166 1
6329 1 1451 0 1597 152 1
6330 1 1447 0 1597 145 1
6331 1 1452 1 1608 140 1
6332 1 1465 1 1634 138 1
6333 1 1497 1 1667 143 1
6334 1 1551 1 1711 152 0
6335 1 1642 1 1794 172 0
6336 1 1729 2 1877 201 0
6337 1 1835 30 1919 231 0
7193 1 1394 0 1520 34 0
7194 1 1391 0 1516 42 0
7195 1 1392 0 1517 46 0
7196 1 1391 0 1516 46 0
7197 1 1392 0 1514 46 0
7198 1 1389 0 1508 41 0
7199 1 1383 0 1502 42 0
7203 1 1354 0 1474 39 0
7204 1 1359 0 1471 38 0
7205 1 1342 0 1468 40 0
7206 1 1346 0 1453 42 0
7207 1 1324 0 1446 65 0
7208 1 1316 0 1442 64 0
7209 1 1312 0 1435 73 0
7210 1 1305 0 1449 83 0
7211 1 1300 0 1447 95 0
7212 1 1292 0 1436 108 0
7213 1 1285 0 1435 118 0
7214 1 1273 0 1422 121 0
7215 1 1260 0 1405 120 0
7216 1 1231 0 1383 108 0
7217 1 1202 0 1353 107 0
7218 1 1166 0 1321 90 0
7219 1 1129 0 1280 75 0
7220 1 1116 0 1229 58 0
8195 1 1776 120 1901 323 0
8196 1 1627 63 1771 278 0
8197 1 1492 13 1657 227 0
8198 1 1389 0 1546 187 0
8199 1 1298 0 1467 160 0
8200 1 1243 0 1415 136 0
8201 1 1192 0 1349 111 0
8202 1 1145 0 1307 95 0
8203 1 1104 0 1258 77 0
8204 1 1062 0 1216 66 0
8205 1 1027 0 1175 59 0
8206 1 998 0 1148 52 0
8207 1 967 0 1114 44 0
8233 1 951 0 1130 78 0
8234 1 955 0 1147 120 0
8235 1 965 0 1155 165 0
8236 1 979 0 1173 211 0
8237 1 996 21 1178 264 0
8238 1 1013 70 1195 313 0
8239 1 1032 111 1209 355 0
8240 1 1050 148 1236 394 0
8241 1 1071 191 1251 432 0
8242 1 1085 229 1267 466 0
8243 1 1099 257 1273 509 0
8244 1 1111 301 1283 545 0
8245 1 1112 343 1292 579 0
8246 1 1130 366 1287 606 0
8247 1 1151 392 1310 622 0
8248 1 1189 405 1343 630 0
8249 1 1257 408 1398 627 0
8250 1 1348 389 1493 610 0
8251 1 1462 378 1597 588 0
8252 1 1574 364 1703 578 0
8253 1 1676 355 1799 568 0
8254 1 1760 355 1874 571 0
8255 1 1821 358 1919 581 0
8256 1 1867 361 1921 600 0
8391 1 1863 537 1920 733 1
8392 1 1721 521 1865 744 1
8393 1 1581 537 1750 752 1
8394 1 1468 533 1638 759 1
8395 1 1389 535 1568 767 1
8396 1 1340 539 1521 773 1
8397 1 1316 553 1501 779 1
8398 1 1310 542 1488 783 1
8399 1 1310 558 1486 786 1
8400 1 1308 565 1489 792 1
8401 1 1306 571 1486 795 1
8402 1 1307 567 1492 799 1
8403 1 1300 569 1486 797 1
8404 1 1310 572 1490 794 1
8405 1 1331 561 1507 784 1
8406 1 1401 551 1572 769 0
8407 1 1502 531 1672 751 0
8408 1 1644 512 1799 729 0
8409 1 1789 513 1920 728 0
