1055 1 1569 740 1635 820 0
1056 1 1569 740 1636 822 0
1057 1 1569 740 1636 824 0
1058 1 1569 740 1636 826 0
1059 1 1569 740 1637 828 0
1060 1 1569 740 1637 830 0
1061 1 1569 740 1638 831 0
1062 1 1569 740 1638 833 0
1063 1 1576 749 1654 839 0
1064 1 1583 757 1669 844 0
1065 1 1603 763 1688 839 0
1066 1 1637 763 1717 838 0
1067 1 1660 763 1740 843 0
1068 1 1702 763 1765 850 0
1069 1 1719 769 1798 835 0
1070 1 1745 769 1834 845 0
1071 1 1776 755 1869 844 0
1072 1 1820 743 1896 835 0
1621 1 1384 122 1416 155 0
1622 1 1384 137 1413 164 0
1623 1 1386 146 1426 175 0
1624 1 1402 146 1436 187 0
1625 1 1421 155 1458 192 0
1626 1 1434 155 1472 192 0
1627 1 1443 165 1482 199 0
1628 1 1455 165 1490 200 0
1629 1 1464 147 1504 189 0
1630 1 1473 132 1512 179 0
1631 1 1483 120 1526 169 0
1632 1 1493 115 1536 164 0
1633 1 1506 111 1549 160 0
1634 1 1519 113 1562 162 0
1635 1 1530 134 1573 174 0
1636 1 1536 142 1580 191 0
1637 1 1540 165 1583 214 0
1638 1 1550 177 1593 226 0
1639 1 1553 187 1596 236 0
1640 1 1553 196 1594 237 0
1641 1 1553 206 1588 237 0
1642 1 1545 204 1579 245 0
1643 1 1542 200 1576 241 0
1644 1 1539 196 1573 237 0
1645 1 1536 200 1571 241 0
1646 1 1534 203 1570 244 0
1647 1 1537 212 1573 253 0
1648 1 1528 214 1573 253 0
1649 1 1528 217 1575 253 0
1650 1 1528 217 1574 263 0
1651 1 1526 228 1572 276 0
1652 1 1532 250 1572 288 0
1653 1 1531 257 1577 300 0
1654 1 1539 266 1585 309 0
1655 1 1547 263 1593 306 0
1656 1 1558 259 1604 302 0
1657 1 1570 265 1616 308 0
1658 1 1581 265 1616 307 0
1659 1 1579 252 1614 294 0
1660 1 1576 239 1611 281 0
1661 1 1574 226 1609 268 0
1662 1 1574 221 1609 263 0
1663 1 1576 223 1611 265 0
1664 1 1578 226 1613 268 0
1665 1 1585 241 1620 283 0
1666 1 1591 257 1626 299 0
1667 1 1595 270 1630 312 0
1668 1 1601 284 1636 326 0
1669 1 1595 294 1630 336 0
1670 1 1584 306 1619 348 0
1671 1 1576 310 1611 352 0
1672 1 1568 313 1603 355 0
1673 1 1565 317 1600 359 0
1674 1 1556 321 1591 363 0
1675 1 1556 325 1591 367 0
1676 1 1557 324 1592 366 0
1677 1 1558 314 1593 356 0
1678 1 1563 297 1598 339 0
1679 1 1566 279 1601 321 0
1680 1 1572 266 1607 308 0
1681 1 1580 259 1615 301 0
1682 1 1587 256 1622 298 0
1683 1 1587 256 1635 298 0
1684 1 1609 271 1652 312 0
1685 1 1609 279 1658 328 0
1686 1 1624 313 1674 368 0
1687 1 1624 326 1680 379 0
1688 1 1624 330 1675 380 0
1689 1 1624 333 1671 380 0
1690 1 1627 343 1676 386 0
1691 1 1629 353 1680 392 0
1692 1 1638 369 1693 407 0
1693 1 1647 369 1706 431 0
1694 1 1656 393 1705 450 0
1695 1 1659 409 1708 466 0
1696 1 1671 426 1714 484 0
1697 1 1677 447 1719 497 0
1698 1 1682 455 1724 505 0
1699 1 1682 461 1732 512 0
1700 1 1687 469 1732 519 0
1701 1 1687 469 1733 518 0
1702 1 1690 472 1736 521 0
1703 1 1692 476 1738 525 0
1704 1 1692 472 1738 521 0
1705 1 1693 468 1739 517 0
1706 1 1693 465 1739 514 0
1707 1 1693 461 1739 510 0
1708 1 1694 457 1740 506 0
1709 1 1698 457 1744 506 0
1710 1 1703 457 1749 506 0
1711 1 1708 460 1754 509 0
1712 1 1712 463 1758 512 0
1713 1 1720 464 1766 513 0
1714 1 1727 465 1773 514 0
1715 1 1737 468 1783 517 0
1716 1 1746 471 1792 520 0
1717 1 1755 475 1801 524 0
1718 1 1764 479 1810 528 0
1719 1 1764 475 1810 524 0
1720 1 1764 471 1810 520 0
1721 1 1764 474 1810 523 0
1722 1 1765 478 1811 527 0
1723 1 1765 481 1811 530 0
1724 1 1766 484 1812 533 0
1725 1 1767 500 1813 549 0
1726 1 1769 517 1815 566 0
1727 1 1770 529 1818 578 0
1728 1 1772 542 1821 591 0
1729 1 1771 548 1820 597 0
1730 1 1770 554 1819 603 0
1731 1 1779 560 1814 604 0
1732 1 1789 567 1809 606 0
1766 1 1579 426 1670 524 0
1767 1 1585 425 1667 532 0
1768 1 1578 423 1668 534 0
1769 1 1572 422 1670 538 0
1770 1 1567 418 1660 532 0
1771 1 1563 418 1658 534 0
1772 1 1557 418 1652 527 0
1773 1 1551 434 1643 532 0
1774 1 1547 436 1636 540 0
1775 1 1532 454 1631 543 0
1776 1 1520 458 1621 545 0
1777 1 1501 464 1605 559 0
1778 1 1472 460 1575 561 0
1779 1 1461 476 1563 574 0
1780 1 1447 488 1555 590 0
1781 1 1463 494 1559 593 0
1782 1 1476 492 1571 595 0
1783 1 1521 512 1610 575 0
1784 1 1551 474 1657 569 0
1785 1 1610 454 1708 545 0
1786 1 1649 453 1753 538 0
1787 1 1708 453 1797 530 0
1788 1 1741 444 1830 527 0
1789 1 1762 453 1860 542 0
1790 1 1784 461 1896 546 0
1791 1 1805 467 1915 573 0
1792 1 1827 463 1921 571 0
1793 1 1843 450 1920 588 0
1794 1 1866 448 1921 577 0
1795 1 1874 489 1918 580 0
2276 1 1451 251 1485 282 0
2277 1 1450 254 1485 285 0
2278 1 1449 257 1486 289 0
2279 1 1448 265 1484 302 0
2280 1 1438 274 1473 312 0
2281 1 1431 281 1467 315 0
2282 1 1431 301 1465 331 0
2283 1 1437 326 1482 364 0
2284 1 1449 336 1490 379 0
2285 1 1464 359 1507 395 0
2286 1 1470 368 1510 401 0
2287 1 1477 377 1515 407 0
2288 1 1477 366 1514 396 0
2289 1 1477 354 1514 383 0
2290 1 1486 340 1522 371 0
2291 1 1495 327 1531 361 0
2292 1 1503 321 1539 355 0
2293 1 1511 316 1547 349 0
2294 1 1513 325 1552 355 0
2295 1 1523 341 1565 371 0
2296 1 1531 359 1575 391 0
2297 1 1531 385 1570 414 0
2304 1 1396 464 1448 513 0
2305 1 1399 459 1448 506 0
2306 1 1411 451 1463 500 0
2307 1 1424 448 1474 489 0
2308 1 1433 429 1485 478 0
2309 1 1447 424 1499 473 0
2310 1 1463 422 1505 462 0
2311 1 1473 410 1512 452 0
2312 1 1473 397 1523 435 0
2329 1 1711 149 1767 198 0
2330 1 1711 149 1764 194 0
2331 1 1703 150 1755 191 0
2332 1 1695 150 1748 206 0
2333 1 1695 164 1746 219 0
2334 1 1695 187 1746 238 0
2335 1 1695 202 1749 256 0
2336 1 1695 202 1742 261 0
2337 1 1690 202 1742 264 0
2338 1 1678 201 1729 259 0
2339 1 1675 206 1726 264 0
2340 1 1672 210 1722 268 0
2341 1 1669 214 1719 272 0
2342 1 1663 232 1719 285 0
2343 1 1671 240 1717 292 0
2344 1 1680 249 1717 300 0
2345 1 1694 260 1716 300 0
2396 1 1572 434 1653 540 0
2397 1 1577 434 1663 544 0
2398 1 1582 434 1673 548 0
2399 1 1588 434 1684 552 0
2400 1 1588 414 1679 528 0
2401 1 1576 400 1677 515 0
2402 1 1580 390 1684 512 0
2403 1 1590 388 1693 517 0
2404 1 1596 390 1688 510 0
2405 1 1592 399 1690 509 0
2406 1 1598 394 1709 505 0
2407 1 1612 402 1726 518 0
2408 1 1614 396 1736 512 0
2409 1 1626 392 1752 520 0
2410 1 1648 384 1748 503 0
2411 1 1650 362 1764 502 0
2412 1 1673 364 1769 502 0
2413 1 1682 354 1776 478 0
2414 1 1688 350 1786 482 0
2415 1 1700 348 1812 481 0
2416 1 1712 338 1836 478 0
2417 1 1748 346 1838 470 0
2418 1 1750 352 1866 480 0
2419 1 1750 344 1874 480 0
2420 1 1758 344 1882 482 0
2421 1 1764 344 1888 484 0
2422 1 1796 381 1916 501 0
2423 1 1806 363 1907 511 0
2424 1 1802 362 1913 513 0
2425 1 1818 392 1916 510 0
2426 1 1832 374 1919 523 0
2427 1 1832 388 1920 519 0
2428 1 1850 386 1919 527 0
2429 1 1870 399 1921 546 0
2430 1 1881 399 1918 550 0
2980 1 1509 256 1551 305 0
2981 1 1513 258 1555 306 0
2982 1 1517 260 1559 307 0
2983 1 1521 262 1562 307 0
2984 1 1521 272 1564 308 0
2985 1 1521 272 1557 319 0
2986 1 1521 285 1560 333 0
2987 1 1515 302 1555 342 0
2988 1 1510 312 1547 367 0
2989 1 1504 326 1549 371 0
2990 1 1504 336 1551 383 0
2991 1 1510 343 1554 390 0
2992 1 1516 350 1557 397 0
2993 1 1530 360 1569 409 0
2996 1 1544 390 1595 447 0
2997 1 1553 386 1604 443 0
2998 1 1562 382 1613 439 0
2999 1 1585 373 1625 424 0
3000 1 1595 373 1640 415 0
3001 1 1608 369 1647 417 0
3002 1 1608 369 1654 417 0
3003 1 1608 369 1662 417 0
3004 1 1621 369 1666 411 0
3005 1 1616 368 1660 410 0
3006 1 1612 366 1654 408 0
3007 1 1607 365 1647 407 0
3008 1 1602 363 1641 405 0
3009 1 1582 361 1629 404 0
3010 1 1567 365 1617 408 0
3011 1 1560 396 1608 444 0
3012 1 1560 386 1610 433 0
3013 1 1560 375 1611 421 0
3018 1 1544 290 1583 341 0
3019 1 1534 290 1583 336 0
3020 1 1534 296 1579 340 0
3021 1 1531 309 1566 353 0
3022 1 1534 334 1568 378 0
3023 1 1534 355 1583 405 0
3024 1 1534 383 1578 430 0
3025 1 1538 399 1588 446 0
3026 1 1554 418 1596 461 0
3027 1 1554 418 1596 461 0
3036 1 1676 345 1732 390 0
3037 1 1698 346 1741 390 0
3038 1 1712 346 1753 390 0
3039 1 1712 331 1762 383 0
3040 1 1712 316 1772 377 0
3041 1 1712 322 1777 383 0
3042 1 1712 327 1782 388 0
3043 1 1739 341 1796 392 0
3044 1 1739 336 1803 392 0
3045 1 1739 331 1810 392 0
3046 1 1757 317 1808 364 0
3047 1 1757 305 1820 364 0
3048 1 1773 292 1827 348 0
3049 1 1782 290 1834 345 0
3050 1 1791 288 1842 342 0
3051 1 1808 288 1864 344 0
3052 1 1808 288 1871 345 0
3053 1 1808 288 1879 345 0
3054 1 1837 288 1894 340 0
3055 1 1854 280 1910 336 0
3056 1 1875 285 1919 348 0
3057 1 1887 290 1919 347 0
3058 1 1887 290 1919 347 0
4750 1 2 191 56 357 0
4751 1 6 200 68 366 0
4752 1 12 198 74 364 0
4753 1 16 196 76 362 0
4754 1 2 174 84 336 0
4755 1 0 172 86 336 0
4756 1 2 170 88 334 0
4757 1 2 170 88 334 0
4758 1 0 168 88 332 0
4759 1 2 174 90 336 0
4760 1 0 174 84 340 0
4761 1 0 174 79 341 0
4762 1 0 174 75 343 0
4763 1 0 174 71 345 0
4764 1 0 174 66 346 0
4765 1 0 174 62 348 0
4766 1 0 174 58 350 0
4767 1 0 174 44 348 0
5127 1 1076 302 1256 509 0
5128 1 1059 332 1211 557 0
5129 1 1022 348 1203 574 0
5130 1 1018 352 1176 590 0
5131 1 980 358 1165 586 0
5132 1 988 356 1159 594 0
5133 1 958 366 1149 607 0
5134 1 962 358 1135 612 0
5135 1 940 378 1133 613 0
5136 1 954 384 1125 601 0
5137 1 954 372 1115 603 0
5138 1 952 389 1118 592 0
5139 1 952 354 1123 587 0
5140 1 952 344 1129 574 0
5141 1 956 345 1145 557 0
5142 1 974 303 1154 542 0
5143 1 996 280 1155 533 0
5144 1 1004 263 1156 520 0
5145 1 1002 210 1165 464 0
5146 1 998 206 1168 435 0
5147 1 990 203 1156 432 0
5148 1 980 200 1137 433 0
5149 1 974 196 1143 421 0
5150 1 966 208 1141 424 0
5151 1 962 215 1151 432 0
5152 1 966 247 1136 433 0
5153 1 955 277 1125 463 0
5154 1 956 303 1126 487 0
5155 1 938 329 1110 511 0
5156 1 929 351 1101 531 0
5157 1 921 350 1093 528 0
5158 1 922 377 1092 553 0
5159 1 902 379 1072 555 0
5160 1 872 396 1042 574 0
5161 1 850 410 1020 588 0
5162 1 827 425 997 603 0
5163 1 805 439 975 617 0
5164 1 783 454 953 632 0
5165 1 760 468 930 646 0
5166 1 738 483 908 661 0
5167 1 730 503 900 681 0
5168 1 723 523 893 701 0
5169 1 716 542 886 720 0
5170 1 716 554 886 732 0
5171 1 716 565 886 743 0
5172 1 716 576 886 754 0
5173 1 716 587 886 765 0
5174 1 722 600 892 778 0
5175 1 727 614 897 792 0
5176 1 731 614 897 792 0
5177 1 734 614 897 793 0
5178 1 737 614 897 794 0
5179 1 741 614 897 795 0
5180 1 741 614 895 795 0
5181 1 741 614 892 795 0
5182 1 741 614 890 795 0
5183 1 741 614 887 795 0
5184 1 732 614 882 791 0
5185 1 724 614 878 786 0
5186 1 715 614 873 782 0
5187 1 718 614 876 782 0
5188 1 721 614 879 782 0
5189 1 724 613 882 781 0
5190 1 727 613 885 781 0
5191 1 730 613 888 781 0
5192 1 734 613 892 781 0
5193 1 737 613 895 781 0
5194 1 740 613 898 781 0
5195 1 743 612 901 780 0
5196 1 746 612 904 780 0
5197 1 783 611 941 779 0
5198 1 815 612 973 780 0
5199 1 846 614 1004 782 0
5200 1 904 612 1062 780 0
5201 1 969 605 1127 773 0
5202 1 1000 599 1158 767 0
5203 1 1066 599 1224 767 0
5204 1 1127 595 1285 763 0
5205 1 1166 585 1324 753 0
5206 1 1228 585 1386 753 0
5207 1 1251 583 1409 751 0
5208 1 1273 580 1431 748 0
5209 1 1296 578 1454 746 0
5210 1 1319 576 1477 744 0
5211 1 1342 573 1500 741 0
5212 1 1347 577 1505 745 0
5213 1 1352 581 1510 749 0
5214 1 1357 585 1515 753 0
5215 1 1353 585 1511 753 0
5216 1 1349 584 1507 752 0
5217 1 1344 584 1502 752 0
5218 1 1340 583 1498 751 0
5219 1 1311 585 1469 753 0
5220 1 1282 592 1440 760 0
5221 1 1236 588 1394 756 0
5222 1 1199 587 1357 755 0
5223 1 1170 583 1328 751 0
5224 1 1160 583 1318 751 0
5225 1 1151 583 1309 751 0
5226 1 1141 583 1299 751 0
5227 1 1132 583 1290 751 0
5228 1 1122 583 1280 751 0
5229 1 1113 582 1271 750 0
5230 1 1103 582 1261 750 0
5231 1 1090 578 1248 746 0
5232 1 1076 574 1234 742 0
5233 1 1063 570 1221 738 0
5234 1 1051 555 1209 723 0
5235 1 1040 541 1198 709 0
5236 1 1040 534 1198 702 0
5237 1 1041 528 1199 696 0
5238 1 1041 521 1199 689 0
5239 1 1041 515 1199 683 0
5240 1 1041 509 1199 677 0
5241 1 1041 502 1199 670 0
5242 1 1025 490 1183 658 0
5243 1 1009 489 1167 657 0
5244 1 993 489 1151 657 0
5245 1 977 489 1135 657 1
5246 1 961 488 1119 656 1
5247 1 945 488 1103 656 1
5248 1 941 491 1099 659 1
5249 1 937 494 1095 662 1
5250 1 932 498 1090 666 1
5251 1 928 501 1086 669 1
5252 1 924 504 1082 672 1
5253 1 919 507 1077 675 1
5254 1 915 510 1073 678 1
5255 1 911 514 1069 682 1
5256 1 908 517 1066 683 1
5257 1 905 520 1063 684 1
5258 1 902 523 1060 685 1
5259 1 899 524 1057 687 1
5260 1 895 525 1053 688 1
5261 1 892 525 1050 689 1
5262 1 889 526 1047 691 1
5263 1 886 527 1044 693 1
5264 1 883 527 1041 693 1
5265 1 880 528 1038 695 1
5266 1 877 529 1035 697 1
5267 1 877 538 1035 701 1
5268 1 876 546 1034 705 1
5269 1 876 555 1034 710 1
5270 1 876 564 1034 714 1
5271 1 875 573 1033 719 1
5272 1 907 577 1065 723 1
5273 1 939 582 1097 728 1
5274 1 971 587 1129 733 1
5275 1 1003 591 1161 737 1
5276 1 1090 600 1248 746 1
5277 1 1156 602 1314 748 1
5278 1 1235 600 1393 746 1
5279 1 1282 614 1440 760 1
5280 1 1327 622 1485 768 1
5281 1 1347 619 1505 765 1
5282 1 1359 618 1516 765 1
5283 1 1371 616 1526 764 1
5284 1 1383 615 1537 764 1
5285 1 1395 614 1548 764 1
5286 1 1395 614 1546 764 1
5287 1 1395 615 1545 766 1
5288 1 1394 615 1543 767 1
5289 1 1394 615 1541 768 1
5290 1 1394 616 1540 770 1
5291 1 1393 616 1538 771 1
5292 1 1393 617 1537 773 1
5293 1 1393 617 1535 774 1
5294 1 1392 617 1533 775 1
5295 1 1392 618 1532 777 1
5296 1 1392 618 1530 777 1
5297 1 1392 618 1529 778 1
5298 1 1391 619 1527 780 1
5299 1 1367 620 1503 781 1
5300 1 1349 613 1485 774 1
5301 1 1330 605 1466 766 1
5302 1 1302 598 1438 759 1
5303 1 1274 591 1410 752 1
5304 1 1246 585 1382 746 1
5305 1 1232 580 1368 741 1
5306 1 1218 574 1354 735 1
5307 1 1203 569 1339 730 1
5308 1 1189 564 1325 725 1
5309 1 1175 559 1311 720 1
5310 1 1160 554 1296 715 1
5311 1 1146 549 1282 710 1
5312 1 1131 544 1267 705 1
5313 1 1117 539 1253 700 1
5314 1 1116 540 1252 701 1
5315 1 1114 542 1250 703 1
5316 1 1113 544 1249 705 1
5317 1 1111 546 1247 707 1
5318 1 1110 548 1246 709 1
5319 1 1108 550 1244 711 1
5320 1 1107 551 1243 712 1
5321 1 1105 553 1241 714 1
5322 1 1104 555 1240 716 1
5323 1 1102 557 1238 718 1
5324 1 1101 559 1237 720 1
5325 1 1099 560 1235 721 1
5326 1 1098 562 1234 723 1
5327 1 1096 564 1232 725 1
5328 1 1095 566 1231 727 1
5329 1 1105 568 1241 729 1
5330 1 1115 571 1251 732 1
5331 1 1125 574 1261 735 1
5332 1 1135 576 1271 737 1
5333 1 1145 579 1281 740 1
5334 1 1155 581 1291 742 1
5335 1 1165 584 1301 745 1
5336 1 1175 586 1311 747 1
5337 1 1184 586 1320 747 1
5338 1 1194 586 1330 747 1
5339 1 1203 586 1339 747 1
5340 1 1213 585 1349 746 1
5341 1 1222 585 1358 746 1
5342 1 1232 585 1368 746 1
5343 1 1241 585 1377 746 1
5344 1 1245 585 1381 746 1
5345 1 1248 586 1384 747 1
5346 1 1252 587 1388 748 1
5347 1 1255 588 1391 749 1
5348 1 1258 588 1394 749 1
5349 1 1262 589 1398 750 1
5350 1 1265 590 1401 751 1
5351 1 1269 591 1405 752 1
5352 1 1272 591 1408 752 1
5353 1 1269 595 1405 756 1
5354 1 1266 598 1402 759 1
5355 1 1264 602 1400 763 1
5356 1 1261 605 1397 766 1
5357 1 1258 608 1394 769 1
5358 1 1255 612 1391 773 1
5359 1 1253 615 1389 776 1
5360 1 1250 619 1386 780 1
5361 1 1247 622 1383 783 0
5362 1 1244 626 1380 787 0
5363 1 1241 629 1377 790 0
5364 1 1236 634 1372 795 0
5365 1 1231 638 1367 799 0
5366 1 1226 643 1362 804 0
5367 1 1221 647 1357 808 0
5368 1 1216 652 1352 813 0
5369 1 1211 657 1347 818 0
5370 1 1206 661 1342 822 0
5371 1 1207 661 1343 822 0
5372 1 1209 662 1345 823 0
5373 1 1210 662 1346 823 0
5374 1 1212 662 1348 823 0
5375 1 1214 662 1350 823 0
5376 1 1215 662 1351 823 0
5377 1 1217 662 1353 823 0
5378 1 1218 662 1354 823 0
5379 1 1220 662 1356 823 0
5380 1 1222 662 1358 823 0
5381 1 1223 663 1359 824 0
5382 1 1225 663 1361 824 0
5383 1 1226 663 1362 824 0
5384 1 1228 663 1364 824 0
5385 1 1230 663 1366 824 0
5386 1 1204 654 1340 815 0
5387 1 1178 648 1314 809 0
5388 1 1074 635 1210 796 0
5389 1 1037 625 1173 786 0
5390 1 976 612 1112 773 0
5391 1 919 600 1055 761 0
5392 1 862 588 998 749 0
5393 1 837 585 973 746 0
5394 1 812 581 948 742 0
5395 1 801 581 939 737 0
5396 1 790 581 930 731 0
5397 1 779 581 921 726 0
5398 1 768 581 912 720 0
5399 1 768 581 899 728 0
5400 1 768 581 885 735 0
5401 1 754 574 871 728 0
5402 1 760 574 877 728 0
5403 1 766 573 883 727 0
5404 1 764 573 881 727 0
5405 1 761 574 878 728 0
5406 1 758 574 875 728 0
5407 1 755 575 872 729 0
5408 1 753 576 870 730 0
5409 1 750 576 867 730 0
5410 1 747 577 864 731 0
5411 1 745 577 862 731 0
5412 1 742 578 859 732 0
5413 1 739 578 856 732 0
5414 1 737 579 854 733 0
5415 1 734 580 851 734 0
5416 1 733 579 850 733 0
5417 1 733 579 850 733 0
5418 1 732 579 849 733 0
5419 1 732 578 849 732 0
5420 1 731 578 848 732 0
5421 1 731 577 848 731 0
5422 1 719 579 836 733 0
5423 1 708 581 825 735 0
5424 1 697 582 814 736 0
5425 1 685 584 802 738 0
5426 1 674 585 791 739 0
5427 1 662 587 779 741 0
5428 1 651 588 768 742 0
5429 1 640 590 757 744 0
5430 1 628 591 745 745 0
5431 1 615 596 732 750 0
5432 1 602 601 719 755 0
5433 1 589 606 706 760 0
5434 1 575 611 692 765 0
5435 1 562 616 679 770 0
5436 1 549 621 666 775 0
5437 1 536 626 653 780 0
5438 1 522 631 639 785 0
5439 1 509 636 626 790 0
5440 1 502 637 619 791 0
5441 1 496 639 613 793 0
5442 1 489 640 606 794 0
5443 1 482 642 599 796 0
5444 1 476 643 593 797 0
5445 1 469 645 586 799 0
5446 1 463 646 580 800 0
5447 1 456 648 573 802 0
5448 1 449 650 566 804 0
5449 1 443 651 560 805 0
5450 1 440 655 558 809 0
5451 1 437 659 555 813 0
5452 1 434 662 553 816 0
5453 1 431 666 551 820 0
5454 1 428 670 549 824 0
5455 1 425 674 546 828 0
5456 1 422 678 544 832 0
5457 1 419 682 542 836 0
5458 1 416 685 539 839 0
5459 1 414 689 538 843 0
5460 1 411 693 536 847 0
5461 1 408 697 533 851 0
5462 1 405 701 531 855 0
5463 1 402 704 529 858 0
5464 1 399 708 527 862 0
5465 1 396 712 524 866 0
5466 1 393 716 522 870 0
5467 1 402 721 531 875 0
5468 1 411 725 540 879 0
5469 1 420 730 549 884 0
5470 1 428 735 557 889 0
5471 1 437 740 566 894 0
5472 1 446 745 575 899 0
5473 1 459 745 590 896 0
5474 1 472 745 605 893 0
5475 1 485 745 621 890 0
5476 1 499 745 637 887 0
5477 1 512 745 652 884 0
5478 1 525 745 667 881 0
5479 1 538 745 682 877 0
5480 1 557 737 701 869 0
5481 1 577 729 721 861 0
5482 1 596 721 740 853 0
5483 1 615 713 759 845 0
5484 1 635 705 779 837 0
5485 1 654 697 798 829 0
5486 1 667 697 811 829 0
5487 1 680 697 824 829 0
5488 1 693 697 837 829 0
5489 1 706 697 850 829 0
5490 1 719 697 863 829 0
5491 1 732 697 876 829 0
5492 1 748 694 892 826 0
5493 1 763 691 907 823 0
5494 1 779 687 923 819 0
5495 1 794 684 938 816 0
5496 1 810 681 954 813 0
5497 1 825 678 969 810 0
5498 1 841 675 985 807 0
5499 1 856 671 1000 803 0
5500 1 870 662 1014 794 0
5501 1 884 653 1028 785 0
5502 1 898 643 1042 775 0
5503 1 912 634 1056 766 0
5504 1 926 625 1070 757 0
5505 1 939 615 1083 747 0
5506 1 953 606 1097 738 0
5507 1 967 597 1111 729 0
5508 1 973 589 1117 721 0
5509 1 979 582 1123 714 0
5510 1 985 574 1129 706 0
5511 1 991 566 1135 698 0
5512 1 997 559 1141 691 0
5513 1 1003 551 1147 683 0
5514 1 1009 544 1153 676 0
5515 1 1015 536 1159 668 0
5516 1 1021 529 1165 661 0
5517 1 1015 526 1159 658 0
5518 1 1009 523 1153 655 0
5519 1 1003 520 1147 652 0
5520 1 1002 520 1146 652 0
5521 1 1001 519 1145 651 0
5522 1 1001 519 1145 651 0
5523 1 1000 519 1144 651 0
5524 1 999 519 1143 651 0
5525 1 998 518 1142 650 0
5526 1 997 518 1141 650 0
5527 1 997 518 1141 650 0
5528 1 995 512 1139 644 0
5529 1 993 506 1137 638 0
5530 1 991 499 1135 631 0
5531 1 989 493 1133 625 0
5532 1 988 487 1132 619 0
5533 1 986 481 1130 613 0
5534 1 973 465 1124 609 0
5535 1 961 449 1118 604 0
5536 1 948 433 1111 599 0
5537 1 946 425 1109 591 0
5538 1 943 417 1106 583 0
5539 1 940 410 1103 576 0
5540 1 938 402 1101 568 0
5541 1 935 394 1098 560 0
5542 1 925 390 1088 556 0
5543 1 914 387 1077 553 0
5544 1 904 384 1067 550 0
5545 1 894 380 1057 546 0
5546 1 884 377 1047 543 0
5547 1 874 373 1037 539 0
5548 1 863 370 1026 536 0
5549 1 857 370 1014 534 0
5550 1 851 370 1002 532 0
5551 1 845 371 989 531 0
5552 1 839 371 977 529 0
5553 1 833 371 965 526 0
5554 1 827 371 964 528 0
5555 1 821 371 963 530 0
5556 1 815 371 962 532 0
5557 1 809 371 962 534 0
5558 1 803 372 961 537 0
5559 1 797 372 960 538 0
5560 1 790 371 953 537 0
5561 1 784 371 947 537 0
5562 1 777 370 940 536 0
5563 1 770 369 933 535 0
5564 1 764 369 927 535 0
5565 1 757 368 920 534 0
5566 1 750 367 913 533 0
5567 1 744 367 907 533 0
5568 1 737 366 900 532 0
5569 1 730 366 893 532 0
5570 1 724 365 887 531 0
5571 1 720 363 883 529 0
5572 1 717 360 880 526 0
5573 1 714 358 877 524 0
5574 1 711 355 874 521 0
5575 1 708 353 871 519 0
5576 1 705 350 868 516 0
5577 1 701 348 864 514 0
5578 1 702 351 865 516 0
5579 1 702 355 865 519 0
5580 1 703 358 866 520 0
5581 1 703 362 866 523 0
5582 1 704 365 867 525 0
5583 1 704 368 867 526 0
5584 1 705 372 868 529 0
5585 1 705 375 868 531 0
5586 1 706 379 869 533 0
5587 1 706 382 869 535 0
5588 1 707 385 870 551 0
5589 1 729 390 887 556 0
5590 1 751 396 905 561 0
5591 1 773 401 922 566 0
5592 1 786 403 939 568 0
5593 1 799 405 955 571 0
5594 1 812 408 972 574 0
5595 1 825 410 988 576 0
5596 1 859 411 1022 577 0
5597 1 893 411 1056 577 0
5598 1 927 411 1090 577 0
5599 1 961 412 1124 578 0
5600 1 995 412 1158 578 0
5601 1 1029 412 1192 578 0
5602 1 1063 413 1226 579 0
5603 1 1086 417 1247 583 0
5604 1 1109 421 1267 587 0
5605 1 1132 425 1288 591 0
5606 1 1155 429 1308 596 0
5607 1 1178 433 1329 600 0
5608 1 1201 437 1350 604 0
5609 1 1206 441 1352 608 0
5610 1 1210 445 1354 612 0
5611 1 1208 445 1350 612 0
5612 1 1211 445 1350 612 0
5613 1 1198 445 1349 612 0
5614 1 1185 445 1348 611 0
5615 1 1184 445 1347 611 0
5616 1 1182 445 1345 610 0
5617 1 1180 445 1343 609 0
5618 1 1179 445 1342 609 0
5619 1 1177 445 1340 608 0
5620 1 1175 445 1338 607 0
5621 1 1174 445 1337 607 0
5622 1 1172 445 1335 606 0
5623 1 1170 445 1333 605 0
5624 1 1169 445 1332 605 0
5625 1 1167 445 1330 604 0
5626 1 1166 445 1329 604 0
5627 1 1164 445 1327 603 0
5628 1 1162 445 1325 602 0
5629 1 1161 445 1324 602 0
5630 1 1159 445 1322 601 0
5631 1 1157 445 1320 600 0
5632 1 1156 445 1319 600 0
5633 1 1152 445 1315 601 0
5634 1 1149 445 1312 602 0
5635 1 1145 445 1308 604 0
5636 1 1141 444 1304 604 0
5637 1 1138 444 1301 605 1
5638 1 1119 446 1282 608 1
5639 1 1100 447 1263 611 1
5640 1 1081 449 1244 614 1
5641 1 1062 450 1225 616 1
5642 1 1045 454 1206 619 1
5643 1 1029 457 1187 620 1
5644 1 1012 461 1168 622 1
5645 1 996 465 1149 624 1
5646 1 979 468 1130 625 1
5647 1 962 472 1110 627 1
5648 1 946 476 1092 630 1
5649 1 929 479 1072 631 1
5650 1 913 483 1054 633 1
5651 1 896 487 1034 635 1
5652 1 879 490 1015 636 1
5653 1 863 494 1000 653 1
5654 1 846 498 1001 656 1
5655 1 844 498 1000 657 1
5656 1 842 498 1000 659 1
5657 1 840 498 1000 661 1
5658 1 837 498 998 663 1
5659 1 835 498 998 664 1
5660 1 839 495 1000 661 1
5661 1 843 493 1002 658 1
5662 1 847 490 1004 655 1
5663 1 851 488 1006 652 1
5664 1 855 485 1008 648 1
5665 1 859 482 1010 645 1
5666 1 863 480 1012 642 1
5667 1 867 477 1014 639 1
5668 1 867 475 1016 637 1
5669 1 868 472 1018 634 1
5670 1 869 470 1020 633 1
5671 1 870 467 1023 630 1
5672 1 870 465 1024 629 1
5673 1 871 462 1026 626 1
5674 1 872 459 1029 623 1
5675 1 872 457 1030 622 1
5676 1 873 454 1032 619 1
5677 1 874 452 1034 618 1
5678 1 874 449 1036 615 1
5679 1 875 447 1038 613 1
5680 1 874 445 1037 611 1
5681 1 873 443 1036 609 1
5682 1 871 441 1034 607 1
5683 1 870 439 1033 605 1
5684 1 868 437 1031 603 1
5685 1 867 435 1030 601 1
5686 1 866 433 1029 599 1
5687 1 865 434 1027 599 1
5688 1 864 435 1026 599 1
5689 1 864 436 1025 599 1
5690 1 863 438 1023 599 1
5691 1 862 439 1022 599 1
5692 1 862 440 1021 599 1
5693 1 861 441 1019 599 1
5694 1 860 443 1018 599 1
5695 1 860 444 1017 599 1
5696 1 859 445 1015 599 1
5697 1 858 446 1014 599 1
5698 1 855 447 1012 603 1
5699 1 852 449 1011 608 1
5700 1 849 450 1010 613 1
5701 1 846 451 1009 617 0
5702 1 849 449 1012 615 0
5703 1 851 447 1014 613 0
5704 1 854 445 1017 611 0
5705 1 857 443 1020 609 0
5706 1 860 442 1023 608 0
5707 1 860 442 1023 608 0
5708 1 861 442 1024 608 0
5709 1 861 443 1024 609 0
5710 1 862 443 1025 609 0
5711 1 862 444 1025 610 0
5712 1 863 444 1026 610 0
5713 1 863 445 1026 611 0
5714 1 864 445 1027 611 0
5715 1 864 445 1027 611 0
5716 1 865 446 1028 612 0
5717 1 865 446 1028 612 0
5718 1 865 447 1028 613 0
5719 1 866 447 1029 613 0
5720 1 866 448 1029 614 0
5721 1 867 448 1030 614 0
5722 1 867 448 1030 614 0
5723 1 868 449 1031 615 0
5724 1 868 449 1031 615 0
5725 1 869 450 1032 616 0
5726 1 869 450 1032 616 0
5727 1 870 451 1033 617 0
5728 1 870 451 1033 617 0
5729 1 871 451 1034 617 0
5730 1 871 452 1034 618 0
5731 1 872 452 1035 618 0
5732 1 872 453 1035 619 0
5733 1 873 453 1036 619 0
5734 1 873 454 1036 620 0
5735 1 873 454 1036 620 0
5736 1 874 454 1037 620 0
5737 1 874 455 1037 621 0
5738 1 875 455 1038 621 0
5739 1 875 456 1038 622 0
5740 1 876 456 1039 622 0
5741 1 876 456 1039 622 0
5742 1 877 457 1040 623 0
5743 1 877 457 1040 623 0
5744 1 878 458 1041 624 1
5745 1 878 458 1041 624 1
5746 1 879 459 1042 625 1
5747 1 875 460 1038 626 1
5748 1 871 462 1034 628 1
5749 1 867 464 1030 630 1
5750 1 863 465 1026 631 1
5751 1 859 467 1022 633 1
5752 1 855 469 1018 635 1
5753 1 852 471 1015 637 1
5754 1 848 472 1011 638 1
5755 1 844 474 1007 640 1
5756 1 840 476 1003 642 1
5757 1 836 477 999 643 1
5758 1 836 477 999 643 1
5759 1 836 477 999 643 1
5760 1 836 477 999 643 1
5761 1 836 477 999 643 1
5762 1 836 477 999 643 1
5763 1 836 477 999 643 1
5764 1 836 477 999 643 1
5765 1 836 477 999 643 1
5766 1 836 477 999 643 1
5767 1 835 476 998 642 1
5768 1 835 476 998 642 1
5769 1 835 476 998 642 1
5770 1 835 476 998 642 1
5771 1 835 476 998 642 1
5772 1 835 476 998 642 1
5773 1 835 476 998 642 1
5774 1 835 476 998 639 1
5775 1 836 476 999 636 1
5776 1 836 476 999 633 1
5777 1 836 476 999 634 1
5778 1 836 476 999 634 1
5779 1 836 477 999 636 1
5780 1 836 477 999 637 1
5781 1 837 477 1000 638 1
5782 1 837 477 1000 638 1
5783 1 837 477 1000 639 1
5784 1 837 477 1000 640 1
5785 1 837 477 1000 640 1
5786 1 837 477 1000 641 1
5787 1 837 478 1000 643 1
5788 1 837 478 1000 644 1
5789 1 838 478 1001 644 1
5790 1 831 479 994 645 1
5791 1 824 481 987 647 1
5792 1 817 482 980 648 0
5793 1 810 484 973 650 0
5794 1 803 485 966 651 0
5795 1 796 487 959 653 0
5796 1 789 488 952 654 0
5797 1 782 489 945 655 0
5798 1 775 491 938 657 0
5799 1 768 497 931 663 0
5800 1 761 502 924 668 0
5801 1 754 508 917 674 0
5802 1 747 513 910 679 0
5803 1 745 514 908 680 0
5804 1 742 515 905 681 0
5805 1 739 516 902 682 0
5806 1 737 517 900 683 0
5807 1 734 519 897 685 0
5808 1 731 520 894 686 0
5809 1 729 521 892 687 0
5810 1 726 522 889 688 0
5811 1 723 523 886 689 0
5812 1 721 524 884 690 0
5813 1 718 525 881 691 0
5814 1 715 526 878 692 0
5815 1 713 527 876 693 0
5816 1 710 528 873 694 0
5817 1 709 528 871 695 0
5818 1 708 528 870 695 0
5819 1 707 528 868 695 0
5820 1 705 528 865 695 0
5821 1 704 528 863 695 0
5822 1 703 528 862 696 0
5823 1 702 528 860 696 0
5824 1 701 528 858 696 0
5825 1 699 528 855 696 0
5826 1 698 528 854 697 0
5827 1 697 528 852 697 0
5828 1 696 528 850 697 0
5829 1 695 528 848 697 0
5830 1 694 528 847 697 0
5831 1 692 528 844 698 0
5832 1 691 528 842 698 0
5833 1 690 530 841 700 0
5834 1 689 532 840 702 0
5835 1 688 533 839 703 0
5836 1 687 535 838 705 0
5837 1 686 536 837 706 0
5838 1 685 538 836 708 0
5839 1 684 539 835 709 0
5840 1 683 541 834 711 0
5841 1 682 543 833 713 0
5842 1 681 544 832 714 0
5843 1 680 546 831 716 0
5844 1 679 547 830 717 0
5845 1 678 549 829 719 0
5846 1 680 551 831 721 0
5847 1 681 554 832 724 0
5848 1 683 556 834 726 0
5849 1 685 559 836 729 0
5850 1 687 561 838 731 0
5851 1 689 563 840 733 0
5852 1 691 566 842 736 0
5853 1 693 568 844 738 0
5854 1 695 571 846 741 0
5855 1 697 573 848 743 0
5856 1 699 576 850 746 0
5857 1 703 575 854 745 0
5858 1 708 574 859 744 0
5859 1 713 573 864 743 0
5860 1 718 572 869 742 0
5861 1 723 571 874 741 0
5862 1 728 571 879 741 0
5863 1 733 570 884 740 0
5864 1 738 569 889 739 0
5865 1 743 568 894 738 0
5866 1 747 567 898 737 0
5867 1 752 567 903 737 0
5868 1 757 566 908 736 0
5869 1 762 565 913 735 0
5870 1 767 564 918 734 0
5871 1 772 563 923 733 0
5872 1 777 562 928 732 0
5873 1 782 562 933 732 0
5874 1 787 561 938 731 0
5875 1 786 560 937 730 0
5876 1 786 559 937 729 0
5877 1 785 558 936 728 0
5878 1 785 557 936 727 0
5879 1 784 557 935 727 0
5880 1 784 556 935 726 0
5881 1 783 555 934 725 0
5882 1 783 554 934 724 0
5883 1 782 553 933 723 0
5884 1 782 552 933 722 0
5885 1 782 551 933 721 0
5886 1 781 551 932 721 1
5887 1 781 550 932 720 1
5888 1 780 549 931 719 1
5889 1 779 547 930 717 1
5890 1 779 544 930 714 1
5891 1 778 542 929 712 1
5892 1 777 540 928 710 1
5893 1 777 538 928 708 1
5894 1 776 536 927 706 1
5895 1 775 534 926 704 1
5896 1 774 531 925 701 1
5897 1 774 529 925 699 1
5898 1 773 527 924 697 1
5899 1 772 525 923 695 1
5900 1 771 523 922 693 1
5901 1 766 511 917 681 1
5902 1 761 500 912 670 1
5903 1 756 489 907 659 1
5904 1 751 478 902 648 1
5905 1 746 466 897 636 1
5906 1 741 455 892 625 1
5907 1 734 440 885 610 1
5908 1 727 425 878 595 1
5909 1 720 410 871 580 1
5910 1 713 395 864 565 1
5911 1 707 380 858 550 1
5912 1 700 365 851 535 1
5913 1 682 351 833 521 1
5914 1 664 338 815 508 1
5915 1 647 324 798 494 1
5916 1 629 310 780 480 1
5917 1 611 297 762 467 1
5918 1 591 295 739 465 1
5919 1 570 293 714 463 1
5920 1 549 291 690 461 1
5921 1 528 288 665 458 1
5922 1 508 286 642 456 0
5923 1 496 289 638 459 0
5924 1 485 292 636 462 0
5925 1 473 297 619 468 0
5926 1 461 303 602 475 0
5927 1 449 308 585 481 0
5928 1 438 314 569 488 0
5929 1 426 319 552 494 0
5930 1 411 323 537 498 0
5931 1 396 327 522 502 0
5932 1 380 331 506 506 0
5933 1 365 335 491 510 0
5934 1 350 339 476 514 0
5935 1 335 343 461 518 0
5936 1 320 347 446 522 0
5937 1 305 351 431 526 0
5938 1 290 355 416 530 0
5939 1 275 359 401 534 0
5940 1 260 363 386 538 0
5941 1 245 367 371 542 0
5942 1 228 378 354 553 0
5943 1 211 390 337 565 0
5944 1 195 402 321 577 0
5945 1 178 414 304 589 0
5946 1 161 425 287 600 0
5947 1 144 437 270 612 0
5948 1 127 449 253 624 0
5949 1 110 461 236 636 0
5950 1 94 472 220 647 0
5951 1 83 484 202 656 0
5952 1 72 496 184 664 0
5953 1 61 507 167 672 0
5954 1 50 519 149 680 0
5955 1 40 530 133 688 0
5956 1 29 542 115 696 0
5957 1 17 542 115 703 0
5958 1 0 542 91 719 0
5959 1 0 551 87 718 0
5960 1 0 561 83 719 0
5961 1 0 561 77 733 0
5962 1 0 561 71 748 0
5963 1 0 586 73 747 0
5964 1 0 593 61 754 0
5965 1 0 627 57 773 0
5966 1 0 627 44 795 0
5967 1 0 627 44 788 0
5968 1 0 627 34 797 0
5969 1 0 627 32 793 0
5970 1 0 627 31 789 0
5971 1 0 627 29 785 0
5972 1 0 627 28 781 0
5973 1 0 627 26 777 0
5974 1 0 627 24 773 0
5975 1 0 627 23 769 0
5976 1 0 627 21 765 0
6003 1 0 704 34 818 0
6004 1 0 689 50 816 0
6005 1 0 673 66 814 0
6006 1 0 641 94 809 0
6007 1 0 629 78 801 0
6008 1 0 629 111 789 0
6009 1 5 585 122 780 0
6010 1 29 585 137 763 0
6011 1 36 585 138 762 0
6012 1 45 578 151 753 0
6013 1 53 571 162 744 0
6014 1 62 564 175 736 0
6015 1 71 557 188 727 0
6016 1 72 551 190 725 0
6017 1 73 544 191 721 0
6018 1 73 537 192 718 0
6019 1 74 530 194 715 0
6020 1 75 523 195 712 0
6021 1 54 545 168 720 0
6022 1 20 535 144 741 0
6023 1 0 562 83 740 0
6024 1 0 562 45 737 0
6065 1 853 428 1045 608 0
6066 1 924 440 1122 604 0
6067 1 944 466 1138 634 0
6068 1 952 495 1142 661 0
6069 1 999 498 1183 666 0
6070 1 1048 510 1214 678 0
6071 1 1040 526 1228 678 0
6072 1 1054 526 1252 684 0
6073 1 1070 530 1266 688 0
6074 1 1092 534 1284 692 0
6075 1 1076 538 1270 704 0
6076 1 1074 540 1266 702 0
6077 1 1078 534 1252 696 0
6078 1 1076 534 1252 698 0
6079 1 1072 534 1248 700 0
6080 1 1066 538 1260 702 0
6081 1 1068 532 1246 700 0
6082 1 1064 532 1246 698 0
6083 1 1056 524 1244 684 0
6084 1 1056 520 1242 680 0
6085 1 1060 518 1232 668 0
6086 1 1054 508 1234 664 0
6087 1 1048 502 1238 664 0
6088 1 1050 480 1214 662 0
6089 1 1048 468 1210 650 0
6090 1 1052 458 1212 644 0
6091 1 1050 448 1212 634 0
6092 1 1048 434 1214 614 0
6093 1 1050 426 1212 608 0
6094 1 1054 418 1212 606 0
6095 1 1056 412 1208 592 0
6096 1 1060 400 1210 578 0
6097 1 1058 390 1210 574 0
6098 1 1060 378 1212 560 0
6099 1 1058 374 1212 558 0
6100 1 1064 362 1212 544 0
6101 1 1062 358 1218 546 0
6102 1 1066 350 1220 536 0
6103 1 1070 348 1236 514 0
6104 1 1082 342 1238 526 0
6105 1 1084 336 1236 520 0
6106 1 1092 332 1244 490 0
6107 1 1096 320 1252 492 0
6108 1 1110 316 1266 502 0
6109 1 1106 324 1268 490 0
6110 1 1104 326 1268 492 0
6111 1 1118 314 1270 498 0
6112 1 1114 314 1272 486 0
6113 1 1122 308 1274 492 0
6114 1 1124 308 1270 488 0
6115 1 1124 306 1270 488 0
6116 1 1122 310 1274 494 0
6117 1 1118 312 1268 494 0
6118 1 1110 316 1268 488 0
6119 1 1108 324 1262 490 0
6120 1 1106 332 1262 490 0
6121 1 1100 336 1264 498 0
6122 1 1100 336 1262 496 0
6123 1 1098 326 1250 496 0
6124 1 1100 326 1254 494 0
6125 1 1100 326 1252 496 0
6126 1 1102 338 1262 498 0
6127 1 1100 326 1254 498 0
6128 1 1098 328 1252 494 0
6129 1 1098 330 1252 498 0
6130 1 1098 330 1250 492 0
6131 1 1098 330 1250 492 0
6132 1 1096 334 1250 494 0
6133 1 1094 338 1246 516 0
6134 1 1096 340 1246 520 0
6135 1 1098 342 1250 524 0
6136 1 1098 344 1250 528 0
6137 1 1110 348 1258 522 0
6138 1 1102 354 1268 516 0
6139 1 1104 356 1268 516 0
6140 1 1106 354 1268 516 0
6141 1 1104 352 1270 516 0
6142 1 1102 354 1268 516 0
6143 1 1102 354 1268 516 0
6144 1 1102 354 1268 516 0
6145 1 1102 354 1268 514 0
6146 1 1102 356 1268 516 0
6147 1 1102 354 1268 514 0
6148 1 1102 354 1268 516 0
6149 1 1104 354 1268 516 0
6150 1 1110 346 1262 522 0
6151 1 1112 342 1262 516 0
6152 1 1112 342 1260 516 0
6153 1 1110 340 1258 512 0
6154 1 1110 338 1258 512 0
6155 1 1108 336 1262 512 0
6156 1 1106 334 1260 512 0
6157 1 1108 334 1260 510 0
6158 1 1106 334 1262 514 0
6159 1 1108 336 1264 516 0
6160 1 1110 338 1262 518 0
6161 1 1112 338 1262 514 0
6162 1 1112 340 1264 514 0
6163 1 1114 342 1266 520 0
6164 1 1114 342 1268 522 0
6165 1 1116 344 1268 520 0
6166 1 1118 342 1272 524 0
6167 1 1120 344 1268 522 0
6168 1 1120 344 1270 522 0
6169 1 1120 342 1270 518 0
6170 1 1118 342 1268 518 0
6171 1 1120 340 1270 516 0
6172 1 1122 340 1268 516 0
6173 1 1122 340 1270 520 0
6174 1 1122 342 1272 520 0
6175 1 1126 340 1272 518 0
6176 1 1130 342 1274 522 0
6177 1 1130 342 1274 518 0
6178 1 1130 340 1276 514 0
6179 1 1128 340 1272 516 0
6180 1 1126 338 1274 516 0
6181 1 1122 336 1272 514 0
6182 1 1122 340 1272 516 0
6183 1 1124 340 1272 516 0
6184 1 1128 340 1274 520 0
6185 1 1130 340 1274 518 0
6186 1 1130 340 1274 518 0
6187 1 1132 338 1276 518 0
6188 1 1132 340 1276 520 0
6189 1 1132 340 1278 522 0
6190 1 1132 340 1280 522 0
6191 1 1136 340 1278 522 0
6192 1 1136 342 1280 524 0
6193 1 1138 344 1286 528 0
6194 1 1138 344 1284 528 0
6195 1 1138 344 1284 524 0
6196 1 1138 344 1288 526 0
6197 1 1140 344 1290 526 0
6198 1 1144 344 1290 526 0
6199 1 1144 344 1292 526 0
6200 1 1146 344 1292 524 0
6201 1 1148 342 1294 524 0
6202 1 1150 344 1296 524 0
6203 1 1150 344 1302 526 0
6204 1 1150 344 1300 524 0
6205 1 1152 344 1300 526 0
6206 1 1146 350 1312 520 0
6207 1 1154 342 1302 524 0
6208 1 1156 342 1302 524 0
6209 1 1156 344 1302 526 0
6210 1 1156 344 1304 526 0
6211 1 1158 344 1306 522 0
6212 1 1158 344 1304 524 0
6213 1 1158 344 1304 522 0
6214 1 1158 342 1304 522 0
6215 1 1158 342 1306 522 0
6216 1 1156 344 1304 524 0
6217 1 1146 348 1312 520 0
6218 1 1152 348 1304 528 0
6219 1 1146 350 1312 522 0
6220 1 1146 352 1310 522 0
6221 1 1146 352 1310 524 0
6222 1 1146 350 1310 520 0
6223 1 1144 350 1312 520 0
6224 1 1144 350 1310 518 0
6225 1 1144 352 1306 520 0
6226 1 1160 354 1309 522 0
6227 1 1148 352 1302 532 0
6228 1 1144 356 1306 520 0
6229 1 1144 358 1306 522 0
6230 1 1144 358 1304 518 0
6231 1 1144 358 1304 514 0
6232 1 1142 356 1306 516 0
6233 1 1144 356 1304 516 0
6234 1 1144 354 1302 512 0
6235 1 1144 356 1302 512 0
6236 1 1144 356 1304 512 0
6237 1 1142 358 1304 514 0
6238 1 1146 356 1304 516 0
6239 1 1146 358 1304 516 0
6240 1 1144 358 1304 518 0
6241 1 1144 358 1306 516 0
6242 1 1144 358 1304 516 0
6243 1 1142 358 1302 512 0
6244 1 1140 362 1302 512 0
6245 1 1140 362 1302 516 0
6246 1 1140 364 1300 514 0
6247 1 1140 366 1300 516 0
6248 1 1134 360 1290 536 0
6249 1 1138 368 1298 512 0
6250 1 1136 360 1290 538 0
6251 1 1132 360 1290 538 0
6252 1 1134 362 1290 540 0
6253 1 1132 362 1290 540 0
6254 1 1132 362 1290 540 0
6255 1 1130 364 1290 542 0
6256 1 1130 364 1290 542 0
6257 1 1128 366 1294 544 0
6258 1 1128 366 1292 542 0
6259 1 1128 366 1290 544 0
6260 1 1128 366 1292 546 0
6261 1 1126 370 1292 548 0
6262 1 1126 370 1292 546 0
6263 1 1126 372 1294 550 0
6264 1 1128 372 1294 546 0
6265 1 1128 372 1296 548 0
6266 1 1128 372 1296 548 0
6267 1 1130 370 1298 550 0
6268 1 1130 372 1302 550 0
6269 1 1134 378 1308 566 0
6270 1 1132 380 1312 568 0
6271 1 1130 394 1316 564 0
6272 1 1136 386 1310 572 0
6273 1 1134 394 1316 562 0
6274 1 1132 396 1314 560 0
6275 1 1136 400 1318 562 0
6276 1 1134 404 1316 566 1
6277 1 1138 404 1314 562 1
6278 1 1140 406 1320 568 1
6279 1 1136 410 1326 572 1
6280 1 1144 416 1316 568 1
6281 1 1140 424 1328 580 1
6282 1 1154 432 1328 596 1
6283 1 1158 444 1324 600 1
6284 1 1162 454 1326 614 1
6285 1 1162 464 1322 614 1
6286 1 1160 464 1332 634 1
6287 1 1166 470 1328 634 1
6288 1 1150 478 1346 638 1
6289 1 1163 480 1339 641 1
6290 1 1156 484 1320 638 1
6291 1 1142 482 1328 646 1
6292 1 1138 492 1325 654 1
6293 1 1132 496 1313 656 1
6294 1 1128 502 1316 658 1
6295 1 1128 504 1313 658 1
6296 1 1132 525 1320 661 1
6297 1 1132 517 1323 657 1
6298 1 1140 493 1316 643 1
6299 1 1144 476 1333 625 1
6300 1 1152 476 1316 607 1
6301 1 1156 471 1321 591 1
6302 1 1158 447 1316 575 1
6303 1 1158 438 1330 563 1
6304 1 1158 421 1316 557 1
6305 1 1158 436 1328 551 1
6306 1 1166 426 1327 575 1
6307 1 1170 402 1378 570 1
6308 1 1178 396 1384 566 1
6309 1 1180 392 1386 562 1
6310 1 1211 388 1385 540 1
6311 1 1221 353 1419 515 1
6312 1 1248 310 1421 494 1
6313 1 1263 296 1421 464 1
6314 1 1263 241 1472 414 1
6315 1 1287 209 1498 371 1
6316 1 1301 173 1521 363 1
6317 1 1346 116 1542 292 1
6318 1 1362 76 1560 254 1
6319 1 1400 22 1606 208 1
6320 1 1428 4 1631 189 1
6321 1 1442 4 1631 164 1
6322 1 1446 4 1638 130 1
6323 1 1446 4 1641 89 1
6324 1 1478 4 1648 63 1
6561 1 1517 0 1671 59 0
6562 1 1524 0 1677 68 0
6563 1 1531 0 1683 77 0
6564 1 1538 0 1689 86 0
6565 1 1562 0 1689 95 0
6566 1 1592 0 1753 102 0
6567 1 1613 0 1756 97 0
6568 1 1657 0 1805 97 0
6569 1 1681 0 1856 108 0
6570 1 1710 0 1876 105 0
6571 1 1756 0 1876 114 0
6572 1 1756 0 1878 129 0
6573 1 1725 0 1878 131 0
6574 1 1726 0 1874 143 0
6575 1 1727 0 1871 154 0
6576 1 1722 0 1867 151 0
6577 1 1717 0 1863 148 0
6578 1 1713 0 1860 144 0
6579 1 1708 0 1856 141 0
6580 1 1700 0 1855 143 0
6581 1 1693 0 1856 146 0
6582 1 1695 0 1856 151 0
6583 1 1696 0 1855 156 0
6584 1 1698 0 1855 161 0
6585 1 1700 0 1856 166 0
6586 1 1702 0 1856 171 0
6587 1 1704 0 1856 176 0
6588 1 1706 0 1856 181 0
6589 1 1708 0 1856 185 0
6590 1 1710 0 1856 190 0
6591 1 1711 0 1855 195 0
6592 1 1711 21 1855 196 0
6593 1 1718 25 1860 198 0
6594 1 1724 29 1864 200 0
6595 1 1730 33 1867 202 0
6596 1 1736 37 1871 204 0
6597 1 1743 41 1876 206 0
6598 1 1749 45 1880 209 0
6599 1 1755 49 1883 211 0
6600 1 1761 53 1887 213 0
6601 1 1768 57 1892 215 0
6602 1 1769 61 1891 219 0
6603 1 1770 65 1890 224 0
6604 1 1771 69 1889 228 0
6605 1 1772 73 1888 232 0
6606 1 1773 77 1887 237 0
6607 1 1774 81 1885 241 0
6608 1 1775 85 1884 245 0
6609 1 1776 89 1889 249 0
6610 1 1777 93 1894 252 0
6611 1 1778 97 1898 256 0
6612 1 1780 101 1904 259 0
6613 1 1788 106 1907 259 0
6614 1 1796 110 1910 258 0
6615 1 1804 115 1914 258 0
6616 1 1812 120 1917 257 0
6617 1 1825 120 1917 269 0
6618 1 1837 120 1917 280 0
6619 1 1839 114 1917 272 0
6620 1 1840 109 1917 265 0
6621 1 1841 103 1917 257 0
6622 1 1842 97 1917 249 0
6623 1 1843 92 1916 242 0
6624 1 1845 86 1917 234 0
6625 1 1846 81 1917 227 0
6626 1 1856 43 1917 211 0
6627 1 1856 30 1918 200 0
6628 1 1856 18 1919 190 0
6629 1 1856 18 1919 150 0
6630 1 1856 0 1919 120 0
6631 1 1856 0 1918 97 0
6632 1 1856 0 1917 74 0
6633 1 1856 0 1917 73 0
6634 1 1855 0 1916 72 0
6635 1 1855 0 1916 72 0
6636 1 1855 0 1916 71 0
6637 1 1854 0 1915 70 0
6638 1 1837 1 1915 88 0
6639 1 1820 2 1914 107 0
6640 1 1803 1 1915 122 0
6641 1 1785 0 1914 137 0
6642 1 1768 0 1914 151 0
6643 1 1751 0 1914 166 0
6644 1 1745 0 1905 173 0
6645 1 1739 0 1895 179 0
6646 1 1713 0 1881 207 0
6647 1 1697 13 1863 227 0
6648 1 1681 28 1846 249 0
6649 1 1666 48 1831 269 0
6650 1 1652 69 1817 290 0
6651 1 1638 69 1801 283 0
6652 1 1625 69 1786 277 0
6653 1 1611 70 1770 271 0
6654 1 1597 70 1754 265 0
6655 1 1584 70 1738 259 0
6656 1 1573 60 1727 249 0
6657 1 1562 51 1716 240 0
6658 1 1551 41 1705 230 0
6659 1 1540 31 1694 220 0
6660 1 1529 21 1683 210 0
6661 1 1527 14 1681 203 0
6662 1 1526 6 1680 195 0
6663 1 1524 0 1678 188 0
6664 1 1519 1 1667 170 0
6665 1 1514 4 1655 153 0
6666 1 1500 0 1637 132 0
6667 1 1500 0 1631 115 0
6668 1 1500 0 1619 117 0
6669 1 1485 0 1612 91 0
6670 1 1480 0 1610 95 0
6671 1 1475 0 1608 99 0
6672 1 1471 0 1607 103 0
6673 1 1466 0 1605 107 0
6674 1 1461 0 1604 110 0
6675 1 1432 3 1575 108 0
6676 1 1404 5 1547 106 0
6677 1 1370 5 1514 101 0
6678 1 1335 4 1479 95 0
6679 1 1301 4 1445 90 0
6680 1 1271 3 1411 90 0
6681 1 1241 2 1377 90 0
6682 1 1207 0 1365 91 0
6683 1 1178 2 1321 83 0
6684 1 1163 0 1314 74 0
6685 1 1148 0 1299 74 0
6686 1 1136 0 1273 68 0
6687 1 1124 0 1248 61 0
6688 1 1114 0 1247 62 0
6689 1 1105 0 1248 63 0
6690 1 1105 0 1248 65 0
6691 1 1105 0 1249 66 0
6692 1 1105 0 1249 68 0
6693 1 1105 0 1250 70 0
6694 1 1105 0 1250 72 0
6695 1 1105 0 1251 74 0
6696 1 1102 0 1252 79 0
6697 1 1113 0 1266 87 0
6698 1 1125 0 1282 94 0
6699 1 1136 0 1297 102 0
6700 1 1148 0 1313 108 0
6701 1 1177 0 1342 108 0
6702 1 1206 0 1371 108 0
6703 1 1241 0 1406 108 0
6704 1 1260 4 1425 112 0
6705 1 1279 7 1444 115 0
6706 1 1308 2 1473 110 0
6707 1 1337 2 1507 121 0
6708 1 1366 0 1536 116 0
6709 1 1400 0 1553 101 0
6710 1 1451 0 1590 75 0
6711 1 1483 0 1631 72 0
6712 1 1527 0 1630 65 0
6713 1 1546 0 1661 69 0
6714 1 1587 0 1687 81 0
6715 1 1587 0 1723 86 0
6716 1 1628 0 1747 94 0
6717 1 1643 0 1767 103 0
6718 1 1659 0 1782 105 0
6719 1 1674 0 1796 108 0
6720 1 1691 0 1822 121 0
6721 1 1725 0 1847 125 0
6722 1 1747 0 1847 127 0
6723 1 1768 0 1882 142 0
6724 1 1781 0 1908 147 0
6725 1 1793 0 1912 151 0
6726 1 1804 0 1915 155 0
6727 1 1815 0 1918 159 0
6728 1 1836 0 1919 162 0
6729 1 1847 0 1919 167 0
6730 1 1858 0 1919 173 0
6731 1 1858 0 1921 123 0
6826 1 1350 0 1472 57 1
6827 1 1350 0 1504 74 1
6828 1 1350 0 1545 84 1
6829 1 1407 0 1580 104 1
6830 1 1411 0 1596 106 1
6831 1 1415 0 1612 108 1
6832 1 1439 0 1619 106 1
6833 1 1463 0 1626 104 1
6834 1 1483 0 1637 87 1
6835 1 1517 0 1651 69 1
6872 1 1795 0 1917 117 1
6873 1 1790 0 1917 138 1
6874 1 1785 0 1917 160 1
6875 1 1781 0 1918 181 1
6876 1 1776 0 1919 202 0
6877 1 1754 0 1919 200 0
6878 1 1740 0 1918 206 0
6879 1 1716 0 1918 211 0
6880 1 1699 0 1918 216 0
6881 1 1669 0 1878 223 0
6882 1 1648 0 1877 217 0
6883 1 1630 0 1878 221 0
6884 1 1630 0 1849 240 0
6885 1 1613 0 1836 252 0
6886 1 1596 0 1837 262 0
6887 1 1596 0 1812 258 0
6888 1 1568 0 1792 258 0
6889 1 1554 30 1744 290 0
6890 1 1552 42 1742 314 0
6891 1 1552 26 1732 313 0
6892 1 1560 50 1724 329 0
6893 1 1548 76 1720 338 0
6894 1 1540 86 1710 344 0
6895 1 1528 92 1708 350 0
6896 1 1548 104 1724 354 0
6897 1 1552 102 1732 368 0
6898 1 1556 108 1730 364 0
6899 1 1550 102 1730 372 0
6900 1 1542 106 1728 384 0
6901 1 1548 130 1724 398 0
6902 1 1548 134 1724 406 0
6903 1 1542 146 1720 398 0
6904 1 1542 134 1718 388 0
6905 1 1544 130 1724 374 0
6906 1 1546 128 1720 360 0
6907 1 1544 110 1722 336 0
6908 1 1540 92 1718 322 0
6909 1 1542 96 1726 326 0
6910 1 1556 100 1736 320 0
6911 1 1578 94 1750 316 0
6912 1 1572 92 1752 316 0
6913 1 1572 88 1752 316 1
6914 1 1574 86 1750 320 1
6915 1 1574 96 1748 328 1
6916 1 1574 114 1752 348 1
6917 1 1580 136 1756 362 1
6918 1 1588 154 1756 378 1
6919 1 1580 162 1752 386 1
6920 1 1572 166 1748 392 1
6921 1 1606 188 1766 402 1
6922 1 1572 178 1740 396 1
6923 1 1558 182 1738 390 1
6924 1 1550 186 1730 402 1
6925 1 1550 212 1722 420 1
6926 1 1556 226 1720 444 1
6927 1 1560 224 1728 446 1
6928 1 1562 226 1732 448 1
6929 1 1566 238 1736 462 1
6930 1 1568 252 1736 478 1
6931 1 1572 272 1736 498 1
6932 1 1574 284 1732 508 1
6933 1 1574 300 1732 530 1
6934 1 1572 296 1740 528 1
6935 1 1570 296 1738 520 1
6936 1 1560 300 1734 520 1
6937 1 1552 304 1730 526 1
6938 1 1550 302 1724 526 1
6939 1 1554 300 1722 532 1
6940 1 1550 300 1720 530 1
6941 1 1550 300 1716 530 1
6942 1 1546 294 1716 524 1
6943 1 1544 298 1714 526 1
6944 1 1544 298 1716 526 1
6945 1 1550 316 1714 540 1
6946 1 1548 332 1718 556 1
6947 1 1550 332 1718 566 1
6948 1 1552 334 1722 566 1
6949 1 1550 320 1720 556 1
6950 1 1548 316 1716 548 1
6951 1 1542 322 1716 554 1
6952 1 1536 324 1714 552 1
6953 1 1538 330 1714 560 1
6954 1 1544 334 1716 562 1
6955 1 1552 346 1718 576 1
6956 1 1558 362 1714 588 0
6957 1 1558 360 1722 592 0
6958 1 1564 356 1728 588 0
6959 1 1570 334 1736 562 0
6960 1 1576 302 1742 538 0
6961 1 1582 276 1742 516 0
6962 1 1576 256 1738 498 0
6963 1 1566 236 1736 482 0
6964 1 1562 244 1738 492 0
6965 1 1560 244 1740 490 0
6966 1 1564 246 1742 492 0
6967 1 1564 242 1740 488 0
6968 1 1568 244 1742 492 0
6969 1 1570 244 1742 488 0
6970 1 1572 242 1742 488 0
6971 1 1570 238 1742 486 0
6972 1 1572 238 1746 482 0
6973 1 1578 232 1746 482 0
6974 1 1576 222 1748 468 0
6975 1 1576 222 1744 466 0
6976 1 1576 220 1742 462 0
6977 1 1572 216 1742 452 0
6978 1 1570 214 1740 452 0
6979 1 1572 210 1742 446 0
6980 1 1570 210 1736 444 0
6981 1 1566 202 1734 440 0
6982 1 1562 198 1728 430 0
6983 1 1554 178 1728 408 0
6984 1 1562 158 1715 416 0
6985 1 1546 144 1695 413 0
6986 1 1553 120 1701 373 0
6987 1 1539 62 1693 334 0
6988 1 1533 18 1710 309 0
6989 1 1558 18 1709 275 0
6990 1 1555 0 1699 212 0
6991 1 1555 0 1704 148 0
6992 1 1577 0 1716 107 0
7099 1 1732 0 1863 61 0
7100 1 1732 0 1863 61 0
7437 1 957 0 1178 62 1
7438 1 957 0 1183 85 1
7439 1 957 0 1188 108 1
7440 1 957 0 1193 132 1
7441 1 957 0 1193 147 1
7442 1 959 3 1224 154 1
7443 1 960 8 1255 162 1
7444 1 984 4 1207 184 1
7445 1 982 2 1214 186 1
7446 1 980 0 1207 183 1
7447 1 980 0 1200 183 1
7448 1 978 0 1229 195 1
7449 1 976 0 1231 190 1
7450 1 976 0 1202 183 1
7451 1 978 0 1203 188 1
7452 1 981 0 1205 193 1
7453 1 984 0 1207 198 1
7454 1 986 0 1208 203 1
7455 1 989 0 1210 208 1
7456 1 992 0 1212 213 1
7457 1 995 0 1214 218 1
7458 1 997 0 1215 224 1
7459 1 1000 0 1217 229 1
7460 1 1003 0 1219 234 1
7461 1 1009 0 1224 238 1
7462 1 1015 0 1229 242 1
7463 1 1022 0 1234 246 1
7464 1 1038 1 1250 247 1
7465 1 1054 2 1266 248 1
7466 1 1054 2 1275 240 1
7467 1 1054 2 1283 231 1
7468 1 1054 2 1292 223 1
7469 1 1060 3 1309 216 1
7470 1 1066 4 1326 210 1
7471 1 1068 6 1330 218 1
7472 1 1058 10 1330 226 0
7473 1 1054 12 1336 238 0
7474 1 1054 6 1336 232 0
7475 1 1054 4 1330 224 0
7476 1 1056 0 1322 214 0
7477 1 1022 0 1306 204 0
7478 1 1024 0 1306 206 0
7479 1 1026 0 1306 208 0
7480 1 1058 8 1324 220 0
7481 1 1058 8 1332 230 0
7482 1 1054 10 1334 234 0
7483 1 1052 10 1330 236 0
7484 1 1052 12 1332 234 0
7485 1 1048 8 1332 228 0
7486 1 1028 0 1306 234 0
7487 1 1026 0 1300 232 0
7488 1 1030 0 1296 236 0
7489 1 1028 4 1298 244 0
7490 1 1028 6 1294 242 0
7491 1 1030 8 1296 246 0
7492 1 1032 10 1296 248 0
7493 1 1034 8 1296 246 0
7494 1 1046 12 1352 260 0
7495 1 1056 14 1358 260 0
7496 1 1064 12 1358 266 0
7497 1 1080 16 1368 260 0
7498 1 1104 8 1370 248 0
7499 1 1110 12 1366 236 0
7500 1 1144 28 1367 256 0
7501 1 1104 38 1372 250 0
7502 1 1112 18 1360 237 0
7503 1 1114 18 1366 250 0
7504 1 1132 26 1367 261 0
7505 1 1154 30 1396 271 0
7506 1 1170 38 1436 278 0
7507 1 1188 46 1448 288 0
7508 1 1210 74 1504 312 0
7509 1 1244 88 1478 310 0
7510 1 1284 112 1521 324 0
7511 1 1328 128 1534 345 0
7512 1 1376 156 1600 372 0
7513 1 1412 164 1633 387 0
7514 1 1448 164 1657 401 0
7515 1 1470 168 1693 408 0
7516 1 1502 176 1716 425 0
7517 1 1518 178 1728 431 0
7518 1 1540 184 1745 423 0
7519 1 1560 180 1769 431 0
7520 1 1580 178 1785 426 0
7521 1 1594 169 1798 397 0
7522 1 1604 158 1820 402 0
7523 1 1624 156 1817 384 0
7524 1 1652 160 1825 402 0
7525 1 1663 167 1833 395 0
7526 1 1664 145 1834 373 0
7527 1 1686 166 1852 365 0
7528 1 1691 154 1859 363 0
7529 1 1701 145 1874 368 0
7530 1 1712 130 1898 356 0
7531 1 1726 147 1892 353 0
7532 1 1745 125 1911 363 0
7533 1 1747 115 1920 354 0
7534 1 1764 109 1917 363 0
7535 1 1793 123 1919 352 0
7536 1 1795 85 1921 339 0
7537 1 1795 115 1921 353 0
7538 1 1815 91 1915 373 0
7539 1 1829 86 1919 377 0
7540 1 1837 86 1919 374 0
7541 1 1846 86 1919 372 0
7542 1 1846 86 1919 359 0
7543 1 1846 86 1919 347 0
7544 1 1846 86 1919 335 0
7545 1 1846 86 1919 323 0
7546 1 1846 86 1919 310 0
7547 1 1851 86 1917 300 0
7548 1 1856 86 1915 290 0
7549 1 1856 86 1915 290 0
7598 1 1865 0 1919 115 0
7599 1 1843 0 1919 108 0
7600 1 1820 0 1918 100 0
7601 1 1798 0 1918 95 0
7602 1 1780 0 1906 91 0
7603 1 1762 0 1894 88 0
7604 1 1747 0 1895 95 0
7605 1 1723 0 1850 91 0
7606 1 1701 0 1840 86 0
7607 1 1682 0 1840 105 0
7608 1 1648 0 1797 120 0
7609 1 1619 0 1797 146 0
7610 1 1601 0 1776 144 0
7611 1 1570 0 1745 174 0
7612 1 1538 0 1725 201 0
7613 1 1530 0 1710 206 0
7614 1 1507 0 1707 213 0
7615 1 1504 2 1710 242 0
7616 1 1468 4 1685 254 0
7617 1 1476 0 1672 280 0
7618 1 1466 7 1672 272 0
7619 1 1462 26 1660 290 0
7620 1 1463 32 1675 280 0
7621 1 1460 23 1665 292 0
7622 1 1437 26 1655 288 0
7623 1 1439 22 1661 297 0
7624 1 1437 22 1671 295 0
7625 1 1464 8 1664 276 0
7626 1 1454 4 1686 273 0
7627 1 1473 20 1681 258 0
7628 1 1481 22 1683 263 0
7629 1 1483 22 1689 258 0
7630 1 1502 20 1699 258 0
7631 1 1502 20 1705 258 0
7632 1 1500 12 1711 253 0
7633 1 1497 2 1709 246 0
7634 1 1521 0 1711 241 0
7635 1 1510 0 1701 227 0
7636 1 1516 0 1705 220 0
7637 1 1522 0 1709 220 0
7638 1 1529 2 1715 213 0
7639 1 1527 0 1711 205 0
7640 1 1527 0 1709 196 0
7641 1 1527 0 1710 190 0
7642 1 1527 0 1710 183 0
7643 1 1527 0 1712 167 0
7644 1 1527 0 1714 152 0
7645 1 1527 0 1707 130 0
7646 1 1527 0 1710 94 0
7647 1 1568 0 1683 65 0
7700 1 1265 0 1409 53 0
7701 1 1218 0 1395 101 0
7702 1 1149 0 1370 145 0
7703 1 1091 0 1344 166 0
7704 1 1063 0 1311 212 0
7705 1 1039 0 1311 218 0
7706 1 1039 0 1274 261 0
7707 1 1022 7 1268 257 0
7708 1 1006 16 1264 254 0
7709 1 996 24 1256 258 0
7710 1 996 26 1243 293 0
7711 1 1018 24 1255 297 0
7712 1 1022 22 1270 321 0
7713 1 1024 16 1284 319 0
7714 1 1028 10 1274 310 0
7715 1 1014 8 1264 288 0
7716 1 1006 0 1258 260 0
7717 1 988 0 1248 247 0
7718 1 955 0 1227 206 0
7719 1 955 0 1224 170 0
7720 1 955 0 1225 144 0
7721 1 955 0 1220 120 0
7722 1 955 0 1215 81 0
7723 1 1000 0 1170 57 0
8165 1 1846 0 1917 141 0
8166 1 1842 5 1918 156 0
8167 1 1838 10 1919 171 0
8168 1 1832 0 1916 191 0
8169 1 1828 21 1917 187 0
8170 1 1824 28 1919 179 0
8171 1 1818 36 1921 186 0
8172 1 1817 44 1919 191 0
8173 1 1814 30 1921 203 0
8174 1 1812 40 1919 207 0
8175 1 1808 40 1915 199 0
8176 1 1804 44 1915 209 0
8177 1 1802 48 1915 199 0
8178 1 1798 54 1901 201 0
8179 1 1776 77 1898 207 0
8180 1 1774 80 1898 216 0
8181 1 1752 83 1874 226 0
8182 1 1750 112 1872 248 0
8183 1 1764 110 1860 246 0
8184 1 1750 114 1872 242 0
8185 1 1754 92 1846 232 0
8186 1 1766 100 1862 244 0
8187 1 1784 98 1880 248 0
8188 1 1804 102 1900 254 0
8189 1 1822 106 1910 260 0
8190 1 1836 104 1922 256 0
8191 1 1849 104 1921 240 0
8192 1 1862 104 1921 224 0
8193 1 1876 104 1921 224 0
8351 1 1451 0 1538 50 0
8352 1 1451 0 1544 49 0
8353 1 1451 0 1550 48 0
8354 1 1451 0 1555 47 0
8355 1 1451 0 1561 46 0
8356 1 1451 0 1553 46 0
8357 1 1451 0 1571 46 0
8358 1 1463 0 1571 46 0
8359 1 1469 0 1576 46 0
8360 1 1476 0 1582 46 0
8361 1 1482 0 1588 46 0
8362 1 1482 0 1597 50 0
8363 1 1482 0 1607 53 0
8364 1 1482 0 1617 57 0
8365 1 1482 0 1627 60 0
8366 1 1482 0 1633 70 0
8367 1 1482 0 1640 73 0
8368 1 1482 0 1647 75 0
8369 1 1482 0 1663 87 0
8370 1 1498 0 1663 95 0
8371 1 1514 0 1663 103 0
8372 1 1505 0 1663 108 0
8373 1 1495 0 1663 112 0
8374 1 1485 0 1663 117 0
8375 1 1476 0 1664 122 0
8376 1 1476 0 1653 136 0
8377 1 1476 0 1650 153 0
8378 1 1476 0 1647 171 0
8379 1 1476 0 1645 175 0
8380 1 1476 0 1643 180 0
8381 1 1476 0 1641 185 0
8382 1 1476 0 1639 190 0
8383 1 1476 0 1637 194 0
8384 1 1476 0 1635 199 0
8385 1 1476 0 1632 205 0
8386 1 1476 0 1629 210 0
8387 1 1476 0 1627 216 0
8388 1 1466 0 1626 220 0
8389 1 1457 0 1626 224 0
8390 1 1457 0 1610 222 0
8391 1 1431 0 1610 220 0
8392 1 1431 0 1596 226 0
8393 1 1414 0 1595 228 0
8394 1 1410 0 1591 230 0
8395 1 1406 2 1587 232 0
8396 1 1402 5 1583 235 0
8397 1 1398 7 1579 237 0
8398 1 1394 10 1575 240 0
8399 1 1390 13 1571 243 0
8400 1 1386 15 1567 245 0
8401 1 1386 14 1566 240 0
8402 1 1387 13 1566 235 0
8403 1 1387 12 1565 230 0
8404 1 1388 11 1565 225 0
8405 1 1388 10 1564 220 0
8406 1 1389 9 1564 215 0
8407 1 1389 8 1563 210 0
8408 1 1390 7 1563 205 0
8409 1 1390 1 1557 195 0
8410 1 1390 1 1555 184 0
8411 1 1382 1 1547 181 0
8412 1 1375 0 1541 176 0
8413 1 1368 0 1534 172 0
8414 1 1360 0 1527 169 0
8415 1 1353 0 1520 164 0
8416 1 1353 0 1496 164 0
8417 1 1332 0 1495 156 0
8418 1 1332 0 1466 136 0
8419 1 1317 0 1467 136 0
8420 1 1302 0 1467 136 0
8421 1 1283 0 1466 146 0
8422 1 1263 0 1446 144 0
8423 1 1263 0 1428 171 0
8424 1 1255 3 1420 176 0
8425 1 1243 5 1408 178 0
8426 1 1234 9 1399 182 0
8427 1 1225 6 1390 179 0
8428 1 1216 3 1381 176 0
8429 1 1207 0 1372 173 0
8430 1 1198 0 1363 171 0
8431 1 1199 0 1368 171 0
8432 1 1200 0 1374 172 0
8433 1 1200 0 1374 176 0
8434 1 1204 6 1378 192 0
8435 1 1214 16 1380 206 0
8436 1 1214 24 1384 212 0
8437 1 1226 32 1396 222 0
8438 1 1228 44 1398 240 0
8439 1 1242 58 1410 260 0
8440 1 1246 64 1418 264 0
8441 1 1248 58 1424 262 0
8442 1 1248 54 1426 264 0
8443 1 1248 58 1428 268 0
8444 1 1250 62 1428 268 0
8445 1 1254 72 1420 280 0
8446 1 1256 74 1424 280 0
8447 1 1256 74 1418 278 0
8448 1 1248 60 1424 268 0
8449 1 1258 76 1416 276 0
8450 1 1260 76 1414 276 0
8451 1 1252 54 1426 264 0
8452 1 1258 30 1426 244 0
8453 1 1268 0 1422 223 0
8454 1 1290 0 1428 166 0
8455 1 1306 0 1457 109 0
8509 1 1290 0 1402 91 0
8510 1 1269 1 1393 135 0
8511 1 1261 0 1377 160 0
8512 1 1230 3 1360 178 0
8513 1 1230 11 1342 186 0
8514 1 1216 26 1345 201 0
8515 1 1210 44 1338 200 0
8516 1 1214 30 1339 199 0
8517 1 1216 44 1342 196 0
8518 1 1204 36 1330 214 0
8519 1 1200 68 1336 218 0
8520 1 1194 66 1328 214 0
8521 1 1186 34 1326 213 0
8522 1 1192 62 1330 216 0
8523 1 1196 44 1326 220 0
8524 1 1200 42 1339 222 0
8525 1 1204 42 1339 205 0
8526 1 1210 44 1339 214 0
8527 1 1208 44 1349 220 0
8528 1 1210 48 1343 228 0
8529 1 1216 54 1345 232 0
8530 1 1218 68 1337 230 0
8531 1 1218 82 1349 256 0
8532 1 1216 96 1341 267 0
8533 1 1206 100 1337 265 0
8534 1 1204 110 1335 281 0
8535 1 1196 112 1320 293 0
8536 1 1194 116 1328 291 0
8537 1 1198 122 1330 301 0
8538 1 1194 138 1330 294 0
8539 1 1196 144 1328 300 0
8540 1 1200 148 1318 322 0
8541 1 1198 144 1328 324 0
8542 1 1198 140 1332 324 0
8543 1 1204 138 1334 296 0
8544 1 1204 122 1338 299 0
8545 1 1214 114 1340 294 0
8546 1 1216 100 1340 282 0
8547 1 1220 92 1356 262 0
8548 1 1232 78 1356 252 0
8549 1 1234 58 1347 242 0
8550 1 1236 38 1367 222 0
8551 1 1246 4 1373 187 0
8552 1 1258 0 1379 169 0
8553 1 1258 0 1388 136 0
8554 1 1272 0 1402 136 0
8555 1 1286 0 1416 122 0
8556 1 1310 0 1416 113 0
8557 1 1310 0 1430 99 0
8558 1 1322 0 1430 91 0
8559 1 1322 0 1446 75 0
8560 1 1335 0 1447 89 0
8561 1 1335 0 1459 75 0
8562 1 1345 0 1477 68 0
8563 1 1352 0 1477 66 0
8564 1 1359 0 1477 64 0
8565 1 1364 0 1481 68 0
8566 1 1369 0 1484 73 0
8567 1 1373 0 1487 77 0
8568 1 1373 0 1491 78 0
8569 1 1373 0 1494 79 0
8570 1 1373 0 1498 80 0
8571 1 1373 0 1501 81 0
8572 1 1384 0 1502 89 0
8573 1 1394 0 1508 79 0
8574 1 1408 0 1530 79 0
8575 1 1416 0 1534 69 0
8576 1 1424 0 1538 60 0
8577 1 1424 0 1532 64 0
8578 1 1424 0 1532 52 0
8579 1 1424 0 1531 57 0
8580 1 1424 0 1530 62 0
8581 1 1424 0 1530 66 0
8582 1 1408 0 1530 75 0
8583 1 1408 0 1512 75 0
8584 1 1379 0 1493 73 0
8585 1 1370 0 1493 77 0
8586 1 1361 0 1493 81 0
8587 1 1361 0 1479 101 0
8588 1 1337 0 1480 134 0
8589 1 1318 3 1461 154 0
8590 1 1312 1 1453 170 0
8591 1 1294 21 1435 190 0
8592 1 1281 38 1422 207 0
8593 1 1265 46 1406 215 0
8594 1 1253 64 1394 233 0
8595 1 1254 77 1383 245 0
8596 1 1256 89 1373 255 0
8597 1 1257 102 1379 269 0
8598 1 1259 115 1385 283 0
8599 1 1260 127 1391 295 0
8600 1 1262 140 1398 309 0
8601 1 1263 152 1404 321 0
8602 1 1275 162 1411 333 0
8603 1 1288 171 1419 344 0
8604 1 1300 181 1426 356 0
8605 1 1308 186 1434 357 0
8606 1 1315 191 1441 359 0
8607 1 1323 196 1449 360 0
8608 1 1331 201 1457 361 0
8609 1 1328 199 1452 358 0
8610 1 1324 196 1446 354 0
8611 1 1312 201 1426 368 0
8612 1 1312 201 1418 368 0
8613 1 1312 201 1410 368 0
8614 1 1290 201 1410 364 0
8615 1 1290 201 1390 350 0
8616 1 1288 201 1390 350 0
8617 1 1285 201 1389 350 0
8618 1 1283 201 1389 350 0
8619 1 1281 201 1389 350 0
8620 1 1279 201 1389 350 0
8621 1 1277 201 1389 350 0
8622 1 1271 185 1383 334 0
8623 1 1263 173 1375 322 0
8624 1 1262 161 1375 312 0
8625 1 1262 149 1376 303 0
8626 1 1261 137 1376 294 0
8627 1 1261 126 1377 286 0
8628 1 1260 114 1377 277 0
8629 1 1260 102 1378 268 0
8630 1 1259 90 1378 258 0
8631 1 1259 79 1379 250 0
8632 1 1255 69 1368 236 0
8633 1 1251 59 1357 223 0
8634 1 1247 49 1347 209 0
8635 1 1243 39 1349 198 0
8636 1 1238 29 1351 187 0
8637 1 1234 19 1354 176 0
8638 1 1228 10 1348 167 0
8639 1 1222 1 1342 158 0
8640 1 1216 1 1333 154 0
8641 1 1209 2 1323 151 0
8642 1 1203 2 1314 148 0
8643 1 1196 2 1308 144 0
8644 1 1190 2 1304 140 0
8645 1 1183 3 1298 137 0
8646 1 1177 3 1294 133 0
8647 1 1170 3 1288 129 0
8648 1 1164 4 1284 126 0
8649 1 1162 8 1282 130 0
8650 1 1162 8 1278 132 0
8651 1 1150 4 1270 128 0
8652 1 1138 4 1260 128 0
8653 1 1130 2 1250 126 0
8654 1 1118 10 1236 130 0
8655 1 1094 8 1214 134 0
8656 1 1078 8 1200 136 0
8657 1 1060 10 1180 138 0
8658 1 1054 14 1150 152 0
8659 1 1022 12 1144 142 0
8660 1 1006 10 1128 142 0
8661 1 984 8 1108 140 0
8662 1 976 12 1098 146 0
8663 1 980 8 1080 154 0
8664 1 962 22 1082 160 0
8665 1 952 24 1072 160 0
8666 1 938 36 1064 172 0
8667 1 924 40 1044 178 0
8668 1 908 48 1034 190 0
8669 1 904 42 1006 194 0
8670 1 880 48 1010 190 0
8671 1 870 48 996 188 0
8672 1 864 54 990 198 0
8673 1 860 70 986 204 0
8674 1 848 54 974 200 0
8675 1 844 66 974 206 0
8676 1 838 72 968 214 0
8677 1 830 72 960 216 0
8678 1 824 70 954 216 0
8679 1 822 72 948 216 0
8680 1 816 70 942 214 0
8681 1 816 68 942 214 0
8682 1 816 68 942 214 0
8683 1 816 66 942 210 0
8684 1 824 70 948 208 0
8685 1 824 66 950 208 0
8686 1 826 66 952 208 0
8687 1 828 66 956 208 0
8688 1 830 66 960 212 0
8689 1 832 66 962 212 0
8690 1 834 66 964 212 0
8691 1 838 70 968 214 0
8692 1 856 76 980 220 0
8693 1 888 78 992 234 0
8694 1 896 90 1020 234 0
8695 1 906 96 1036 254 0
8696 1 916 102 1044 254 0
8697 1 922 110 1052 264 0
8698 1 930 116 1056 266 0
8699 1 934 112 1060 270 0
8700 1 956 110 1058 270 0
8701 1 950 112 1080 260 0
8702 1 954 110 1084 262 0
8703 1 962 110 1090 264 0
8704 1 970 108 1094 272 0
8705 1 988 108 1090 272 0
8706 1 986 114 1112 266 0
8707 1 992 118 1116 272 0
8708 1 994 116 1118 270 0
8709 1 994 116 1120 272 0
8710 1 996 120 1118 276 0
8711 1 992 120 1116 274 0
8712 1 992 120 1116 272 0
8713 1 992 120 1116 272 0
8714 1 992 120 1116 274 0
8715 1 994 116 1116 268 0
8716 1 990 110 1114 262 0
8717 1 982 104 1110 256 0
8718 1 978 100 1108 248 0
8719 1 994 90 1096 254 0
8720 1 994 82 1094 244 0
8721 1 994 84 1092 242 0
8722 1 992 84 1092 242 0
8723 1 988 82 1086 244 0
8724 1 988 80 1088 244 0
8725 1 990 82 1088 246 0
8726 1 988 80 1086 246 0
8727 1 980 80 1084 244 0
8728 1 962 90 1082 234 0
8729 1 962 88 1082 232 0
8730 1 962 90 1082 234 0
8731 1 962 90 1080 234 0
8732 1 976 82 1076 232 0
8733 1 984 72 1086 232 0
8734 1 986 66 1086 222 0
8735 1 990 60 1088 218 0
8736 1 994 56 1092 214 0
8737 1 998 56 1096 212 0
8738 1 996 56 1096 212 0
8739 1 996 48 1094 206 0
8740 1 992 46 1090 204 0
8741 1 984 44 1082 204 0
8742 1 960 50 1082 194 0
8743 1 960 46 1062 198 0
8744 1 948 44 1046 192 0
8745 1 940 40 1040 198 0
8746 1 940 40 1044 194 0
8747 1 934 46 1036 198 0
8748 1 932 48 1034 196 0
8749 1 926 46 1026 198 0
8750 1 918 42 1030 183 0
8751 1 906 36 1004 184 0
8752 1 891 32 1003 173 0
8753 1 883 22 987 158 0
8754 1 873 2 981 156 0
8755 1 852 2 970 142 0
8756 1 840 2 948 136 0
8757 1 824 2 946 130 0
8758 1 818 0 940 120 0
8759 1 809 8 928 124 0
8760 1 800 16 916 128 0
8761 1 800 0 920 112 0
8762 1 805 0 922 112 0
8763 1 810 0 925 113 0
8764 1 815 0 927 114 0
8765 1 820 0 930 115 0
8766 1 820 0 933 111 0
8767 1 820 0 936 107 0
8768 1 836 0 956 105 0
8769 1 846 0 982 107 0
8770 1 867 0 983 107 0
8771 1 881 0 995 109 0
8772 1 897 0 1013 97 0
8773 1 905 0 1013 105 0
8774 1 916 0 1042 99 0
8775 1 944 0 1060 93 0
8776 1 961 0 1081 89 0
8777 1 989 0 1097 89 0
8778 1 1005 0 1119 89 0
8779 1 1024 0 1138 99 0
8780 1 1040 0 1164 97 0
8781 1 1040 0 1172 95 0
8782 1 1040 0 1181 93 0
8783 1 1052 0 1180 97 0
8784 1 1060 0 1181 101 0
8785 1 1067 0 1181 105 0
8786 1 1077 0 1205 124 0
8787 1 1089 0 1205 124 0
8788 1 1089 0 1221 122 0
8789 1 1095 0 1221 120 0
8790 1 1102 0 1222 117 0
8791 1 1105 0 1225 116 0
8792 1 1108 0 1228 115 0
8793 1 1111 0 1231 113 0
8794 1 1114 0 1234 112 0
8795 1 1117 0 1237 110 0
8796 1 1120 0 1240 109 0
8797 1 1123 0 1242 107 0
8798 1 1126 0 1245 106 0
8799 1 1129 0 1248 104 0
8800 1 1132 0 1251 103 0
8801 1 1135 0 1254 101 0
8802 1 1138 0 1272 105 0
8803 1 1157 0 1277 103 0
8804 1 1174 0 1295 101 0
8805 1 1191 0 1313 99 0
8806 1 1208 0 1334 89 0
8807 1 1217 0 1345 88 0
8808 1 1226 0 1356 87 0
8809 1 1233 0 1363 86 0
8810 1 1240 0 1370 85 0
8811 1 1247 0 1377 84 0
8812 1 1254 0 1384 84 0
8813 1 1261 0 1391 83 0
8814 1 1260 0 1386 78 0
8815 1 1259 0 1381 74 0
8816 1 1258 0 1376 69 0
8817 1 1257 1 1371 64 0
8818 1 1228 1 1346 60 1
8819 1 1228 1 1326 60 1
8820 1 1204 1 1293 58 1
8821 1 1189 1 1280 43 1
8916 1 1151 0 1255 62 0
8917 1 1134 12 1248 72 0
8918 1 1122 10 1236 90 0
8919 1 1120 12 1232 110 0
8920 1 1104 8 1232 124 0
8921 1 1090 10 1212 134 0
8922 1 1076 14 1196 142 0
8923 1 1060 18 1182 152 0
8924 1 1066 16 1166 166 0
8925 1 1068 30 1168 188 0
8926 1 1072 40 1171 177 0
8927 1 1074 46 1176 202 0
8928 1 1084 52 1188 210 0
8929 1 1084 70 1208 210 0
8930 1 1110 66 1208 218 0
8931 1 1118 66 1216 220 0
8932 1 1106 70 1232 216 0
8933 1 1110 70 1238 214 0
8934 1 1116 66 1235 220 0
8935 1 1114 70 1233 216 0
8936 1 1116 68 1229 209 0
8937 1 1099 64 1225 205 0
8938 1 1096 64 1226 208 0
8939 1 1102 66 1215 209 0
8940 1 1084 46 1206 203 0
8941 1 1066 46 1198 197 0
8942 1 1059 46 1175 203 0
8943 1 1034 48 1160 190 0
8944 1 1026 39 1130 187 0
8945 1 1002 41 1130 187 0
8946 1 990 42 1118 186 0
8947 1 970 42 1100 186 0
8948 1 946 40 1074 180 0
8949 1 942 34 1068 178 0
8950 1 934 23 1060 175 0
8951 1 924 21 1052 173 0
8952 1 918 28 1050 175 0
8953 1 911 32 1017 185 0
8954 1 901 34 1015 189 0
8955 1 903 34 1011 189 0
8956 1 901 24 1009 183 0
8957 1 883 24 1001 177 0
8958 1 873 2 999 175 0
8959 1 885 0 989 146 0
8960 1 862 0 989 134 0
8961 1 838 0 970 132 0
8962 1 822 0 940 120 0
8963 1 801 0 929 109 0
8964 1 789 0 913 99 0
8965 1 768 0 902 81 0
8966 1 768 0 884 60 1
8967 1 768 0 862 50 1
8983 1 858 0 970 54 1
8984 1 852 10 970 46 1
8985 1 850 8 966 52 1
8986 1 844 8 964 68 1
8987 1 836 10 964 80 1
8988 1 822 12 958 108 1
8989 1 822 8 956 120 1
8990 1 822 4 952 120 1
8991 1 822 4 958 134 1
8992 1 826 10 956 142 1
8993 1 828 8 956 148 1
8994 1 836 14 964 158 1
8995 1 844 16 970 172 1
8996 1 838 30 976 184 1
8997 1 838 30 972 192 1
8998 1 842 34 974 196 1
8999 1 848 30 980 188 1
