27 1 622 0 801 82 0
28 1 629 0 840 137 0
29 1 636 0 827 168 0
30 1 634 0 835 190 0
31 1 641 0 845 221 0
32 1 649 0 851 239 0
33 1 650 0 847 259 0
34 1 656 10 855 293 0
35 1 660 33 862 320 0
36 1 667 48 867 336 0
37 1 676 56 876 345 0
38 1 682 63 887 352 0
39 1 680 69 892 367 0
40 1 653 69 885 361 0
41 1 673 77 883 361 0
42 1 666 76 878 369 0
43 1 665 76 878 366 0
44 1 667 75 881 369 0
45 1 675 81 885 369 0
46 1 673 91 889 376 0
47 1 675 97 891 382 0
48 1 680 102 897 385 0
49 1 687 105 903 391 0
50 1 690 109 907 398 0
51 1 692 113 912 393 0
52 1 697 111 918 392 0
53 1 697 113 922 389 0
54 1 694 116 921 391 0
55 1 691 120 920 395 0
56 1 686 123 920 398 0
57 1 683 130 919 402 0
58 1 674 133 915 409 0
59 1 662 139 905 412 0
60 1 639 148 882 418 0
61 1 610 157 858 427 0
62 1 582 172 825 451 0
63 1 539 191 785 463 0
64 1 497 214 742 483 0
65 1 459 234 699 499 0
66 1 422 252 657 516 0
67 1 385 267 618 523 0
68 1 353 278 576 536 0
69 1 315 295 530 560 0
70 1 276 323 479 584 0
71 1 233 349 424 611 0
72 1 183 386 361 654 0
73 1 131 425 295 687 0
74 1 76 458 227 722 0
75 1 28 490 170 753 0
76 1 0 517 121 771 0
77 1 0 537 83 791 0
78 1 0 551 45 792 0
817 1 32 433 108 533 0
818 1 120 426 208 530 0
819 1 234 429 319 537 0
820 1 343 443 439 553 0
821 1 469 465 560 577 0
822 1 581 489 678 601 0
823 1 690 517 783 627 0
824 1 777 548 863 661 0
825 1 836 574 923 692 0
826 1 876 601 958 712 0
827 1 904 620 991 730 0
828 1 927 630 1007 743 0
829 1 943 642 1022 749 0
830 1 957 643 1037 745 0
831 1 966 638 1044 741 0
832 1 968 629 1046 735 0
833 1 964 621 1046 727 0
834 1 959 610 1040 711 0
835 1 948 596 1030 698 0
836 1 935 583 1017 685 0
837 1 919 568 999 674 0
838 1 898 555 979 658 0
839 1 884 547 960 649 0
840 1 861 541 941 646 0
841 1 843 542 925 645 0
842 1 830 547 911 649 0
843 1 818 556 898 656 0
844 1 808 566 887 666 0
845 1 795 578 877 678 0
846 1 784 588 865 693 0
847 1 770 604 853 704 0
848 1 755 614 838 715 0
849 1 738 625 819 724 0
850 1 714 633 794 734 0
851 1 684 638 766 738 0
852 1 647 638 729 739 0
853 1 611 637 694 738 0
854 1 584 637 664 738 0
855 1 561 636 642 739 0
856 1 546 637 628 740 0
857 1 535 636 617 741 0
858 1 528 633 611 740 0
859 1 524 630 606 737 0
860 1 519 624 601 729 0
861 1 519 615 599 721 0
862 1 518 605 600 713 0
863 1 522 600 603 707 0
864 1 529 598 611 704 0
865 1 540 598 622 702 0
866 1 558 597 640 705 0
867 1 574 602 656 709 0
868 1 590 604 675 712 0
869 1 609 606 694 716 0
870 1 627 612 716 721 0
871 1 646 615 733 726 0
872 1 663 619 750 731 0
873 1 677 625 766 738 0
874 1 692 633 780 744 0
875 1 703 637 792 754 0
876 1 718 643 807 759 0
877 1 736 650 816 774 0
878 1 742 651 833 766 0
879 1 755 651 849 769 0
880 1 766 650 861 769 0
881 1 778 651 872 768 0
882 1 788 649 881 766 0
883 1 791 648 887 770 0
884 1 798 649 893 771 0
885 1 798 651 896 773 0
886 1 800 652 897 776 0
887 1 801 655 901 780 0
888 1 801 654 901 780 0
889 1 801 654 901 780 0
890 1 801 655 901 781 0
891 1 798 654 901 784 0
892 1 798 652 898 783 0
893 1 794 649 899 780 0
894 1 790 647 894 779 0
895 1 789 644 893 775 0
896 1 783 639 895 776 0
897 1 784 637 888 773 0
898 1 781 634 886 774 0
899 1 776 633 885 775 0
900 1 776 633 885 776 0
901 1 774 634 886 777 0
902 1 774 634 887 778 0
903 1 777 633 888 781 0
904 1 776 631 891 780 0
905 1 776 629 893 778 0
906 1 778 625 896 776 0
907 1 775 619 897 772 0
908 1 776 612 898 765 0
909 1 783 603 893 761 0
910 1 774 600 900 752 0
911 1 786 598 895 750 0
912 1 788 586 899 743 1
913 1 791 581 903 734 1
914 1 797 574 906 730 1
915 1 802 566 917 727 1
916 1 808 557 926 720 1
917 1 813 549 930 714 1
918 1 820 541 941 710 1
919 1 826 531 950 703 1
920 1 832 520 954 697 1
921 1 839 507 962 685 0
922 1 845 493 970 674 0
923 1 849 478 977 660 0
924 1 852 463 983 649 0
925 1 854 451 987 638 0
926 1 854 441 990 635 0
927 1 852 434 991 630 0
928 1 851 428 992 628 0
929 1 850 424 991 624 0
930 1 844 418 990 623 0
931 1 843 416 988 621 0
932 1 840 414 987 625 0
933 1 838 415 986 628 0
934 1 835 417 985 632 0
935 1 834 420 984 637 0
936 1 830 418 983 639 0
937 1 827 418 984 645 0
938 1 827 416 978 645 0
939 1 821 417 975 643 0
940 1 816 415 969 638 0
941 1 811 409 965 636 0
942 1 802 405 958 629 0
943 1 796 401 953 627 0
944 1 793 395 947 621 0
945 1 789 392 941 617 0
946 1 785 387 939 618 0
947 1 781 383 938 616 0
948 1 779 381 935 617 0
949 1 778 376 934 614 0
950 1 774 375 935 611 0
951 1 773 372 930 610 0
952 1 769 366 929 611 0
953 1 764 354 929 601 0
954 1 761 332 927 576 0
955 1 753 289 918 532 0
956 1 745 225 911 477 0
957 1 730 156 895 411 0
958 1 709 75 880 326 0
959 1 691 0 863 237 0
960 1 668 0 844 143 0
961 1 676 0 786 65 0
2797 1 736 799 754 824 0
2798 1 765 821 785 849 0
2799 1 792 839 811 868 0
2800 1 820 853 840 881 0
2801 1 850 862 870 892 0
2802 1 878 875 897 906 0
2803 1 901 889 919 918 0
2804 1 921 899 937 931 0
2805 1 934 907 950 935 0
2806 1 944 912 961 943 0
2807 1 949 917 968 949 0
2808 1 956 922 975 955 0
2809 1 962 920 980 951 0
2810 1 964 916 984 947 0
2811 1 964 912 983 943 0
2812 1 961 912 980 942 0
2813 1 958 910 977 941 0
2814 1 955 904 972 933 0
2815 1 958 893 975 922 0
2816 1 966 883 984 914 0
2817 1 974 876 991 907 0
2818 1 983 873 1000 900 0
2819 1 989 868 1010 896 0
2820 1 996 862 1015 892 0
2821 1 999 861 1017 888 0
2822 1 1002 857 1020 884 0
2823 1 1005 854 1022 882 0
2824 1 1007 851 1026 881 0
2825 1 1010 848 1029 877 0
2826 1 1012 848 1031 877 0
2827 1 1013 847 1032 874 0
2828 1 1011 844 1029 869 0
2829 1 1005 841 1023 869 0
2830 1 1001 836 1019 863 0
2831 1 998 829 1016 857 0
2832 1 996 823 1014 847 0
2833 1 994 819 1011 842 0
2834 1 991 816 1009 844 0
2835 1 988 814 1006 844 0
2836 1 984 813 1002 841 0
2837 1 980 812 1001 838 0
2838 1 977 809 996 838 0
2839 1 978 807 994 831 0
2840 1 977 807 995 834 0
2841 1 974 806 992 835 0
2842 1 972 808 990 837 0
2843 1 970 809 992 833 0
2844 1 968 808 989 834 0
2845 1 967 808 988 834 0
2846 1 966 809 988 834 0
2847 1 967 811 987 836 0
2848 1 966 814 985 837 0
2849 1 965 814 986 838 0
2850 1 962 815 983 839 0
2851 1 957 819 976 841 0
2852 1 953 818 973 843 0
2853 1 951 823 970 845 0
2854 1 947 822 967 846 0
2855 1 944 819 963 844 0
2856 1 941 815 959 838 0
2857 1 939 812 957 836 0
2858 1 936 808 954 832 0
2859 1 935 806 953 829 0
2860 1 931 806 951 829 0
2861 1 925 799 942 825 0
2862 1 922 798 938 822 0
2863 1 920 796 935 819 0
2864 1 919 790 937 817 0
2865 1 919 788 936 816 0
2866 1 922 786 938 815 0
2867 1 924 789 940 817 0
2868 1 924 791 941 819 0
2869 1 926 788 943 820 0
2870 1 929 794 942 818 0
2871 1 930 796 943 822 0
2872 1 931 794 946 819 0
2873 1 933 794 947 816 0
2874 1 934 793 944 815 0
2875 1 933 790 946 815 0
2876 1 933 788 948 810 0
2877 1 931 788 947 810 0
2878 1 930 787 947 809 0
2879 1 928 787 945 809 0
2880 1 927 787 945 809 0
2881 1 925 786 944 808 0
2882 1 924 786 943 808 0
2883 1 923 786 943 808 0
2884 1 921 785 942 807 0
2885 1 920 785 942 807 0
2886 1 918 785 940 807 0
2887 1 917 785 940 807 0
2888 1 917 784 940 806 0
2889 1 918 784 942 807 0
2890 1 919 784 943 807 0
2891 1 919 783 943 806 0
2892 1 920 783 944 807 0
2893 1 921 783 945 807 0
2894 1 921 782 945 806 0
2895 1 922 782 947 807 0
2896 1 923 782 948 807 0
2897 1 923 781 948 806 0
2898 1 924 781 949 807 0
2899 1 925 781 950 807 0
2900 1 926 781 952 807 0
2901 1 926 780 952 807 0
2902 1 927 780 953 807 0
2903 1 928 780 954 807 0
2904 1 928 779 954 807 0
2905 1 929 779 956 807 0
2906 1 930 779 957 807 0
2907 1 930 778 957 807 0
2908 1 931 778 958 807 0
2909 1 932 778 959 807 0
2910 1 932 777 959 806 0
2911 1 933 777 961 807 0
2912 1 932 777 959 807 0
2913 1 931 777 958 806 0
2914 1 930 777 957 806 0
2915 1 929 777 956 806 0
2916 1 928 777 955 805 0
2917 1 927 777 954 805 0
2918 1 926 777 953 805 0
2919 1 925 777 952 804 0
2920 1 924 776 950 803 0
2921 1 924 776 950 803 0
2922 1 923 776 949 802 0
2923 1 919 775 945 801 0
2924 1 916 773 942 798 0
2925 1 912 771 938 796 0
2926 1 909 769 935 793 0
2927 1 905 768 931 792 0
2928 1 902 766 928 789 0
2929 1 900 764 925 788 0
2930 1 897 762 921 786 0
2931 1 895 761 918 786 0
2932 1 892 759 915 785 0
2933 1 890 757 912 783 0
2934 1 888 755 910 781 0
2935 1 885 753 908 778 0
2936 1 883 751 906 775 0
2937 1 881 749 905 773 0
2938 1 878 747 903 770 0
2939 1 873 743 901 767 0
2940 1 868 739 900 764 0
2941 1 863 732 893 757 0
2942 1 859 725 887 750 0
2943 1 855 717 882 742 0
2944 1 850 710 875 735 0
2945 1 840 707 863 731 0
2946 1 829 704 851 728 0
2947 1 819 701 839 724 0
2948 1 810 697 834 721 0
2949 1 801 694 829 719 0
2950 1 794 694 820 718 0
2951 1 787 694 812 718 0
2952 1 779 694 802 717 0
2953 1 776 692 800 715 0
2954 1 774 691 799 714 0
2955 1 771 690 797 713 0
2956 1 768 689 795 712 0
2957 1 766 688 794 711 0
2958 1 766 688 794 711 0
2959 1 766 689 794 712 0
2960 1 766 689 794 712 0
2961 1 766 690 794 713 0
2962 1 766 691 794 714 0
2963 1 766 691 794 714 0
2964 1 766 692 794 715 0
2965 1 770 694 797 718 0
2966 1 773 695 800 719 0
2967 1 777 696 804 720 0
2968 1 781 698 807 723 0
2969 1 784 699 810 724 0
2970 1 788 701 814 727 0
2971 1 792 702 817 728 0
2972 1 795 704 820 731 0
2973 1 799 705 824 732 0
2974 1 803 707 827 734 0
2975 1 806 708 830 736 0
2976 1 810 710 834 738 0
2977 1 814 711 837 740 0
2978 1 818 713 841 742 0
2979 1 821 715 844 743 0
2980 1 825 717 848 744 0
2981 1 828 720 851 746 0
2982 1 832 722 855 747 0
2983 1 836 724 859 748 0
2984 1 839 726 861 749 0
2985 1 843 729 865 752 0
2986 1 847 731 869 753 0
2987 1 850 733 872 754 0
2988 1 854 736 876 756 0
2989 1 858 738 880 757 0
3050 1 962 734 977 754 0
3051 1 960 732 976 754 0
3052 1 960 731 976 756 0
3053 1 959 730 975 754 0
3054 1 957 729 973 753 0
3055 1 957 727 972 749 0
3056 1 957 726 973 751 0
3057 1 958 725 973 750 0
3058 1 958 724 974 748 0
3059 1 959 723 975 748 0
3060 1 960 722 976 747 0
3061 1 961 721 977 746 0
3062 1 961 721 977 746 0
3063 1 961 720 976 743 0
3064 1 961 718 977 742 0
3065 1 962 717 979 741 0
3066 1 962 715 977 739 0
3067 1 964 714 979 738 0
3068 1 965 713 981 737 0
3069 1 968 712 984 737 0
3070 1 970 710 987 735 0
3071 1 970 710 987 734 0
3072 1 971 709 989 733 0
3073 1 971 708 987 731 0
3074 1 969 707 985 730 0
3075 1 968 702 984 726 0
3076 1 968 699 984 724 0
3077 1 968 696 984 721 0
3078 1 967 694 983 718 0
3079 1 965 691 982 715 0
3080 1 964 688 981 712 0
3081 1 961 687 978 711 0
3082 1 958 686 977 710 0
3083 1 957 685 974 709 0
3084 1 954 683 972 708 0
3085 1 951 682 967 707 0
3086 1 948 679 965 703 0
3087 1 939 672 956 695 0
3088 1 908 656 927 680 0
3089 1 849 629 867 653 0
3090 1 759 601 778 623 0
3091 1 646 577 666 598 0
3092 1 523 560 543 579 0
3093 1 405 542 426 567 0
3094 1 300 535 317 556 0
3095 1 214 522 231 544 0
3096 1 148 508 164 529 0
3097 1 99 494 115 514 0
3098 1 99 494 115 514 0
3683 1 12 678 86 799 0
3684 1 70 639 146 746 0
3685 1 123 605 199 712 0
3686 1 176 579 252 691 0
3687 1 226 556 306 668 0
3688 1 275 539 355 654 0
3689 1 323 524 401 640 0
3690 1 365 516 441 636 0
3691 1 408 528 483 644 0
3692 1 447 534 528 650 0
3693 1 483 550 571 672 0
3694 1 517 567 608 688 0
3695 1 552 587 645 709 0
3696 1 586 612 672 733 0
3697 1 618 636 707 748 0
3698 1 651 654 732 775 0
3699 1 677 660 759 783 0
3700 1 705 658 791 781 0
3701 1 738 660 821 778 0
3702 1 767 658 850 777 0
3703 1 790 654 875 777 0
3704 1 817 652 899 771 0
3705 1 837 653 918 772 0
3706 1 853 656 933 773 0
3707 1 866 657 952 773 0
3708 1 884 658 965 779 0
3709 1 893 656 978 780 0
3710 1 897 644 986 762 0
3711 1 893 622 980 752 0
3712 1 875 589 962 714 0
3713 1 828 539 917 671 0
3714 1 767 492 856 610 0
3715 1 689 427 775 550 0
3716 1 604 365 692 492 0
3717 1 521 303 607 434 0
3718 1 443 252 528 387 0
3719 1 371 225 453 351 0
3720 1 309 208 389 336 0
3721 1 254 194 338 316 0
3722 1 213 184 291 309 0
3723 1 174 177 252 302 0
3724 1 140 170 217 297 0
3725 1 107 168 181 294 0
3726 1 76 169 149 295 0
3727 1 45 173 115 300 0
3728 1 9 180 78 314 0
3729 1 0 189 44 321 0
3767 1 0 366 110 493 0
3768 1 81 321 210 452 0
3769 1 173 287 337 422 0
3770 1 261 269 425 404 0
3771 1 334 247 493 384 0
3772 1 396 228 544 368 0
3773 1 452 210 595 350 0
3774 1 511 188 662 329 0
3775 1 580 173 730 315 0
3776 1 653 158 796 300 0
3777 1 730 146 873 292 0
3778 1 807 138 956 289 0
3779 1 890 136 1045 296 0
3780 1 987 140 1125 303 0
3781 1 1070 142 1205 307 0
3782 1 1157 149 1294 318 0
3783 1 1233 156 1362 323 0
3784 1 1300 167 1423 330 0
3785 1 1356 172 1473 332 0
3786 1 1398 172 1505 325 0
3787 1 1419 162 1528 312 0
3788 1 1426 142 1531 295 0
3789 1 1426 126 1528 276 0
3790 1 1419 108 1526 260 0
3791 1 1419 96 1525 248 0
3792 1 1418 86 1524 236 0
3793 1 1414 77 1526 227 0
3794 1 1418 68 1523 216 0
3795 1 1420 58 1528 212 0
3796 1 1429 50 1537 207 0
3797 1 1436 50 1546 208 0
3798 1 1442 47 1554 207 0
3799 1 1446 48 1565 211 0
3800 1 1456 51 1577 218 0
3801 1 1464 55 1584 226 0
3802 1 1460 63 1582 234 0
3803 1 1443 70 1569 248 0
3804 1 1412 84 1546 262 0
3805 1 1389 104 1514 284 0
3806 1 1357 118 1486 305 0
3807 1 1318 135 1452 322 0
3808 1 1287 145 1421 339 0
3809 1 1251 163 1393 356 0
3810 1 1231 170 1370 368 0
3811 1 1210 180 1349 378 0
3812 1 1199 190 1339 388 0
3813 1 1199 207 1339 393 0
3814 1 1207 206 1349 400 0
3815 1 1217 208 1363 403 0
3816 1 1236 212 1384 412 0
3817 1 1256 215 1407 415 0
3818 1 1280 219 1433 422 0
3819 1 1310 220 1458 431 0
3820 1 1336 230 1488 439 0
3821 1 1368 230 1520 445 0
3822 1 1401 231 1552 448 0
3823 1 1437 226 1591 452 0
3824 1 1478 227 1627 449 0
3825 1 1516 225 1667 450 0
3826 1 1554 232 1706 458 0
3827 1 1597 236 1746 466 0
3828 1 1638 250 1791 475 0
3829 1 1679 257 1818 477 0
3830 1 1719 260 1851 478 0
3831 1 1759 255 1883 471 0
3832 1 1786 254 1905 467 0
3833 1 1800 258 1919 471 0
3834 1 1814 261 1919 480 0
3835 1 1812 271 1919 494 0
3836 1 1819 293 1919 506 0
3837 1 1818 305 1919 517 0
3838 1 1821 310 1919 520 0
3839 1 1829 315 1919 521 0
3840 1 1836 312 1919 518 0
3841 1 1848 300 1919 508 0
3842 1 1853 294 1919 495 0
3843 1 1863 287 1919 485 0
3844 1 1867 278 1919 476 0
3845 1 1872 269 1919 464 0
3846 1 1877 264 1919 456 0
3847 1 1881 259 1919 445 0
3848 1 1889 258 1919 440 0
3961 1 1881 430 1919 549 0
3962 1 1833 459 1919 585 0
3963 1 1804 482 1904 625 0
3964 1 1778 502 1881 641 0
3965 1 1740 514 1878 655 0
3966 1 1750 536 1860 670 0
3967 1 1752 551 1856 689 0
3968 1 1750 566 1851 708 0
3969 1 1742 579 1845 722 0
3970 1 1734 595 1834 738 0
3971 1 1726 605 1817 745 0
3972 1 1728 610 1809 746 0
3973 1 1722 612 1802 746 0
3974 1 1717 611 1798 745 0
3975 1 1717 609 1799 747 0
3976 1 1726 601 1811 737 0
3977 1 1749 584 1832 708 0
3978 1 1784 557 1868 681 0
3979 1 1823 524 1899 647 0
3980 1 1864 484 1919 606 0
4005 1 1890 237 1919 360 0
4006 1 1872 223 1919 352 0
4007 1 1862 210 1919 337 0
4008 1 1853 199 1919 326 0
4009 1 1851 197 1920 327 0
4010 1 1851 206 1919 338 0
4011 1 1848 222 1919 356 0
4012 1 1838 244 1917 376 0
4013 1 1823 276 1907 413 0
4014 1 1809 311 1894 450 0
4015 1 1796 345 1880 485 0
4016 1 1786 380 1867 514 0
4017 1 1783 406 1867 542 0
4018 1 1784 426 1868 560 0
4019 1 1787 439 1869 572 0
4020 1 1793 439 1876 575 0
4021 1 1802 427 1889 559 0
4022 1 1812 408 1897 541 0
4023 1 1832 385 1919 517 0
4024 1 1859 375 1919 505 0
4025 1 1901 380 1919 494 0
4053 1 1901 590 1920 729 0
4054 1 1870 600 1919 743 0
4055 1 1847 613 1920 749 0
4056 1 1828 621 1905 759 0
4057 1 1814 629 1891 763 0
4058 1 1801 635 1883 772 0
4059 1 1794 640 1873 771 0
4060 1 1785 641 1866 775 0
4061 1 1780 640 1864 773 0
4062 1 1778 638 1857 770 0
4063 1 1774 637 1853 771 0
4064 1 1769 637 1850 769 0
4065 1 1751 639 1836 763 0
4066 1 1715 642 1803 772 0
4067 1 1657 648 1744 775 0
4068 1 1596 653 1682 781 0
4069 1 1557 656 1643 783 0
4070 1 1555 651 1640 777 0
4071 1 1573 643 1658 769 0
4072 1 1584 636 1672 764 0
4073 1 1582 638 1668 767 0
4074 1 1569 641 1656 771 0
4075 1 1557 643 1644 772 0
4076 1 1553 643 1640 769 0
4077 1 1555 641 1645 766 0
4078 1 1564 638 1648 769 0
4079 1 1565 641 1653 768 0
4080 1 1569 645 1652 776 0
4081 1 1560 653 1649 784 0
4082 1 1551 659 1636 789 0
4083 1 1535 664 1621 796 0
4084 1 1517 669 1603 799 0
4085 1 1501 673 1588 803 0
4086 1 1489 674 1578 806 0
4087 1 1487 673 1573 804 0
4088 1 1493 668 1581 801 0
4089 1 1495 667 1582 798 0
4090 1 1491 664 1580 796 0
4091 1 1482 668 1570 801 0
4092 1 1473 668 1559 800 0
4093 1 1470 668 1560 800 0
4094 1 1475 663 1563 795 0
4095 1 1489 657 1576 786 0
4096 1 1516 649 1602 785 0
4097 1 1553 647 1639 776 0
4098 1 1595 640 1684 781 0
4099 1 1635 639 1719 774 0
4100 1 1666 633 1751 768 0
4101 1 1691 629 1770 765 0
4102 1 1709 627 1788 761 0
4103 1 1723 627 1804 757 0
4104 1 1734 624 1816 757 0
4105 1 1744 628 1818 757 0
4106 1 1752 631 1829 766 0
4107 1 1764 633 1841 763 0
4108 1 1777 634 1853 769 0
4109 1 1790 631 1867 764 0
4110 1 1804 621 1879 750 0
4111 1 1819 601 1892 732 0
4112 1 1832 576 1901 707 0
4113 1 1843 545 1914 679 0
4114 1 1852 510 1919 636 0
4115 1 1860 469 1919 595 0
4116 1 1864 428 1918 553 0
4117 1 1866 389 1919 513 0
4118 1 1861 350 1919 476 0
4119 1 1851 312 1919 434 0
4120 1 1844 276 1908 405 0
4121 1 1833 245 1899 373 0
4122 1 1823 221 1896 348 0
4123 1 1813 200 1883 330 0
4124 1 1807 185 1879 317 0
4125 1 1799 178 1872 311 0
4126 1 1791 173 1867 305 0
4127 1 1789 171 1863 305 0
4128 1 1782 178 1862 318 0
4129 1 1780 176 1858 307 0
4130 1 1788 178 1863 307 0
4131 1 1786 176 1865 303 0
4132 1 1789 174 1868 309 0
4133 1 1791 179 1866 314 0
4134 1 1784 193 1866 326 0
4135 1 1775 207 1859 344 0
4136 1 1754 231 1838 366 0
4137 1 1720 266 1807 395 0
4138 1 1669 311 1757 441 0
4139 1 1604 357 1695 485 0
4140 1 1532 405 1630 531 0
4141 1 1462 454 1564 579 0
4142 1 1405 494 1514 625 0
4143 1 1361 530 1486 660 0
4144 1 1329 563 1456 686 0
4145 1 1311 582 1446 713 0
4146 1 1299 600 1431 730 0
4147 1 1293 613 1427 748 0
4148 1 1290 631 1425 765 0
4149 1 1291 643 1422 770 0
4150 1 1289 651 1427 780 0
4151 1 1291 658 1420 790 0
4152 1 1293 665 1418 794 0
4153 1 1294 669 1419 796 0
4154 1 1299 671 1420 797 0
4155 1 1308 670 1426 795 0
4156 1 1321 664 1436 789 0
4157 1 1334 654 1450 782 0
4158 1 1349 652 1459 780 0
4159 1 1358 648 1467 771 0
4160 1 1363 645 1472 767 0
4161 1 1369 634 1476 765 0
4162 1 1376 621 1481 755 0
4163 1 1392 594 1494 718 0
4164 1 1410 553 1521 674 0
4165 1 1443 513 1545 628 0
4166 1 1477 463 1577 578 0
4167 1 1511 412 1612 531 0
4168 1 1541 360 1642 479 0
4169 1 1556 322 1655 443 0
4170 1 1571 284 1668 407 0
4171 1 1585 246 1681 372 0
4172 1 1600 208 1694 336 0
4173 1 1598 188 1692 321 0
4174 1 1596 168 1690 306 0
4175 1 1593 148 1687 291 0
4176 1 1591 128 1685 275 0
4177 1 1588 117 1681 268 0
4178 1 1585 105 1677 260 0
4179 1 1582 93 1673 252 0
4180 1 1579 81 1669 243 0
4181 1 1566 78 1657 239 0
4182 1 1553 75 1646 234 0
4183 1 1540 73 1634 231 0
4184 1 1527 70 1623 226 0
4185 1 1513 67 1610 221 0
4186 1 1500 64 1599 217 0
4187 1 1487 61 1587 212 0
4188 1 1474 59 1576 209 0
4189 1 1461 56 1564 204 0
4190 1 1447 53 1552 199 0
4191 1 1434 50 1540 195 0
4192 1 1421 47 1529 190 0
4193 1 1408 45 1517 187 0
4194 1 1395 42 1506 182 0
4195 1 1381 39 1493 178 0
4196 1 1368 36 1482 173 0
4197 1 1355 33 1470 168 0
4198 1 1342 30 1459 164 0
4199 1 1329 28 1447 160 0
4200 1 1315 25 1434 156 0
4201 1 1302 22 1423 151 0
4202 1 1289 19 1411 147 0
4203 1 1276 16 1400 142 0
4204 1 1263 14 1388 138 0
4205 1 1249 11 1376 134 0
4206 1 1236 8 1364 129 0
4207 1 1223 5 1353 125 0
4208 1 1210 2 1341 120 0
4209 1 1197 0 1330 117 0
4210 1 1180 0 1316 113 0
4211 1 1173 2 1310 120 0
4212 1 1166 2 1295 119 0
4213 1 1158 0 1277 114 0
4214 1 1147 0 1262 119 0
4215 1 1139 0 1245 113 0
4216 1 1126 0 1230 111 0
4217 1 1110 0 1209 110 0
4218 1 1094 0 1195 112 0
4219 1 1078 0 1177 113 0
4220 1 1067 0 1164 116 0
4221 1 1052 1 1153 116 0
4222 1 1041 2 1136 118 0
4223 1 1027 0 1121 112 0
4224 1 1015 0 1107 109 0
4225 1 1000 0 1099 106 0
4226 1 998 0 1096 103 0
4227 1 992 0 1089 103 0
4228 1 987 0 1082 103 0
4229 1 982 0 1076 99 0
4230 1 974 0 1068 101 0
4231 1 968 0 1062 118 0
4232 1 962 0 1060 107 0
4233 1 962 0 1056 116 0
4234 1 956 0 1058 107 0
4235 1 957 0 1053 107 0
4236 1 955 0 1053 103 0
4237 1 956 0 1049 104 0
4238 1 951 0 1054 98 0
4239 1 952 0 1057 97 0
4240 1 953 0 1055 97 0
4241 1 953 0 1053 89 0
4242 1 958 0 1058 92 0
4243 1 963 0 1063 92 0
4244 1 960 0 1063 88 0
4245 1 956 0 1052 82 0
4246 1 953 0 1051 83 0
4247 1 946 0 1051 80 0
4248 1 945 0 1048 76 0
4249 1 938 0 1029 73 0
4250 1 941 0 1023 75 0
4251 1 933 0 1021 62 0
4252 1 928 0 1012 69 0
4253 1 911 0 1010 63 0
4254 1 923 0 1002 59 0
4255 1 920 0 993 51 0
4256 1 899 0 988 50 0
4257 1 903 0 984 49 0
4258 1 903 0 978 56 0
4259 1 890 0 976 58 0
4260 1 886 0 972 55 0
4261 1 882 0 970 52 0
4262 1 877 0 963 47 0
4263 1 871 0 960 45 0
4264 1 865 0 953 43 0
4265 1 860 0 949 37 0
4266 1 856 0 944 37 0
4267 1 852 0 942 31 0
4268 1 846 0 934 35 0
4269 1 845 0 931 36 0
4270 1 843 0 930 40 0
4271 1 837 0 927 38 0
4272 1 836 0 923 38 0
4273 1 835 0 922 46 0
4274 1 839 0 921 47 0
4275 1 842 0 925 58 0
4276 1 849 0 937 61 0
4277 1 855 0 945 66 0
4278 1 865 0 958 79 0
4279 1 878 0 970 72 0
4280 1 895 0 977 69 0
4281 1 915 0 996 67 0
4282 1 934 0 1014 69 0
4283 1 950 0 1029 74 0
4284 1 964 0 1044 72 0
4285 1 975 0 1054 72 0
4286 1 985 0 1062 72 0
4287 1 995 0 1072 68 0
4288 1 1006 0 1077 70 0
4289 1 1015 0 1085 71 0
4290 1 1023 0 1092 70 0
4291 1 1028 0 1095 71 0
4292 1 1030 0 1098 72 0
4293 1 1028 0 1096 70 0
4294 1 1021 0 1088 62 0
4295 1 1012 0 1079 59 0
4296 1 997 0 1063 52 0
4297 1 977 0 1044 49 0
4298 1 955 0 1023 39 0
4299 1 922 0 990 33 0
4304 1 722 0 785 36 0
4305 1 668 12 750 50 0
4306 1 678 0 743 49 0
4307 1 658 0 722 49 0
4308 1 640 0 702 44 0
4309 1 623 0 686 40 0
4310 1 607 0 668 34 0
4311 1 594 0 650 30 0
4312 1 585 0 642 28 0
4313 1 575 0 632 28 0
4314 1 568 0 625 27 0
4315 1 559 0 615 23 0
4316 1 549 0 604 21 0
4317 1 535 0 593 22 0
4339 1 407 0 475 38 0
4340 1 403 0 478 39 0
4341 1 400 0 479 39 0
4342 1 399 0 482 58 0
4343 1 417 0 496 69 0
4344 1 421 0 501 83 0
4345 1 413 0 495 98 0
4346 1 424 0 498 114 0
4347 1 425 0 499 134 0
4348 1 410 34 495 159 0
4349 1 394 78 488 191 0
4350 1 405 100 489 215 0
4351 1 411 106 487 240 0
4352 1 418 133 490 265 0
4353 1 424 165 495 291 0
4354 1 435 173 516 308 0
4355 1 450 185 536 323 0
4356 1 495 203 565 343 0
4357 1 520 225 598 354 0
4358 1 557 226 627 365 0
4359 1 580 226 655 364 0
4360 1 591 215 687 355 0
4361 1 634 195 714 335 0
4362 1 656 163 744 304 0
4363 1 688 124 763 271 0
4364 1 710 106 783 238 0
4365 1 727 88 803 227 0
4366 1 743 87 819 231 0
4367 1 757 101 836 241 0
4368 1 764 130 858 278 0
4369 1 783 145 865 290 0
4370 1 794 181 878 322 0
4371 1 807 209 896 348 0
4372 1 816 234 907 369 0
4373 1 825 243 914 385 0
4374 1 832 258 922 396 0
4375 1 840 249 931 399 0
4376 1 834 250 936 395 0
4377 1 834 236 950 385 0
4378 1 834 230 952 362 0
4379 1 846 210 956 363 0
4380 1 864 187 958 345 0
4381 1 866 155 972 311 0
4382 1 874 127 964 267 0
4383 1 878 82 966 219 0
4384 1 882 32 969 165 0
4385 1 862 0 969 121 0
4386 1 879 0 971 75 0
4387 1 880 0 951 40 0
4413 1 844 0 928 60 0
4414 1 838 0 934 99 0
4415 1 817 0 930 131 0
4416 1 835 28 929 163 0
4417 1 832 50 927 196 0
4418 1 828 80 925 221 0
4419 1 827 101 921 246 0
4420 1 825 130 919 272 0
4421 1 821 133 917 288 0
4422 1 812 170 921 311 0
4423 1 816 184 915 317 0
4424 1 816 188 910 332 0
4425 1 823 190 919 337 0
4426 1 817 190 908 331 0
4427 1 810 178 902 328 0
4428 1 799 173 894 317 0
4429 1 791 158 885 302 0
4430 1 779 139 872 277 0
4431 1 762 113 862 254 0
4432 1 747 77 842 221 0
4433 1 730 51 830 194 0
4434 1 716 31 814 174 0
4435 1 704 12 802 154 0
4436 1 691 0 792 133 0
4437 1 688 0 787 125 0
4438 1 681 0 783 124 0
4439 1 685 0 787 122 0
4440 1 688 0 792 127 0
4441 1 694 0 800 130 0
4442 1 702 0 809 135 0
4443 1 711 0 818 144 0
4444 1 719 11 825 157 0
4445 1 727 30 833 177 0
4446 1 735 47 841 196 0
4447 1 741 66 850 215 0
4448 1 749 84 857 237 0
4449 1 755 97 863 250 0
4450 1 765 104 874 257 0
4451 1 772 110 881 266 0
4452 1 776 118 886 270 0
4453 1 777 120 887 272 0
4454 1 772 116 882 269 0
4455 1 754 118 865 264 0
4456 1 721 113 828 260 0
4457 1 672 113 783 260 0
4458 1 618 114 726 260 0
4459 1 560 115 675 262 0
4460 1 512 126 625 270 0
4461 1 473 134 577 280 0
4462 1 436 147 544 293 0
4463 1 407 163 516 310 0
4464 1 389 188 498 338 0
4465 1 359 220 478 380 0
4466 1 356 275 456 437 0
4467 1 344 337 444 493 0
4468 1 335 399 434 560 0
4469 1 331 457 425 603 0
4470 1 327 507 407 633 0
4498 1 256 797 335 894 0
4499 1 250 799 324 911 0
4500 1 242 798 318 924 0
4501 1 234 802 310 930 0
4502 1 230 796 300 926 0
4503 1 222 796 296 916 0
4504 1 216 792 284 912 0
4505 1 210 786 282 906 0
4506 1 204 782 278 904 0
4507 1 200 780 276 898 0
4508 1 200 780 276 896 0
4509 1 200 780 280 896 0
4510 1 202 776 280 896 0
4511 1 206 774 284 898 0
4512 1 206 774 288 898 0
4513 1 208 764 288 888 0
4514 1 210 758 294 880 0
4515 1 212 748 294 878 0
4516 1 218 740 300 876 0
4517 1 224 738 306 868 0
4518 1 228 734 316 864 0
4519 1 238 732 328 862 0
4520 1 238 720 334 850 0
4521 1 262 724 342 834 0
4522 1 266 714 344 826 0
4523 1 270 698 354 816 0
4524 1 270 682 356 800 0
4525 1 260 673 368 788 0
4526 1 264 658 373 778 0
4527 1 274 648 372 776 0
4528 1 268 628 366 764 0
4529 1 268 616 364 760 0
4530 1 256 620 374 746 0
4531 1 268 610 366 756 0
4532 1 266 604 366 738 0
4533 1 270 602 366 736 0
4534 1 270 598 374 711 0
4535 1 266 592 376 712 0
4536 1 274 586 377 709 0
4537 1 272 590 379 708 0
4538 1 283 589 381 711 0
4539 1 282 586 387 706 0
4540 1 286 591 388 713 0
4541 1 293 590 395 714 0
4542 1 295 593 396 716 0
4543 1 297 596 398 722 0
4544 1 296 596 403 725 0
4545 1 298 598 400 723 0
4546 1 297 599 403 730 0
4547 1 297 604 402 735 0
4548 1 296 606 398 737 0
4549 1 288 607 396 757 0
4550 1 294 614 394 756 0
4551 1 294 618 392 764 0
4552 1 296 622 388 762 0
4553 1 286 626 378 760 0
4554 1 280 624 372 766 0
4555 1 280 632 368 768 0
4556 1 280 634 364 776 0
4557 1 270 636 358 772 0
4558 1 264 636 350 770 0
4559 1 256 636 340 774 0
4560 1 244 634 334 784 0
4561 1 238 642 326 786 0
4562 1 234 648 320 777 0
4563 1 228 646 312 782 0
4564 1 220 644 306 782 0
4565 1 206 652 294 796 0
4566 1 186 654 268 798 0
4567 1 162 647 253 810 0
4568 1 134 658 225 801 0
4569 1 112 654 204 811 0
4570 1 117 654 227 803 0
4571 1 162 663 271 817 0
4572 1 224 673 325 822 0
4573 1 251 680 359 837 0
4574 1 247 683 344 844 0
4575 1 218 690 316 842 0
4576 1 189 692 291 841 0
4577 1 174 685 266 841 0
4578 1 168 693 260 841 0
4579 1 166 695 261 847 0
4580 1 170 718 268 848 0
4581 1 170 724 250 850 0
4582 1 160 724 240 858 0
4583 1 149 726 243 865 0
4584 1 147 714 238 865 0
4585 1 144 716 232 865 0
4586 1 143 712 232 863 0
4587 1 137 710 232 863 0
4588 1 136 711 232 863 0
4589 1 133 713 233 861 0
4590 1 138 710 228 858 0
4591 1 126 704 224 852 0
4592 1 136 708 224 862 0
4593 1 138 714 230 862 0
4594 1 138 718 232 864 0
4595 1 146 722 236 857 0
4596 1 147 730 240 861 0
4597 1 151 720 245 865 0
4598 1 155 730 246 870 0
4599 1 146 729 252 864 0
4600 1 151 733 257 864 0
4601 1 153 737 266 867 0
4602 1 157 741 276 870 0
4603 1 163 745 275 878 0
4604 1 165 747 273 877 0
4605 1 166 747 276 895 0
4606 1 170 750 279 889 0
4607 1 174 754 282 893 0
4608 1 178 755 278 903 0
4609 1 186 766 286 914 0
4610 1 190 766 286 916 0
4611 1 196 770 296 916 0
4612 1 200 766 304 912 0
4613 1 214 768 310 908 0
4614 1 218 766 316 908 0
4615 1 226 768 324 910 0
4616 1 220 770 330 882 0
4617 1 224 766 336 880 0
4618 1 232 756 332 882 0
4619 1 234 748 334 878 0
4620 1 234 748 332 882 0
4621 1 234 740 330 876 0
4622 1 228 734 322 870 0
4623 1 226 730 316 848 0
4624 1 224 726 316 850 0
4625 1 220 724 312 850 0
4626 1 214 722 300 866 0
4627 1 206 724 302 863 0
4628 1 204 709 297 861 0
4629 1 197 705 294 850 0
4630 1 195 682 296 832 0
4631 1 198 651 297 799 0
4632 1 220 597 307 750 0
4633 1 231 527 331 680 0
4634 1 245 453 349 612 0
4635 1 262 372 366 516 0
4636 1 277 279 382 432 0
4637 1 291 205 388 368 0
4638 1 301 155 397 308 0
4639 1 303 122 404 280 0
4640 1 300 98 400 266 0
4641 1 299 87 404 252 0
4642 1 300 94 399 269 0
4643 1 298 112 401 277 0
4644 1 298 148 405 316 0
4645 1 306 204 419 375 0
4646 1 312 268 429 438 0
4647 1 316 336 427 513 0
4648 1 315 409 437 604 0
4649 1 308 470 419 663 0
4650 1 296 515 408 696 0
4651 1 288 544 398 733 0
4652 1 279 572 396 758 0
4653 1 276 592 386 776 0
4654 1 271 604 385 787 0
4655 1 266 612 376 803 0
4656 1 262 627 373 809 0
4657 1 253 642 367 829 0
4658 1 244 656 363 843 0
4659 1 240 667 355 847 0
4660 1 226 681 349 857 0
4661 1 224 690 336 855 0
4662 1 221 685 338 866 0
4663 1 217 692 330 864 0
4664 1 210 696 323 864 0
4665 1 210 696 317 862 0
4666 1 208 692 317 860 0
4667 1 207 690 315 853 0
4668 1 206 691 310 858 0
4669 1 210 696 312 858 0
4670 1 212 698 312 852 0
4671 1 216 696 316 856 0
4672 1 220 692 318 848 0
4673 1 232 682 330 848 0
4674 1 236 664 334 816 0
4675 1 236 652 355 811 0
4676 1 247 628 367 777 0
4677 1 257 591 380 731 0
4678 1 264 530 391 663 0
4679 1 275 461 399 590 0
4680 1 266 379 402 525 0
4681 1 270 301 410 460 0
4682 1 284 239 414 378 0
4683 1 302 183 418 321 0
4684 1 308 138 433 285 0
4685 1 305 101 434 244 0
4686 1 324 75 441 215 0
4687 1 326 52 450 198 0
4688 1 327 31 456 156 0
4689 1 350 16 469 140 0
4690 1 346 0 474 128 0
4691 1 350 0 485 118 0
4692 1 354 0 488 117 0
4693 1 364 0 497 106 0
4694 1 380 0 509 106 0
4695 1 398 0 523 102 0
4696 1 409 0 537 122 0
4697 1 420 0 552 109 0
4698 1 446 0 563 117 0
4699 1 441 0 574 132 0
4700 1 444 10 580 147 0
4701 1 453 33 586 175 0
4702 1 467 75 599 224 0
4703 1 479 132 611 290 0
4704 1 492 209 630 370 0
4705 1 505 289 637 457 0
4706 1 509 379 638 539 0
4707 1 511 447 641 611 0
4708 1 514 511 644 671 0
4709 1 516 559 642 713 0
4710 1 518 597 643 752 0
4711 1 520 630 644 777 0
4712 1 522 652 648 799 0
4713 1 527 668 647 816 0
4714 1 524 678 647 832 0
4715 1 530 686 650 831 0
4716 1 532 691 654 839 0
4717 1 537 695 660 842 1
4718 1 550 697 669 841 1
4719 1 556 701 676 845 1
4720 1 568 702 684 842 1
4721 1 574 700 691 844 1
4722 1 578 695 696 843 1
4723 1 580 695 701 836 1
4724 1 587 692 705 843 1
4725 1 588 692 707 833 1
4726 1 586 694 712 848 1
4727 1 584 684 712 836 0
4728 1 578 665 704 824 0
4729 1 578 680 690 820 0
4730 1 545 677 659 809 0
4731 1 494 680 606 812 0
4732 1 430 685 546 821 0
4733 1 373 693 481 829 0
4734 1 325 705 432 842 0
4735 1 285 714 392 854 0
4736 1 261 724 365 862 0
4737 1 246 734 342 874 0
4738 1 228 742 328 877 0
4739 1 217 750 315 887 0
4740 1 206 757 303 893 0
4741 1 195 766 293 901 0
4742 1 186 771 284 905 0
4743 1 181 779 277 905 0
4744 1 169 775 264 909 0
4745 1 161 777 261 914 0
4746 1 150 778 249 912 0
4747 1 141 782 243 913 0
4748 1 131 779 234 912 0
4749 1 121 780 226 923 0
4750 1 106 782 217 926 0
4751 1 100 781 210 922 0
4752 1 93 785 202 922 0
4753 1 86 791 194 925 0
4754 1 79 796 185 931 0
4755 1 72 796 181 931 0
4756 1 64 806 174 948 0
4757 1 58 818 167 953 0
4758 1 52 821 161 965 0
4759 1 43 829 152 968 0
4760 1 38 832 143 970 0
4761 1 27 844 135 983 0
4762 1 22 847 124 988 0
4763 1 16 858 114 992 0
4764 1 8 853 99 997 0
4765 1 0 868 88 1029 0
4766 1 0 879 79 1031 0
4767 1 0 897 74 1038 0
4768 1 0 905 66 1054 0
4769 1 0 918 66 1061 0
4770 1 0 926 77 1077 0
4771 1 0 924 93 1077 0
4772 1 0 930 120 1079 0
4773 1 19 940 132 1079 0
4774 1 13 944 126 1079 0
4775 1 0 957 89 1079 0
4803 1 0 794 41 912 0
4804 1 0 761 53 887 0
4805 1 0 744 68 886 0
4806 1 0 736 78 875 0
4807 1 0 734 68 867 0
4808 1 0 740 62 868 0
4809 1 0 749 52 866 0
4810 1 0 772 40 871 0
4811 1 0 785 28 873 0
4812 1 0 798 23 881 0
4813 1 0 803 20 882 0
4814 1 0 805 22 885 0
4815 1 0 816 23 883 0
4816 1 0 816 27 881 0
4817 1 0 816 30 886 0
4818 1 0 814 35 888 0
4819 1 0 788 39 890 0
4820 1 0 784 42 893 0
4821 1 0 781 48 894 0
4822 1 0 781 49 893 0
4823 1 0 777 58 894 0
4824 1 0 774 57 889 0
4825 1 0 771 64 882 0
4826 1 0 767 79 870 0
4827 1 18 752 94 864 0
4828 1 35 737 121 848 0
4829 1 67 723 149 830 0
4830 1 99 704 178 817 0
4831 1 126 684 210 804 0
4832 1 163 656 242 775 0
4833 1 179 627 272 748 0
4834 1 201 600 290 716 0
4835 1 242 568 317 691 0
4836 1 262 533 317 646 0
4837 1 261 497 330 614 0
4838 1 282 476 342 568 0
4839 1 287 415 354 530 0
4840 1 300 378 372 494 0
4841 1 317 351 387 462 0
4842 1 329 327 402 432 0
4843 1 345 299 422 403 0
4844 1 360 273 438 387 0
4845 1 381 246 459 361 0
4846 1 404 232 486 335 0
4847 1 429 214 508 317 0
4848 1 453 201 536 308 0
4849 1 478 184 563 291 0
4850 1 509 175 596 279 0
4851 1 542 156 638 260 0
4852 1 574 142 678 254 0
4853 1 607 133 705 245 0
4854 1 637 125 721 233 0
4855 1 666 117 759 223 0
4856 1 696 107 803 214 0
4857 1 728 102 836 208 0
4858 1 766 97 875 200 0
4859 1 797 94 897 198 0
4860 1 829 91 930 195 0
4861 1 853 82 953 185 0
4862 1 873 79 976 181 0
4863 1 892 75 997 182 0
4864 1 909 76 1017 178 0
4865 1 926 77 1029 182 0
4866 1 942 80 1049 187 0
4867 1 957 86 1061 193 0
4868 1 974 93 1078 197 0
4869 1 991 107 1099 211 0
4870 1 1009 116 1107 220 0
4871 1 1022 121 1134 227 0
4872 1 1041 123 1146 226 0
4873 1 1062 132 1168 238 0
4874 1 1078 137 1197 242 0
4875 1 1098 143 1207 246 0
4876 1 1120 145 1226 251 0
4877 1 1140 146 1246 248 0
4878 1 1164 149 1272 249 0
4879 1 1189 152 1295 252 0
4880 1 1213 147 1319 253 0
4881 1 1237 150 1344 252 0
4882 1 1258 149 1366 253 0
4883 1 1278 151 1383 254 0
4884 1 1291 146 1395 249 0
4885 1 1301 143 1406 247 0
4886 1 1309 142 1412 244 0
4887 1 1321 139 1427 243 0
4888 1 1337 136 1438 237 0
4889 1 1363 134 1467 234 0
4890 1 1393 126 1487 232 0
4891 1 1429 127 1520 230 0
4892 1 1463 121 1552 228 0
4893 1 1493 120 1580 224 0
4894 1 1520 113 1605 220 0
4895 1 1541 108 1624 217 0
4896 1 1561 102 1644 210 0
4897 1 1580 100 1652 209 0
4898 1 1598 101 1673 209 0
4899 1 1617 94 1690 208 0
4900 1 1642 90 1714 207 0
4901 1 1665 88 1740 202 0
4902 1 1690 83 1769 197 0
4903 1 1718 80 1798 190 0
4904 1 1750 76 1829 189 0
4905 1 1788 78 1862 188 0
4906 1 1833 88 1898 194 0
4907 1 1878 97 1919 204 0
4955 1 1850 60 1918 170 0
4956 1 1808 38 1896 150 0
4957 1 1766 16 1875 129 0
4958 1 1757 16 1854 112 0
4959 1 1749 15 1834 94 0
4960 1 1740 15 1805 58 0
5011 1 1308 0 1399 69 0
5012 1 1276 0 1373 99 0
5013 1 1240 9 1334 125 0
5014 1 1202 27 1298 142 0
5015 1 1157 44 1249 155 0
5016 1 1106 47 1207 164 0
5017 1 1053 50 1153 172 0
5018 1 1014 52 1114 166 0
5019 1 972 51 1072 162 0
5020 1 938 53 1028 163 0
5021 1 906 58 996 174 0
5022 1 884 73 971 189 0
5023 1 864 98 950 208 0
5024 1 849 126 933 238 0
5025 1 835 165 919 283 0
5026 1 829 209 907 321 0
5027 1 823 248 899 356 0
5028 1 820 276 896 382 0
5029 1 820 296 895 404 0
5030 1 822 319 894 427 0
5031 1 824 333 899 440 0
5032 1 830 368 906 457 0
5033 1 834 376 910 464 0
5034 1 840 372 911 471 0
5035 1 842 379 909 479 0
5036 1 839 384 912 492 0
5037 1 834 387 902 489 0
5038 1 823 383 890 473 0
5039 1 809 379 874 466 0
5040 1 798 372 861 461 0
5041 1 791 362 856 446 0
5042 1 789 348 853 430 0
5043 1 789 330 856 410 0
5044 1 786 314 850 396 0
5045 1 780 301 845 379 0
5046 1 771 286 837 363 0
5047 1 759 268 826 343 0
5048 1 744 247 814 324 0
5049 1 736 226 805 300 0
5050 1 728 208 801 283 0
5051 1 730 186 804 284 0
5052 1 732 184 808 282 0
5053 1 734 186 812 284 0
5054 1 744 194 820 284 0
5055 1 750 210 824 300 0
5056 1 762 232 836 326 0
5057 1 780 242 854 336 0
5058 1 802 260 872 350 0
5059 1 805 250 892 361 0
5060 1 826 265 896 363 0
5061 1 847 276 911 369 0
5062 1 872 284 938 375 0
5063 1 902 296 967 384 0
5064 1 928 300 995 387 0
5065 1 963 320 1030 397 0
5066 1 985 310 1052 400 0
5067 1 1016 314 1082 400 0
5068 1 1040 308 1111 396 0
5069 1 1068 298 1140 390 0
5070 1 1100 294 1167 385 0
5071 1 1124 290 1196 388 0
5072 1 1166 294 1236 388 0
5073 1 1186 294 1252 392 0
5074 1 1208 294 1276 392 0
5075 1 1224 290 1292 392 0
5076 1 1228 282 1300 384 0
5077 1 1230 276 1300 374 0
5078 1 1216 260 1286 362 0
5079 1 1207 252 1279 359 0
5080 1 1172 246 1250 350 0
5081 1 1121 242 1197 347 0
5082 1 1053 229 1131 341 0
5083 1 884 230 974 338 0
5084 1 812 230 904 340 0
5085 1 764 228 860 340 0
5086 1 748 222 842 340 0
5087 1 742 208 834 328 0
5088 1 732 200 826 308 0
5089 1 718 180 812 288 0
5090 1 700 150 798 264 0
5091 1 694 122 788 240 0
5092 1 682 104 774 224 0
5093 1 682 84 774 202 0
5094 1 684 70 780 194 0
5095 1 696 62 794 186 0
5096 1 714 56 810 186 0
5097 1 720 70 818 196 0
5098 1 718 90 814 226 0
5099 1 714 120 808 260 0
5100 1 716 148 812 286 0
5101 1 722 178 818 312 0
5102 1 742 210 850 334 0
5103 1 766 242 860 372 0
5104 1 766 274 872 384 0
5105 1 770 290 866 414 0
5106 1 770 314 866 434 0
5107 1 756 314 868 432 0
5108 1 752 314 870 430 0
5109 1 762 326 858 448 0
5110 1 762 336 860 466 0
5111 1 766 350 860 472 0
5112 1 772 358 866 480 0
5113 1 770 364 868 502 0
5114 1 778 372 874 506 0
5115 1 776 380 876 528 0
5116 1 766 404 888 540 0
5117 1 766 430 888 556 0
5118 1 780 450 898 588 0
5119 1 792 474 914 609 0
5120 1 801 490 921 633 0
5121 1 822 510 929 652 0
5122 1 808 530 928 656 0
5123 1 812 544 930 654 0
5124 1 810 552 940 678 0
5125 1 820 568 952 690 0
5126 1 820 574 954 692 0
5127 1 820 580 952 694 0
5128 1 818 588 954 714 0
5129 1 820 580 954 692 0
5130 1 824 576 954 690 0
5131 1 826 568 954 690 0
5132 1 822 558 952 684 0
5133 1 820 548 948 676 0
5134 1 810 542 936 656 0
5135 1 804 534 930 654 0
5136 1 794 522 922 656 0
5137 1 786 516 922 646 0
5138 1 780 506 914 642 0
5139 1 776 496 910 624 0
5140 1 766 480 896 616 0
5141 1 766 476 896 612 0
5142 1 758 468 898 610 0
5143 1 756 460 890 594 0
5144 1 752 456 884 596 0
5145 1 748 450 882 588 0
5146 1 744 444 880 586 0
5147 1 744 442 882 578 0
5148 1 744 440 878 572 0
5149 1 736 424 872 558 0
5150 1 736 418 866 560 0
5151 1 732 412 866 554 0
5152 1 728 406 864 548 0
5153 1 724 392 864 542 0
5154 1 730 386 860 524 0
5155 1 738 386 864 526 0
5156 1 766 392 896 534 0
5157 1 790 404 926 550 0
5158 1 810 408 948 548 0
5159 1 822 398 958 542 0
5160 1 822 390 950 524 0
5161 1 814 380 942 522 0
5162 1 814 374 942 518 0
5163 1 814 366 940 510 0
5164 1 816 358 946 504 0
5165 1 814 352 940 490 0
5166 1 814 346 942 486 0
5167 1 814 332 938 474 0
5168 1 806 324 932 470 0
5169 1 800 310 922 444 0
5170 1 796 306 914 434 0
5171 1 794 302 904 420 0
5172 1 778 276 892 406 0
5173 1 782 268 878 404 0
5174 1 766 260 862 404 0
5175 1 742 248 864 388 0
5176 1 746 224 842 366 0
5177 1 736 198 832 334 0
5178 1 726 186 822 330 0
5179 1 708 172 806 318 0
5180 1 691 148 803 296 0
5181 1 680 130 796 282 0
5182 1 668 120 786 246 0
5183 1 668 106 784 228 0
5184 1 662 90 776 216 0
5185 1 664 72 780 200 0
5186 1 664 68 784 192 0
5187 1 664 50 782 170 0
5188 1 662 28 782 154 0
5189 1 658 10 774 128 0
5190 1 661 0 771 123 0
5191 1 654 0 771 101 0
5192 1 642 0 741 76 0
5193 1 626 0 741 46 0
5263 1 1128 4 1204 98 0
5264 1 1118 74 1194 184 0
5265 1 1107 132 1181 245 0
5266 1 1097 191 1168 307 0
5267 1 1086 250 1155 369 0
5268 1 1075 291 1138 403 0
5269 1 1065 333 1122 439 0
5270 1 1054 374 1106 473 0
5271 1 1034 393 1094 486 0
5272 1 1014 412 1082 499 0
5273 1 1013 421 1079 511 0
5274 1 1011 430 1076 523 0
5275 1 1001 446 1079 552 0
5276 1 996 446 1072 548 0
5277 1 992 445 1066 544 0
5278 1 988 444 1059 539 0
5279 1 983 443 1052 534 0
5280 1 942 445 1012 530 0
5281 1 901 446 971 525 0
5282 1 860 448 931 521 0
5283 1 816 446 888 522 0
5284 1 772 444 845 522 0
5285 1 727 441 802 521 0
5286 1 683 439 759 521 0
5287 1 654 447 728 529 0
5288 1 625 455 697 537 0
5289 1 595 462 665 543 0
5290 1 566 470 634 551 0
5291 1 529 475 597 555 0
5292 1 493 480 561 559 0
5293 1 456 486 524 564 0
5294 1 420 491 488 567 0
5295 1 398 480 466 559 0
5296 1 376 469 444 550 0
5297 1 354 458 422 541 0
5298 1 332 446 400 531 0
5299 1 329 434 395 517 0
5300 1 325 421 390 501 0
5301 1 322 408 385 486 0
5302 1 327 400 389 481 0
5303 1 333 392 394 477 0
5304 1 338 384 398 472 0
5305 1 346 381 408 468 0
5306 1 353 378 417 463 0
5307 1 360 375 426 459 0
5308 1 368 372 436 454 0
5309 1 381 361 448 448 0
5310 1 394 349 460 440 0
5311 1 408 337 473 433 0
5312 1 449 362 512 445 0
5313 1 491 386 553 457 0
5314 1 532 411 592 469 0
5315 1 574 435 633 481 0
5316 1 616 466 678 515 0
5317 1 647 492 711 541 0
5318 1 678 497 740 546 0
5319 1 699 470 773 526 0
5320 1 732 433 802 508 0
5321 1 753 419 831 491 0
5322 1 779 411 840 486 0
5323 1 799 401 880 482 0
5324 1 821 384 897 478 0
5325 1 848 373 924 462 0
5326 1 879 362 953 452 0
5327 1 912 342 991 436 0
5328 1 948 323 1035 421 0
5329 1 990 307 1058 404 0
5330 1 1031 295 1103 391 0
5331 1 1068 279 1140 380 0
5332 1 1097 264 1167 367 0
5333 1 1110 250 1189 351 0
5334 1 1113 219 1195 321 0
5335 1 1115 180 1200 281 0
5336 1 1086 128 1175 240 0
5337 1 1032 62 1118 163 0
5338 1 959 0 1052 86 0
5440 1 0 0 64 110 0
5441 1 9 0 95 115 0
5442 1 38 0 129 116 0
5443 1 67 0 165 113 0
5444 1 98 0 203 113 0
5445 1 132 0 237 115 0
5446 1 170 0 269 127 0
5447 1 212 0 320 133 0
5448 1 245 1 361 141 0
5449 1 284 19 397 159 0
5450 1 325 36 442 188 0
5451 1 368 65 483 213 0
5452 1 402 87 519 242 0
5453 1 435 117 547 260 0
5454 1 462 138 578 279 0
5455 1 491 149 608 291 0
5456 1 520 148 634 283 0
5457 1 540 142 653 275 0
5458 1 550 130 659 261 0
5459 1 559 116 674 248 0
5460 1 570 102 680 233 0
5461 1 579 81 687 212 0
5462 1 581 59 692 190 0
5463 1 588 33 701 163 0
5464 1 592 0 718 135 0
5465 1 616 0 740 102 0
5466 1 615 0 725 90 0
5467 1 610 0 726 72 0
5468 1 607 0 718 64 0
5469 1 619 0 708 37 0
5470 1 623 0 709 19 0
5483 1 665 0 721 28 0
5484 1 665 0 736 47 0
5485 1 665 0 742 74 0
5486 1 660 0 745 112 0
5487 1 640 24 735 155 0
5488 1 628 66 719 196 0
5489 1 616 111 704 242 0
5490 1 602 156 691 287 0
5491 1 599 202 680 333 0
5492 1 578 261 668 392 0
5493 1 586 344 674 442 0
5494 1 594 396 680 502 0
5495 1 602 440 696 540 0
5496 1 614 446 712 570 0
5497 1 634 470 723 596 0
5498 1 650 496 735 614 0
5499 1 673 517 754 632 0
5500 1 692 520 778 640 0
5501 1 720 530 800 646 0
5502 1 741 530 824 651 0
5503 1 768 527 849 640 0
5504 1 796 530 875 637 0
5505 1 818 521 901 628 0
5506 1 839 514 921 622 0
5507 1 862 507 937 611 0
5508 1 875 496 953 602 0
5509 1 887 480 966 587 0
5510 1 902 464 984 576 0
5511 1 923 450 1005 559 0
5512 1 949 435 1031 543 0
5513 1 974 417 1063 522 0
5514 1 1003 395 1090 502 0
5515 1 1032 374 1123 480 0
5516 1 1066 357 1155 462 0
5517 1 1109 339 1192 441 0
5518 1 1151 324 1237 426 0
5519 1 1197 310 1284 411 0
5520 1 1241 295 1327 398 0
5521 1 1281 286 1362 389 0
5522 1 1308 281 1392 382 0
5523 1 1328 280 1414 380 0
5524 1 1344 281 1427 381 0
5525 1 1353 285 1436 382 0
5526 1 1355 286 1442 387 0
5527 1 1354 308 1442 398 0
5528 1 1362 320 1448 422 0
5529 1 1350 322 1434 424 0
5530 1 1344 332 1430 434 0
5531 1 1352 332 1433 434 0
5532 1 1340 334 1423 437 0
5533 1 1321 335 1399 438 0
5534 1 1290 342 1370 450 0
5535 1 1254 358 1331 470 0
5536 1 1225 374 1298 483 0
5537 1 1204 385 1275 490 0
5538 1 1187 394 1262 497 0
5539 1 1189 389 1262 490 0
5540 1 1208 381 1281 481 0
5541 1 1240 369 1313 465 0
5542 1 1286 360 1363 454 0
5543 1 1355 349 1426 447 0
5544 1 1422 348 1501 441 0
5545 1 1491 340 1565 438 0
5546 1 1549 343 1633 447 0
5547 1 1603 352 1685 452 0
5548 1 1653 367 1734 462 0
5549 1 1696 378 1770 477 0
5550 1 1729 386 1808 485 0
5551 1 1764 399 1840 494 0
5552 1 1795 400 1871 496 0
5553 1 1822 409 1896 504 0
5554 1 1852 421 1919 516 0
5555 1 1878 433 1920 527 0
5556 1 1901 450 1920 529 0
5586 1 1841 7 1919 125 0
5587 1 1841 7 1916 98 0
5588 1 1799 0 1891 75 0
5589 1 1759 0 1855 47 0
5656 1 558 0 637 64 0
5657 1 550 0 647 118 0
5658 1 566 53 656 167 0
5659 1 576 82 659 203 0
5660 1 588 112 670 233 0
5661 1 605 131 688 254 0
5662 1 629 148 707 271 0
5663 1 658 166 736 287 0
5664 1 691 168 768 281 0
5665 1 732 162 810 274 0
5666 1 778 146 855 263 0
5667 1 830 130 908 236 0
5668 1 878 110 958 216 0
5669 1 916 84 997 196 0
5670 1 948 57 1036 173 0
5671 1 971 34 1051 149 0
5672 1 991 6 1069 116 0
5673 1 1004 0 1080 95 0
5674 1 1019 0 1095 66 0
5675 1 1024 0 1093 45 0
5676 1 1039 0 1093 26 0
5834 1 47 559 123 673 0
5835 1 151 528 245 639 0
5836 1 274 492 365 601 0
5837 1 389 459 501 580 0
5838 1 527 436 632 562 0
5839 1 649 422 760 561 0
5840 1 762 413 870 536 0
5841 1 846 399 959 521 0
5842 1 885 386 1001 513 0
5843 1 881 388 984 506 0
5844 1 823 393 936 511 0
5845 1 723 406 835 524 0
5846 1 584 430 700 553 0
5847 1 399 458 503 587 0
5848 1 228 495 319 621 0
5849 1 55 540 149 671 0
6144 1 0 193 92 350 0
6145 1 43 138 152 300 0
6146 1 108 85 225 247 0
6147 1 172 33 297 198 0
6148 1 241 0 364 147 0
6149 1 314 0 435 101 0
6150 1 408 0 499 64 0
6177 1 168 0 273 74 0
6178 1 73 2 192 184 0
6179 1 2 14 112 266 0
6180 1 0 78 40 277 0
6206 1 0 105 46 297 0
6207 1 0 103 46 292 0
6208 1 0 95 48 289 0
6209 1 0 95 45 281 0
6210 1 0 90 45 277 0
6211 1 0 82 42 271 0
6212 1 0 77 45 264 0
6213 1 0 69 43 257 0
6214 1 0 62 40 250 0
6215 1 0 52 37 240 0
6216 1 0 41 39 228 0
6217 1 0 33 32 186 0
6420 1 0 190 31 348 0
6421 1 0 149 45 316 0
6422 1 0 123 55 274 0
6423 1 0 77 66 239 0
6424 1 2 55 75 220 0
6425 1 0 15 86 171 0
6426 1 0 0 91 161 0
6427 1 0 0 95 133 0
6428 1 0 0 95 101 0
6429 1 18 0 100 73 0
6700 1 0 82 33 211 0
6701 1 0 82 40 217 0
6702 1 0 82 48 224 0
6703 1 0 82 55 230 0
6704 1 0 82 62 237 0
6705 1 0 92 85 240 0
6706 1 2 96 86 246 0
6707 1 19 88 103 242 0
6708 1 29 88 116 232 0
6709 1 58 64 134 214 0
6710 1 70 60 146 210 0
6711 1 88 62 166 206 0
6712 1 110 58 192 202 0
6713 1 124 50 208 196 0
6714 1 140 56 222 198 0
6715 1 150 52 228 200 0
6716 1 158 48 236 190 0
6717 1 168 44 246 174 0
6718 1 172 26 252 158 0
6719 1 174 0 258 136 0
6720 1 177 0 259 113 0
6721 1 181 0 261 86 0
6722 1 181 0 263 68 0
6723 1 185 0 255 54 0
6724 1 185 0 252 47 0
6725 1 191 0 249 45 0
6770 1 0 131 29 246 0
6771 1 0 137 46 275 0
6772 1 0 144 64 284 0
6773 1 3 157 77 299 0
6774 1 15 168 90 313 0
6775 1 27 182 106 323 0
6776 1 40 189 122 332 0
6777 1 60 189 141 339 0
6778 1 76 187 160 342 1
6779 1 91 205 179 353 1
6780 1 101 211 189 361 1
6781 1 106 204 197 360 1
6782 1 110 211 197 350 1
6783 1 126 198 210 346 1
6784 1 134 186 216 328 1
6785 1 142 184 226 340 1
6786 1 144 186 228 346 1
6787 1 150 188 228 350 1
6788 1 154 206 230 368 1
6789 1 154 206 230 370 1
6790 1 158 206 232 362 1
6791 1 158 206 236 358 1
6792 1 156 204 236 356 1
6793 1 156 190 236 338 1
6794 1 156 186 236 334 1
6795 1 148 176 234 332 1
6796 1 140 166 228 322 1
6797 1 138 168 224 324 1
6798 1 124 166 216 314 1
6799 1 118 142 214 296 1
6800 1 118 134 218 288 1
6801 1 122 130 220 288 1
6802 1 126 126 224 274 1
6803 1 126 104 228 254 1
6804 1 128 100 246 250 1
6805 1 144 92 248 246 1
6806 1 150 88 250 242 0
6807 1 138 84 260 218 0
6808 1 134 92 252 224 0
6809 1 120 120 216 270 0
6810 1 77 110 172 271 0
6811 1 3 151 108 307 0
6843 1 0 782 76 915 0
6844 1 142 741 253 880 1
6845 1 321 706 429 864 1
6846 1 490 684 599 845 1
6847 1 632 670 746 825 1
6848 1 746 653 863 815 1
6849 1 823 647 933 805 1
6850 1 872 640 982 795 1
6851 1 912 643 1016 789 1
6852 1 921 644 1030 789 1
6853 1 933 647 1031 783 1
6854 1 933 648 1028 798 1
6855 1 930 650 1025 795 1
6856 1 925 648 1022 789 1
6857 1 917 646 1018 802 0
6858 1 908 648 1005 790 0
6859 1 900 644 994 783 0
6860 1 892 636 988 778 0
6861 1 885 629 980 771 0
6862 1 878 624 975 769 0
6863 1 880 619 973 767 0
6864 1 876 626 971 766 0
6865 1 874 623 967 768 0
6866 1 873 622 968 762 0
6867 1 872 618 963 765 0
6868 1 860 622 960 766 0
6869 1 858 622 952 764 0
6870 1 854 622 950 764 0
6871 1 852 624 948 766 0
6872 1 848 626 942 766 0
6873 1 848 632 940 774 0
6874 1 850 642 946 784 0
6875 1 854 644 948 782 0
6876 1 852 636 948 772 0
6877 1 850 630 944 768 0
6878 1 844 636 936 778 0
6879 1 842 634 936 776 0
6880 1 838 632 938 776 0
6881 1 838 640 936 784 0
6882 1 832 650 928 792 0
6883 1 826 660 924 796 0
6884 1 814 674 928 798 0
6885 1 824 678 920 808 0
6886 1 822 668 918 798 0
6887 1 822 656 920 788 0
6888 1 816 658 912 794 0
6889 1 812 656 904 794 0
6890 1 802 658 896 792 0
6891 1 798 658 896 784 0
6892 1 792 640 886 778 0
6893 1 786 638 880 772 0
6894 1 780 636 872 768 0
6895 1 774 626 862 764 0
6896 1 754 614 854 754 0
6897 1 732 594 824 724 0
6898 1 710 582 810 720 0
6899 1 657 556 760 692 0
6900 1 600 537 702 683 0
6901 1 541 517 638 654 0
6902 1 471 493 573 636 0
6903 1 414 475 512 610 0
6904 1 357 456 449 587 0
6905 1 303 434 400 577 0
6906 1 255 414 352 558 0
6907 1 219 401 308 541 0
6908 1 188 383 277 519 0
6909 1 167 356 248 502 0
6910 1 147 336 234 483 0
6911 1 139 322 224 464 0
6912 1 130 308 218 464 0
6913 1 122 297 215 458 0
6914 1 125 301 211 448 0
6915 1 121 301 207 455 0
6916 1 118 306 203 452 0
6917 1 118 311 202 458 0
6918 1 117 316 205 467 0
6919 1 122 320 208 476 0
6920 1 124 318 210 478 0
6921 1 126 322 212 480 0
6922 1 130 324 216 482 0
6923 1 134 328 224 482 0
6924 1 136 324 230 480 0
6925 1 148 324 236 480 0
6926 1 162 328 246 474 0
6927 1 166 318 254 468 0
6928 1 172 314 268 464 0
6929 1 188 298 276 446 0
6930 1 204 296 288 452 0
6931 1 216 290 312 448 0
6932 1 238 290 328 452 0
6933 1 254 292 356 452 0
6934 1 280 300 372 456 0
6935 1 304 300 402 464 0
6936 1 326 310 422 462 0
6937 1 330 307 429 471 0
6938 1 354 305 461 463 0
6939 1 376 316 481 480 0
6940 1 406 326 507 492 0
6941 1 428 344 533 504 0
6942 1 451 362 553 524 0
6943 1 468 378 567 546 0
6944 1 476 389 579 555 0
6945 1 490 388 592 547 0
6946 1 507 370 608 526 0
6947 1 524 350 625 520 0
6948 1 536 334 643 500 0
6949 1 563 324 665 475 0
6950 1 578 317 674 471 0
6951 1 590 326 694 467 0
6983 1 341 202 457 322 0
6984 1 334 189 442 357 0
6985 1 329 182 436 346 0
6986 1 325 177 434 340 0
6987 1 324 169 438 331 0
6988 1 322 164 438 328 0
6989 1 323 155 433 317 0
6990 1 326 150 444 317 0
6991 1 328 142 445 306 0
6992 1 331 133 446 298 0
6993 1 334 124 447 291 0
6994 1 331 116 442 282 0
6995 1 333 110 439 275 0
6996 1 325 107 433 277 0
6997 1 319 110 425 275 0
6998 1 308 110 414 277 0
6999 1 301 109 405 276 0
7000 1 291 113 391 283 0
7001 1 277 121 379 293 0
7002 1 263 126 367 302 0
7003 1 254 131 356 316 0
7004 1 241 147 348 323 0
7005 1 229 162 336 331 0
7006 1 220 182 328 365 0
7007 1 213 203 317 385 0
7008 1 206 233 314 417 0
7009 1 195 264 306 447 0
7010 1 200 294 302 478 0
7011 1 203 327 307 499 0
7012 1 209 349 318 526 0
7013 1 221 375 330 552 0
7014 1 233 395 346 574 0
7015 1 245 418 362 593 0
7016 1 247 441 365 611 0
7017 1 244 459 361 630 0
7018 1 237 475 354 643 0
7019 1 222 496 335 661 0
7020 1 202 503 313 673 0
7021 1 184 514 296 680 0
7022 1 169 537 274 689 0
7023 1 155 537 260 693 0
7024 1 145 548 259 702 0
7025 1 140 556 242 702 0
7026 1 134 564 238 704 0
7027 1 138 569 243 709 0
7028 1 146 576 249 704 0
7029 1 162 580 270 698 0
7030 1 188 568 300 688 0
7031 1 222 543 327 687 0
7032 1 255 545 360 685 0
7033 1 293 549 395 686 0
7034 1 334 550 440 683 0
7035 1 376 544 482 676 0
7036 1 415 546 516 676 0
7037 1 460 542 558 679 0
7038 1 498 542 594 677 0
7039 1 525 540 624 676 0
7040 1 553 548 652 686 0
7041 1 569 556 676 694 0
7042 1 580 563 686 699 0
7043 1 587 572 691 709 0
7044 1 586 576 688 712 0
7045 1 579 583 692 729 0
7046 1 565 589 686 725 0
7047 1 549 582 666 719 0
7048 1 525 574 653 703 0
7049 1 496 550 602 683 0
7050 1 467 535 586 667 0
7051 1 438 530 549 668 0
7052 1 413 545 528 676 0
7053 1 393 568 510 691 0
7054 1 383 590 503 711 0
7055 1 374 610 497 728 0
7056 1 365 623 488 743 0
7057 1 359 637 480 752 0
7058 1 352 644 462 761 0
7059 1 351 657 453 767 0
7060 1 341 665 443 771 0
7061 1 333 671 439 776 0
7062 1 322 667 435 777 0
7063 1 309 676 421 777 0
7064 1 294 670 393 779 0
7065 1 274 672 383 773 0
7066 1 259 673 368 768 0
7067 1 245 655 359 762 0
7068 1 237 657 342 757 0
7069 1 236 659 340 754 0
7070 1 233 661 337 756 0
7071 1 233 661 339 758 0
7072 1 236 662 342 760 0
7073 1 240 663 346 763 0
7074 1 243 664 349 765 0
7075 1 250 681 355 775 0
7076 1 256 686 359 784 0
7077 1 256 686 359 789 0
7078 1 257 692 353 784 0
7079 1 253 690 348 774 0
7080 1 262 678 357 769 0
7081 1 271 673 366 757 0
7082 1 293 649 391 741 0
7083 1 318 634 425 733 0
7084 1 348 626 452 722 0
7085 1 376 608 472 717 0
7086 1 406 607 507 711 0
7087 1 434 600 542 707 0
7088 1 462 592 566 707 0
7089 1 498 591 594 704 0
7090 1 523 583 622 694 0
7091 1 546 571 646 688 0
7092 1 565 563 665 688 0
7093 1 588 573 677 692 0
7094 1 601 573 708 697 0
7095 1 621 592 723 715 0
7096 1 637 604 734 728 0
7097 1 653 628 750 753 0
7098 1 666 645 759 768 0
7099 1 678 657 774 785 0
7100 1 693 666 788 795 0
7101 1 715 672 809 805 0
7102 1 736 689 829 817 0
7103 1 759 706 855 836 0
7104 1 780 730 873 859 0
7105 1 799 775 902 914 0
7106 1 810 817 913 959 0
7107 1 826 850 937 995 0
7108 1 841 874 951 1011 0
7109 1 851 897 957 1033 0
7110 1 856 916 970 1055 0
7111 1 862 945 974 1079 0
7112 1 859 969 968 1078 0
7132 1 883 992 983 1079 0
7133 1 891 972 989 1079 0
7134 1 903 949 1000 1079 0
7135 1 914 950 1010 1071 0
7136 1 925 942 1020 1066 0
7137 1 933 942 1025 1054 0
7138 1 940 943 1033 1039 0
7139 1 949 944 1031 1022 0
7140 1 952 942 1030 1009 0
7144 1 958 919 1044 1006 0
7145 1 958 909 1045 992 0
7146 1 952 892 1042 975 0
7147 1 950 872 1035 935 0
7150 1 922 801 1017 876 0
7151 1 914 777 1004 871 0
7152 1 910 756 993 867 0
7153 1 895 742 980 848 0
7154 1 887 734 970 838 0
7155 1 882 726 963 828 0
7156 1 879 714 959 817 0
7157 1 876 700 956 804 0
7158 1 876 692 958 798 0
7159 1 879 684 960 785 0
7160 1 879 664 962 776 0
7161 1 878 660 964 772 0
7162 1 878 655 963 766 0
7163 1 878 648 965 756 0
7164 1 878 637 962 749 0
7165 1 872 620 956 733 0
7166 1 867 607 949 721 0
7167 1 860 588 945 697 0
7168 1 860 570 939 691 0
7169 1 858 551 934 669 0
7170 1 859 544 934 658 0
7171 1 858 535 932 656 0
7172 1 853 531 930 650 0
7173 1 853 528 929 645 0
7174 1 852 522 926 638 0
7175 1 846 510 926 634 0
7176 1 848 504 928 608 0
7177 1 854 498 930 598 0
7178 1 860 494 938 612 0
7179 1 870 494 946 604 0
7180 1 876 492 960 606 0
7181 1 884 482 970 602 0
7182 1 898 474 976 596 0
7183 1 904 460 988 578 0
7184 1 910 450 992 572 0
7185 1 918 448 1000 564 0
7186 1 930 448 1006 566 0
7187 1 940 452 1016 566 0
7188 1 944 458 1026 564 0
7189 1 950 460 1032 584 0
7190 1 962 452 1042 586 0
7191 1 964 458 1044 582 0
7192 1 968 450 1048 570 0
7193 1 968 440 1052 564 0
7194 1 968 426 1054 538 0
7195 1 964 412 1050 536 0
7196 1 962 400 1044 518 0
7197 1 958 382 1044 504 0
7198 1 952 366 1036 504 0
7199 1 940 364 1022 482 0
7200 1 922 348 1010 468 0
7201 1 908 338 988 458 0
7202 1 882 326 966 442 0
7203 1 869 304 962 430 0
7204 1 827 290 926 421 0
7205 1 783 285 871 412 0
7206 1 736 274 823 404 0
7207 1 689 272 778 399 0
7208 1 649 268 737 398 0
7209 1 610 266 697 401 0
7210 1 573 266 664 397 0
7211 1 545 271 635 396 0
7212 1 516 273 605 398 0
7213 1 488 277 573 398 0
7214 1 460 273 544 397 0
7215 1 432 274 518 398 0
7216 1 409 280 490 403 0
7217 1 386 285 467 408 0
7218 1 373 292 449 415 0
7219 1 356 297 433 421 0
7220 1 344 310 422 428 0
7221 1 335 315 411 435 0
7222 1 329 324 404 444 0
7223 1 324 330 397 442 0
7224 1 316 336 394 452 0
7225 1 309 328 390 445 0
7226 1 304 333 378 450 0
7227 1 287 326 365 450 0
7228 1 269 326 350 450 0
7229 1 262 332 333 450 0
7230 1 246 332 340 454 0
7231 1 248 326 346 452 0
7232 1 250 322 348 448 0
7233 1 252 328 362 424 0
7234 1 256 334 368 430 0
7235 1 250 336 372 456 0
7236 1 248 340 368 456 0
7237 1 230 344 346 460 0
7238 1 205 334 281 463 0
7239 1 117 370 205 484 0
7240 1 0 400 85 554 0
7261 1 0 456 43 568 0
7262 1 32 446 102 556 0
7263 1 82 437 153 543 0
7264 1 125 422 202 528 0
7265 1 171 406 249 519 0
7266 1 214 392 292 499 0
7267 1 256 383 331 493 0
7268 1 292 367 369 472 0
7269 1 328 349 409 456 0
7270 1 372 329 456 433 0
7271 1 419 301 512 409 0
7272 1 478 270 569 380 0
7273 1 535 244 624 349 0
7274 1 591 227 679 332 0
7275 1 642 212 732 325 0
7276 1 694 199 787 307 0
7277 1 741 189 834 292 0
7278 1 780 173 877 283 0
7279 1 820 160 913 268 0
7280 1 851 149 949 255 0
7281 1 883 134 982 243 0
7282 1 911 121 1006 226 0
7283 1 937 108 1030 213 0
7284 1 958 95 1051 197 0
7285 1 974 86 1067 184 0
7286 1 989 76 1082 175 0
7287 1 998 71 1090 176 0
7288 1 997 67 1084 172 0
7289 1 981 66 1070 168 0
7290 1 956 69 1040 175 0
7291 1 923 76 1006 182 0
7292 1 888 85 974 191 0
7293 1 859 101 942 213 0
7294 1 836 116 922 228 0
7295 1 823 124 905 235 0
7296 1 821 127 900 242 0
7297 1 817 140 892 251 0
7298 1 808 151 882 265 0
7299 1 797 164 874 271 0
7300 1 789 173 866 283 0
7301 1 778 173 854 282 0
7302 1 767 169 845 278 0
7303 1 757 158 830 270 0
7304 1 740 143 813 246 0
7305 1 715 116 786 215 0
7306 1 687 88 760 184 0
7307 1 653 56 728 169 0
7308 1 615 30 690 142 0
7309 1 577 11 653 106 0
7310 1 543 1 615 98 0
7311 1 509 0 583 87 0
7312 1 483 0 553 78 0
7313 1 457 0 525 59 0
7314 1 428 0 501 59 0
7315 1 408 0 480 67 0
7316 1 392 0 462 60 0
7317 1 368 0 441 66 0
7318 1 354 0 420 70 0
7319 1 334 0 401 70 0
7320 1 318 0 384 69 0
7321 1 306 0 373 73 0
7322 1 301 0 370 80 0
7323 1 299 0 366 78 0
7324 1 299 0 367 81 0
7325 1 306 0 370 82 0
7326 1 310 0 373 86 0
7327 1 318 0 378 95 0
7328 1 327 0 389 95 0
7329 1 327 0 397 90 0
7330 1 344 0 429 92 0
7331 1 358 0 429 92 0
7332 1 377 0 450 95 0
7333 1 401 0 478 102 0
7334 1 430 0 497 89 0
7335 1 452 0 526 80 0
7336 1 471 0 548 74 0
7337 1 499 0 572 68 0
7338 1 522 0 596 66 0
7339 1 543 0 618 67 0
7340 1 566 0 642 68 0
7341 1 598 0 669 59 0
7342 1 620 0 692 54 0
7343 1 645 0 716 48 0
7344 1 677 0 740 46 0
7345 1 701 0 766 39 0
7346 1 736 0 797 42 0
7347 1 766 0 827 40 0
7348 1 798 0 859 43 0
7349 1 830 0 895 48 0
7350 1 863 0 939 60 0
7351 1 889 0 979 74 0
7352 1 916 0 1010 110 0
7353 1 936 0 1038 136 0
7354 1 971 20 1068 156 0
7355 1 1004 30 1103 185 0
7356 1 1018 52 1127 202 0
7357 1 1031 82 1139 228 0
7358 1 1044 112 1158 269 0
7359 1 1059 152 1170 319 0
7360 1 1069 193 1181 352 0
7361 1 1076 230 1190 387 0
7362 1 1086 260 1200 420 0
7363 1 1091 297 1206 450 0
7364 1 1097 321 1212 479 0
7365 1 1103 346 1217 506 0
7366 1 1102 380 1232 534 0
7367 1 1098 404 1240 560 0
7368 1 1116 414 1250 574 0
7369 1 1126 434 1274 588 0
7370 1 1140 432 1272 606 0
7371 1 1138 446 1278 604 0
7372 1 1150 468 1298 632 0
7373 1 1170 478 1308 672 0
7374 1 1168 484 1312 638 0
7375 1 1160 464 1310 624 0
7376 1 1168 426 1310 570 0
7377 1 1176 410 1308 610 0
7378 1 1174 420 1304 605 0
7379 1 1176 401 1317 599 0
7380 1 1183 399 1329 601 0
7381 1 1188 396 1338 601 0
7382 1 1199 410 1336 601 0
7383 1 1202 395 1344 595 0
7384 1 1209 400 1364 598 0
7385 1 1212 386 1368 599 0
7386 1 1219 369 1370 587 0
7387 1 1218 364 1374 577 0
7388 1 1218 358 1379 573 0
7389 1 1211 353 1379 574 0
7390 1 1208 370 1366 578 0
7391 1 1210 342 1360 534 0
7392 1 1213 342 1365 561 0
7393 1 1210 330 1381 565 0
7394 1 1223 335 1395 574 0
7395 1 1222 342 1394 583 0
7396 1 1221 341 1394 588 0
7397 1 1217 342 1404 594 0
7398 1 1226 340 1410 598 0
7399 1 1230 330 1420 593 0
7400 1 1235 326 1428 595 0
7401 1 1239 318 1437 592 0
7402 1 1260 310 1456 564 0
7403 1 1258 302 1484 550 0
7404 1 1264 286 1500 536 0
7405 1 1278 264 1512 534 0
7406 1 1306 252 1552 528 0
7407 1 1330 214 1578 486 0
7408 1 1334 188 1586 466 0
7409 1 1340 174 1598 456 0
7410 1 1372 132 1636 406 0
7411 1 1390 112 1660 384 0
7412 1 1406 92 1682 364 0
7413 1 1424 74 1706 346 0
7414 1 1444 56 1728 328 0
7415 1 1458 38 1744 312 0
7416 1 1470 22 1762 296 0
7417 1 1482 6 1778 282 0
7418 1 1498 0 1816 266 0
7419 1 1498 0 1831 306 0
7420 1 1498 0 1848 267 0
7421 1 1498 0 1863 236 0
7422 1 1498 0 1877 191 0
7423 1 1617 0 1877 138 0
7424 1 1639 0 1857 90 0
7653 1 1789 485 1845 576 0
7654 1 1662 441 1721 532 0
7655 1 1531 408 1591 499 0
7656 1 1403 383 1465 473 0
7657 1 1290 363 1351 455 0
7658 1 1191 349 1251 439 0
7659 1 1101 338 1168 427 0
7660 1 1030 330 1093 421 0
7661 1 964 326 1031 413 0
7662 1 907 318 973 411 0
7663 1 852 316 914 407 0
7664 1 798 312 858 406 0
7665 1 743 313 807 405 0
7666 1 701 310 763 404 0
7667 1 664 312 725 399 0
7668 1 635 312 692 399 0
7669 1 610 312 666 397 0
7670 1 589 310 647 397 0
7671 1 572 313 629 393 0
7672 1 560 314 616 397 0
7673 1 548 316 604 406 0
7674 1 538 322 595 411 0
7675 1 530 320 588 410 0
7676 1 527 327 582 417 0
7677 1 527 326 584 415 0
7678 1 531 326 585 416 0
7679 1 532 324 588 413 0
7680 1 530 323 586 411 0
7681 1 525 320 583 411 0
7682 1 521 318 576 403 0
7683 1 516 308 572 399 0
7684 1 508 297 564 388 0
7685 1 500 282 558 371 0
7686 1 495 270 552 361 0
7687 1 493 258 551 353 0
7688 1 496 247 554 343 0
7689 1 501 239 560 330 0
7690 1 509 227 569 326 0
7691 1 520 215 583 314 0
7692 1 538 202 600 301 0
7693 1 556 184 619 282 0
7694 1 579 164 643 261 0
7695 1 598 140 664 232 0
7696 1 619 118 687 205 0
7697 1 638 100 704 199 0
7698 1 659 85 723 183 0
7699 1 681 71 746 165 0
7700 1 703 55 766 152 0
7701 1 721 41 787 141 0
7702 1 740 34 804 128 0
7703 1 756 23 823 117 0
7704 1 775 20 842 113 0
7705 1 792 17 858 119 0
7706 1 806 13 870 115 0
7707 1 816 12 884 108 0
7708 1 828 15 895 114 0
7709 1 834 18 900 125 0
7710 1 841 24 906 130 0
7711 1 842 27 910 134 0
7712 1 843 35 910 129 0
7713 1 840 41 908 136 0
7714 1 836 46 907 149 0
7715 1 833 52 902 157 0
7716 1 824 59 893 161 0
7717 1 816 61 884 159 0
7718 1 807 66 878 171 0
7719 1 800 66 869 175 1
7720 1 790 72 863 176 1
7721 1 784 70 849 170 1
7722 1 772 62 839 166 1
7723 1 757 59 834 156 1
7724 1 748 50 820 150 1
7725 1 739 43 812 148 1
7726 1 714 42 788 130 1
7727 1 706 40 778 128 1
7728 1 682 34 764 128 1
7729 1 678 32 752 122 1
7730 1 668 26 738 118 1
7731 1 652 24 730 118 1
7732 1 644 24 718 112 1
7733 1 638 22 712 110 1
7734 1 630 26 698 112 1
7735 1 608 34 684 124 1
7736 1 594 40 670 126 1
7737 1 578 44 652 132 1
7738 1 562 42 636 134 1
7739 1 548 42 620 132 1
7740 1 530 38 602 130 1
7741 1 516 32 586 122 1
7742 1 498 22 566 110 1
7743 1 486 10 554 96 1
7744 1 489 1 548 81 1
7745 1 480 1 538 76 1
7746 1 459 0 519 64 1
7747 1 446 0 508 47 1
7748 1 444 0 482 34 1
7749 1 436 0 469 28 1
7759 1 126 0 157 40 1
7760 1 103 0 146 40 1
7761 1 89 0 131 35 1
7762 1 74 0 119 55 0
7763 1 65 0 117 68 0
7764 1 58 2 110 81 0
7765 1 56 16 103 100 0
7766 1 52 24 101 112 0
7767 1 58 50 110 128 0
7768 1 56 64 108 136 0
7769 1 58 80 104 146 0
7770 1 58 84 110 160 0
7771 1 56 96 108 172 0
7772 1 60 112 106 178 0
7773 1 58 114 106 184 0
7774 1 54 114 106 188 0
7775 1 54 124 104 196 0
7776 1 48 138 100 208 0
7777 1 52 154 96 218 0
7778 1 48 162 92 230 0
7779 1 58 158 110 226 0
7780 1 62 162 114 232 0
7781 1 68 162 118 230 0
7782 1 68 162 116 228 0
7783 1 76 158 122 226 0
7784 1 78 147 123 225 0
7785 1 99 135 148 219 0
7786 1 139 120 187 209 0
7787 1 185 99 233 184 0
7788 1 238 80 289 165 0
7789 1 285 54 344 139 0
7790 1 331 20 388 118 0
7791 1 370 15 430 98 0
7792 1 408 2 461 80 0
7793 1 436 0 492 62 0
7794 1 462 0 517 50 0
7795 1 484 0 534 29 0
7796 1 509 0 554 22 0
7831 1 354 0 401 30 0
7832 1 377 1 428 39 0
7833 1 398 0 455 49 0
7834 1 422 0 479 55 0
7835 1 439 0 502 68 0
7836 1 456 0 513 70 0
7837 1 470 0 532 77 0
7838 1 488 3 546 87 0
7839 1 500 10 559 97 0
7840 1 512 14 572 98 0
7841 1 527 18 585 100 0
7842 1 542 21 596 103 0
7843 1 555 25 608 108 0
7844 1 567 29 619 115 0
7845 1 579 32 631 114 0
7846 1 593 37 644 113 0
7847 1 603 39 652 116 0
7848 1 616 40 669 118 0
7849 1 632 41 681 113 0
7850 1 641 41 695 115 0
7851 1 650 38 704 108 0
7852 1 658 35 710 113 0
7853 1 669 31 718 102 0
7854 1 670 22 728 98 0
7855 1 674 18 738 100 0
7856 1 682 8 740 90 0
7857 1 686 4 746 86 0
7858 1 692 12 748 92 0
7859 1 694 32 754 106 0
7860 1 694 38 754 116 0
7861 1 692 50 750 126 0
7862 1 690 62 748 138 0
7863 1 684 72 748 150 0
7864 1 678 76 742 154 0
7865 1 676 80 740 160 0
7866 1 678 82 738 166 0
7867 1 674 90 736 170 0
7868 1 672 90 736 170 0
7869 1 674 100 736 176 0
7870 1 668 102 734 182 0
7871 1 664 108 726 184 0
7872 1 662 108 722 186 0
7873 1 662 114 722 192 0
7874 1 660 122 720 198 0
7875 1 658 128 720 206 0
7876 1 656 130 718 206 0
7877 1 654 136 716 214 0
7878 1 634 148 694 222 0
7879 1 625 147 678 219 0
7880 1 583 159 635 236 0
7881 1 524 176 578 256 0
7882 1 460 191 511 270 0
7883 1 395 207 444 288 0
7884 1 342 215 388 292 0
7885 1 297 224 344 302 0
7886 1 268 233 315 310 0
7887 1 248 243 294 320 0
7888 1 233 252 280 329 0
7889 1 221 259 267 342 0
7890 1 215 263 261 347 0
7891 1 210 264 257 347 0
7892 1 206 261 253 348 0
7893 1 204 261 250 347 0
7894 1 201 271 247 355 0
7895 1 194 277 250 363 0
7896 1 192 296 250 370 0
7897 1 192 300 252 374 0
7898 1 190 306 250 384 0
7899 1 190 314 250 390 0
7900 1 190 322 246 390 0
7901 1 194 332 254 408 0
7902 1 200 332 256 404 0
7903 1 210 332 264 408 0
7904 1 218 320 270 396 0
7905 1 222 314 278 388 0
7906 1 226 300 286 374 0
7907 1 236 286 298 368 0
7908 1 258 274 316 350 0
7909 1 276 278 336 346 0
7910 1 296 282 356 362 0
7911 1 300 302 362 378 0
7912 1 308 318 368 396 0
7913 1 326 310 384 388 0
7914 1 322 296 384 374 0
7915 1 326 278 388 354 0
7916 1 336 280 398 354 0
7917 1 352 282 416 358 0
7918 1 362 294 418 368 0
7919 1 368 308 428 384 0
7920 1 374 318 436 392 0
7921 1 384 318 444 396 0
7922 1 392 328 450 406 0
7923 1 398 336 456 414 0
7924 1 402 344 462 422 0
7925 1 412 356 472 430 0
7926 1 424 364 486 440 0
7927 1 434 368 494 446 0
7928 1 442 368 506 446 0
7929 1 454 370 514 446 0
7930 1 464 370 528 448 0
7931 1 476 366 538 444 0
7932 1 482 364 548 440 0
7933 1 492 368 556 444 0
7934 1 500 372 560 450 0
7935 1 504 378 564 458 0
7936 1 508 394 566 468 0
7937 1 514 404 574 480 0
7938 1 518 416 576 486 0
7939 1 528 426 588 500 0
7940 1 532 430 590 500 0
7941 1 536 442 600 512 0
7942 1 538 446 600 518 0
7943 1 542 448 596 518 0
7944 1 542 448 598 524 0
7945 1 544 452 600 518 0
7946 1 544 452 598 524 0
7947 1 542 448 596 520 0
7948 1 540 446 592 516 0
7949 1 540 444 592 512 0
7950 1 536 438 588 506 0
7951 1 532 434 586 500 0
7952 1 526 422 582 492 0
7953 1 524 418 582 492 0
7954 1 522 416 582 494 0
7955 1 518 416 576 488 0
7956 1 518 418 572 490 0
7957 1 514 416 568 486 0
7958 1 508 412 564 488 0
7959 1 502 406 558 484 0
7960 1 500 402 554 478 0
7961 1 500 398 556 480 0
7962 1 502 400 558 482 0
7963 1 504 404 560 484 0
7964 1 506 404 560 482 0
7965 1 504 404 562 484 0
7966 1 508 404 564 482 0
7967 1 502 398 560 476 0
7968 1 492 394 548 470 0
7969 1 484 390 540 466 0
7970 1 456 376 506 446 0
7971 1 434 370 482 436 0
7972 1 412 370 458 434 0
7973 1 398 365 446 449 0
7974 1 375 369 425 448 0
7975 1 354 378 402 467 0
7976 1 338 382 389 467 0
7977 1 326 389 374 478 0
7978 1 314 399 362 486 0
7979 1 302 406 350 485 0
7980 1 295 411 344 501 0
7981 1 300 434 350 500 0
7982 1 298 446 348 508 0
7983 1 286 448 338 516 0
7984 1 268 450 318 516 0
7985 1 250 441 301 532 0
7986 1 231 453 282 547 0
7987 1 210 469 260 566 0
7988 1 197 480 246 572 0
7989 1 188 484 237 578 0
7990 1 176 484 229 579 0
7991 1 165 482 215 573 0
7992 1 160 484 210 573 0
7993 1 157 480 206 569 0
7994 1 154 478 202 548 0
7995 1 156 476 204 562 0
7996 1 155 473 204 564 0
7997 1 156 472 204 565 0
7998 1 156 470 204 561 0
7999 1 155 466 202 559 0
8000 1 155 460 203 552 0
8001 1 153 452 204 546 0
8002 1 156 438 208 533 0
8003 1 162 422 209 520 0
8004 1 162 411 214 491 0
8005 1 166 396 215 475 0
8006 1 170 376 218 467 0
8007 1 174 358 225 445 0
8008 1 179 343 230 435 0
8009 1 183 327 235 413 0
8010 1 188 312 238 408 0
8011 1 193 301 240 393 0
8012 1 199 287 245 379 0
8013 1 206 279 256 369 0
8014 1 216 278 268 368 0
8015 1 230 282 282 369 0
8016 1 245 291 298 384 0
8017 1 262 302 315 391 0
8018 1 282 315 334 403 0
8019 1 302 329 357 410 0
8020 1 328 347 385 433 0
8021 1 360 371 420 464 0
8022 1 412 406 467 493 0
8023 1 469 449 523 537 0
8024 1 529 494 588 580 0
8025 1 588 542 645 625 0
8026 1 640 584 696 663 0
8027 1 685 617 744 698 0
8028 1 722 643 778 726 0
8029 1 752 666 807 753 0
8030 1 774 686 834 768 0
8031 1 794 699 854 783 1
8032 1 817 710 874 792 1
8033 1 836 718 893 801 1
8034 1 851 725 908 812 1
8035 1 864 728 921 816 1
8036 1 876 732 931 818 1
8037 1 882 732 942 822 1
8038 1 888 731 945 814 1
8039 1 892 727 947 809 1
8040 1 892 724 949 807 1
8041 1 896 719 948 805 1
8042 1 896 716 949 804 1
8043 1 893 710 947 797 1
8044 1 894 701 945 785 1
8045 1 892 683 941 763 1
8046 1 885 656 934 736 1
8047 1 874 617 927 690 1
8048 1 859 574 911 652 1
8049 1 843 526 893 608 1
8050 1 823 481 874 556 1
8051 1 806 437 856 518 1
8052 1 790 396 842 476 1
8053 1 778 362 832 443 1
8054 1 768 339 819 420 1
8055 1 761 317 811 399 1
8056 1 751 300 801 382 0
8057 1 745 279 797 363 0
8058 1 739 261 791 341 0
8059 1 735 242 787 327 0
8060 1 729 224 781 310 0
8061 1 723 210 779 287 0
8062 1 718 192 772 264 0
8063 1 713 178 766 248 0
8064 1 708 164 760 240 0
8065 1 703 152 755 229 0
8066 1 696 144 751 227 0
8067 1 689 134 747 218 0
8068 1 684 132 744 210 0
8069 1 680 122 740 200 0
8070 1 676 118 734 202 0
8071 1 672 114 730 200 0
8072 1 666 110 730 196 0
8073 1 664 106 722 184 0
8074 1 664 98 720 180 0
8075 1 662 94 722 178 0
8076 1 656 96 718 180 0
8077 1 648 104 708 184 0
8078 1 636 114 696 192 0
8079 1 614 118 676 194 0
8080 1 602 126 666 202 0
8081 1 592 130 656 206 0
8082 1 578 144 642 220 0
8083 1 566 150 630 226 0
8084 1 558 162 620 236 0
8085 1 544 172 610 246 0
8086 1 540 186 604 260 0
8087 1 534 198 596 270 0
8088 1 534 208 600 284 0
8089 1 538 216 604 294 0
8090 1 538 222 604 296 0
8091 1 538 226 600 302 0
8092 1 538 234 598 310 0
8093 1 532 238 592 318 0
8094 1 512 236 580 312 0
8095 1 498 234 558 312 0
8096 1 486 228 546 308 0
8097 1 476 222 540 306 0
8098 1 476 224 532 300 0
8099 1 478 234 534 312 0
8100 1 486 242 544 316 0
8101 1 500 241 552 325 0
8102 1 525 245 575 335 0
8103 1 556 249 608 331 0
8104 1 588 250 640 335 0
8105 1 617 251 670 330 0
8106 1 643 248 696 330 0
8107 1 665 247 717 325 0
8108 1 678 245 733 331 0
8109 1 689 248 740 336 0
8110 1 686 254 738 336 0
8111 1 660 249 713 327 0
8112 1 614 236 667 319 0
8113 1 552 220 604 301 0
8114 1 498 201 552 289 0
8115 1 479 198 530 285 0
8116 1 489 218 541 290 0
8117 1 517 253 568 324 0
8118 1 550 298 607 369 0
8119 1 599 348 652 419 0
8120 1 642 398 698 470 0
8121 1 693 445 748 513 0
8122 1 738 485 797 555 0
8123 1 789 520 844 588 0
8124 1 832 545 890 615 0
8125 1 875 571 933 637 0
8126 1 916 591 969 661 0
8127 1 943 612 999 675 0
8128 1 965 627 1022 691 0
8129 1 983 643 1036 707 0
8130 1 992 656 1045 721 0
8131 1 996 666 1049 731 0
8132 1 995 675 1048 764 0
8133 1 993 681 1049 768 0
8134 1 989 686 1043 762 0
8135 1 986 687 1041 769 0
8136 1 979 683 1034 768 0
8137 1 975 679 1033 762 0
8138 1 973 680 1028 762 0
8139 1 969 683 1025 770 0
8140 1 968 696 1022 772 0
8141 1 968 696 1021 784 0
8142 1 958 710 1012 784 0
8143 1 952 716 1006 790 0
8144 1 946 718 1006 792 0
8145 1 946 716 1000 794 0
8146 1 942 716 994 794 0
8147 1 938 730 992 798 0
8148 1 940 732 990 798 0
8149 1 938 730 990 798 0
8150 1 936 730 992 798 0
8151 1 938 728 990 798 0
8152 1 934 714 992 792 0
8153 1 936 706 990 784 0
8154 1 940 698 996 772 0
8155 1 940 692 998 768 0
8156 1 944 688 1002 762 0
8157 1 946 684 1004 758 0
8158 1 948 676 1004 752 0
8159 1 944 672 1000 750 0
8160 1 948 672 1004 748 0
8161 1 950 666 1002 740 0
8162 1 950 664 1008 740 0
8163 1 952 658 1012 734 0
8164 1 962 654 1020 734 0
8165 1 962 654 1024 730 0
8166 1 974 654 1032 730 0
8167 1 976 652 1036 726 0
8168 1 980 652 1042 730 0
8169 1 986 652 1044 728 0
8170 1 988 652 1048 732 0
8171 1 990 650 1050 728 0
8172 1 988 650 1046 728 0
8173 1 986 650 1044 728 0
8174 1 984 640 1040 720 0
8175 1 968 636 1024 718 0
8176 1 944 632 1002 708 0
8177 1 942 630 997 716 0
8178 1 929 628 984 720 0
8179 1 924 631 978 711 0
8180 1 920 633 975 715 0
8181 1 922 638 978 722 0
8182 1 923 640 978 727 0
8183 1 922 643 978 733 0
8184 1 922 646 978 729 0
8185 1 921 648 979 729 0
8186 1 920 652 980 728 0
8187 1 920 650 978 728 0
8188 1 922 650 980 726 0
8189 1 926 652 986 726 0
8190 1 936 652 994 726 0
8191 1 948 640 1006 722 0
8192 1 950 638 1008 716 0
8193 1 960 631 1014 712 0
8194 1 966 632 1024 710 0
8195 1 972 626 1032 710 0
8196 1 976 624 1038 706 0
8197 1 980 622 1038 700 0
8198 1 982 620 1042 700 0
8199 1 986 620 1046 700 0
8200 1 988 620 1048 700 0
8201 1 988 618 1048 698 0
8202 1 990 618 1048 694 0
8203 1 992 616 1048 694 0
8204 1 994 614 1052 692 0
8205 1 998 612 1056 688 0
8206 1 1002 614 1060 690 0
8207 1 1008 610 1066 688 0
8208 1 1012 602 1070 682 0
8209 1 1018 598 1072 674 0
8210 1 1014 592 1068 666 0
8211 1 1010 588 1068 664 0
8212 1 1010 582 1066 660 0
8213 1 1010 576 1064 654 0
8214 1 1006 576 1062 650 0
8215 1 1000 568 1054 642 0
8216 1 997 564 1051 643 0
8217 1 986 561 1039 646 0
8218 1 968 562 1022 650 0
8219 1 945 563 1008 649 0
8220 1 917 572 974 659 0
8221 1 884 580 942 657 0
8222 1 850 585 914 670 0
8223 1 814 587 881 661 0
8224 1 781 595 848 682 0
8225 1 748 598 817 672 0
8226 1 720 598 787 681 0
8227 1 696 596 764 679 0
8228 1 671 598 738 684 0
8229 1 623 596 692 682 0
8230 1 536 592 602 663 0
8231 1 390 591 457 677 0
8232 1 210 601 269 685 0
8233 1 32 624 77 708 0
8258 1 57 424 122 510 0
8259 1 157 374 228 471 0
8260 1 237 332 307 428 0
8261 1 302 296 364 384 0
8262 1 348 270 412 355 0
8263 1 381 245 448 336 0
8264 1 410 226 482 316 0
8265 1 431 215 499 303 0
8266 1 450 202 523 291 0
8267 1 466 190 536 284 0
8268 1 479 182 551 270 0
8269 1 496 175 562 263 0
8270 1 507 170 575 261 0
8271 1 517 169 586 266 0
8272 1 527 169 595 260 0
8273 1 535 169 603 258 0
8274 1 543 169 611 263 0
8275 1 552 168 619 262 0
8276 1 563 167 627 258 0
8277 1 572 167 632 255 0
8278 1 581 170 634 239 0
8279 1 589 169 640 229 0
8280 1 594 167 646 233 0
8281 1 604 164 655 239 0
8282 1 611 165 666 232 0
8283 1 621 161 677 229 0
8284 1 630 160 688 230 0
8285 1 644 160 698 233 0
8286 1 654 161 709 229 0
8287 1 664 163 724 226 0
8288 1 674 162 729 229 0
8289 1 680 162 737 229 0
8290 1 685 169 741 236 0
8291 1 689 180 745 247 0
8292 1 687 194 744 263 0
8293 1 682 215 742 283 0
8294 1 676 241 734 309 0
8295 1 669 269 725 341 0
8296 1 655 303 711 374 0
8297 1 637 339 695 425 0
8298 1 614 375 671 462 0
8299 1 589 405 648 497 0
8300 1 562 433 622 522 0
8301 1 537 451 596 531 0
8302 1 518 468 578 537 0
8303 1 504 478 562 551 0
8304 1 500 483 556 557 0
8305 1 500 485 557 564 0
8306 1 505 486 563 562 0
8307 1 510 480 568 552 0
8308 1 517 468 574 540 0
8309 1 523 455 579 524 0
8310 1 526 439 582 521 0
8311 1 529 422 586 505 0
8312 1 532 403 588 485 0
8313 1 533 387 594 472 0
8314 1 540 365 597 453 0
8315 1 543 344 601 431 0
8316 1 548 325 611 410 0
8317 1 553 307 612 391 0
8318 1 556 290 614 378 0
8319 1 562 271 621 351 0
8320 1 563 255 624 343 0
8321 1 565 243 626 327 0
8322 1 564 226 622 309 0
8323 1 563 212 625 302 0
8324 1 559 201 621 294 0
8325 1 554 192 617 281 0
8326 1 552 188 611 263 0
8327 1 550 174 608 265 0
8328 1 544 166 605 260 0
8329 1 541 156 598 255 0
8330 1 539 150 595 241 0
8331 1 539 141 594 236 0
8332 1 534 134 596 222 0
8333 1 536 134 600 222 0
8334 1 546 132 608 220 0
8335 1 552 128 614 218 0
8336 1 556 116 616 206 0
8337 1 550 116 612 210 0
8338 1 530 134 596 222 0
8339 1 514 140 578 230 0
8340 1 516 138 574 242 0
8341 1 501 149 559 244 0
8342 1 487 153 546 239 0
8343 1 468 155 536 255 0
8344 1 456 166 518 254 0
8345 1 452 160 514 254 0
8346 1 446 158 508 252 0
8347 1 438 162 504 254 0
8348 1 434 164 498 252 0
8349 1 428 162 494 250 0
8350 1 424 162 490 254 0
8351 1 420 162 488 256 0
8352 1 420 162 490 256 0
8353 1 420 162 488 256 0
8354 1 424 160 492 256 0
8355 1 424 160 490 256 0
8356 1 424 160 494 260 0
8357 1 424 162 492 262 0
8358 1 422 166 490 266 0
8359 1 420 168 488 266 0
8360 1 414 166 482 266 0
8361 1 410 166 478 264 0
8362 1 412 172 478 266 0
8363 1 412 170 482 268 0
8364 1 418 164 484 266 0
8365 1 432 152 498 252 0
8366 1 422 134 505 243 0
8367 1 432 110 519 225 0
8368 1 448 99 520 190 0
8369 1 461 75 535 179 0
8370 1 477 55 557 154 0
8371 1 499 34 577 136 0
8372 1 520 14 597 115 0
8373 1 541 0 619 98 0
8374 1 563 0 639 76 0
8375 1 590 0 668 49 0
8376 1 625 0 694 40 0
8380 1 788 0 846 37 0
8381 1 826 0 882 46 0
8382 1 858 0 912 51 0
8383 1 880 0 946 55 0
8384 1 917 0 981 61 0
8385 1 952 0 1020 69 0
8386 1 975 0 1049 83 0
8387 1 1007 0 1074 85 0
8388 1 1031 0 1101 91 0
8389 1 1048 0 1119 98 0
8390 1 1063 0 1128 91 0
8391 1 1070 0 1139 88 0
8392 1 1073 0 1141 56 0
8393 1 1073 0 1141 46 0
8394 1 1069 0 1137 40 0
8447 1 964 0 1022 50 0
8448 1 968 0 1028 62 0
8449 1 972 0 1039 68 0
8450 1 979 0 1049 71 0
8451 1 979 0 1049 77 0
8452 1 978 0 1049 91 0
8453 1 970 0 1043 98 0
8454 1 967 0 1035 104 0
8455 1 959 0 1027 98 0
8456 1 952 0 1022 96 0
8457 1 945 0 1016 101 0
8458 1 940 0 1010 77 0
8459 1 939 0 1008 82 0
8460 1 936 0 1007 82 0
8461 1 932 0 1006 96 0
8462 1 934 4 1008 98 0
8463 1 932 6 1006 98 0
8464 1 936 8 1006 102 0
8465 1 936 12 1008 110 0
8466 1 940 12 1012 112 0
8467 1 946 6 1018 104 0
8468 1 954 16 1024 112 0
8469 1 962 20 1030 118 0
8470 1 970 26 1042 126 0
8471 1 982 36 1054 130 0
8472 1 990 38 1060 130 0
8473 1 998 42 1072 142 0
8474 1 999 41 1065 139 0
8475 1 1006 42 1078 142 0
8476 1 1010 50 1082 146 0
8477 1 1014 47 1083 149 0
8478 1 1020 52 1092 148 0
8479 1 1030 58 1102 150 0
8480 1 1036 62 1106 162 0
8481 1 1044 66 1118 166 0
8482 1 1050 74 1122 172 0
8483 1 1056 74 1122 174 0
8484 1 1056 74 1126 170 0
8485 1 1060 76 1128 174 0
8486 1 1064 74 1132 172 0
8487 1 1066 72 1136 170 0
8488 1 1064 72 1130 170 0
8489 1 1062 72 1128 170 0
8490 1 1062 72 1130 170 0
8491 1 1064 72 1132 170 0
8492 1 1064 72 1130 170 0
8493 1 1064 70 1130 168 0
8494 1 1064 70 1132 166 0
8495 1 1068 68 1138 166 0
8496 1 1070 64 1140 162 0
8497 1 1074 60 1144 154 0
8498 1 1076 56 1144 150 0
8499 1 1078 52 1144 150 0
8500 1 1078 50 1146 142 0
8501 1 1078 52 1144 142 0
8502 1 1078 50 1146 142 0
8503 1 1090 42 1160 134 0
8504 1 1102 38 1170 136 0
8505 1 1114 48 1184 138 0
8506 1 1124 52 1192 148 0
8507 1 1126 56 1194 148 0
8508 1 1128 58 1196 150 0
8509 1 1122 60 1192 150 0
8510 1 1122 62 1194 154 0
8511 1 1122 62 1194 154 0
8512 1 1122 58 1194 150 0
8513 1 1122 56 1192 148 0
8514 1 1122 48 1192 144 0
8515 1 1124 36 1192 130 0
8516 1 1118 32 1188 128 0
8517 1 1116 26 1188 124 0
8518 1 1116 26 1190 120 0
8519 1 1116 26 1188 120 0
8520 1 1118 28 1192 122 0
8521 1 1120 30 1192 122 0
8522 1 1122 38 1194 134 0
8523 1 1120 42 1188 140 0
8524 1 1112 48 1180 144 0
8525 1 1096 48 1166 138 0
8526 1 1080 54 1148 144 0
8527 1 1064 42 1134 136 0
8528 1 1044 36 1114 132 0
8529 1 1022 30 1094 126 0
8530 1 1000 20 1070 108 0
8531 1 982 2 1054 98 0
8532 1 974 1 1045 93 0
8533 1 958 0 1029 79 0
8534 1 950 0 1009 68 0
8535 1 931 0 996 49 0
8536 1 926 0 980 50 0
8537 1 926 0 976 31 0
8547 1 1040 0 1107 38 0
8548 1 1042 0 1123 46 0
8549 1 1068 0 1147 58 0
8550 1 1086 0 1168 73 0
8551 1 1103 0 1184 83 0
8552 1 1124 0 1203 90 0
8553 1 1142 0 1228 100 0
8554 1 1162 0 1240 100 0
8555 1 1181 0 1262 98 0
8556 1 1202 0 1282 94 0
8557 1 1226 0 1303 95 0
8558 1 1254 0 1335 98 0
8559 1 1278 0 1357 91 0
8560 1 1302 0 1383 96 0
8561 1 1323 0 1405 100 0
8562 1 1341 0 1422 100 0
8563 1 1353 0 1433 102 0
8564 1 1358 0 1438 108 0
8565 1 1360 0 1441 114 0
8566 1 1359 0 1436 117 0
8567 1 1356 0 1435 117 0
8568 1 1350 0 1440 105 0
8569 1 1343 0 1430 106 0
8570 1 1329 3 1415 121 0
8571 1 1319 13 1406 127 0
8572 1 1310 18 1392 128 0
8573 1 1299 19 1376 133 0
8574 1 1286 18 1363 133 0
8575 1 1272 18 1359 132 0
8576 1 1261 17 1345 133 0
8577 1 1252 18 1338 139 0
8578 1 1247 19 1334 141 0
8579 1 1246 19 1339 148 0
8580 1 1246 14 1336 137 0
8581 1 1247 4 1338 132 0
8582 1 1254 0 1344 120 0
8583 1 1263 0 1352 110 0
8584 1 1274 0 1362 105 0
8585 1 1287 0 1378 104 0
8586 1 1302 0 1392 107 0
8587 1 1311 0 1406 108 0
8588 1 1316 0 1414 120 0
8589 1 1313 0 1411 129 0
8590 1 1311 0 1410 140 0
8591 1 1309 0 1411 151 0
8592 1 1313 13 1413 168 0
8593 1 1320 28 1423 186 0
8594 1 1329 43 1434 208 0
8595 1 1332 45 1436 197 0
8596 1 1330 42 1437 193 0
8597 1 1333 39 1440 195 0
8598 1 1333 46 1447 223 0
8599 1 1344 41 1462 243 0
8600 1 1348 74 1454 266 0
8601 1 1346 105 1451 299 0
8602 1 1339 149 1444 323 0
8603 1 1329 182 1435 360 0
8604 1 1313 207 1417 384 0
8605 1 1296 234 1403 420 0
8606 1 1276 259 1384 444 0
8607 1 1251 279 1362 447 0
8608 1 1224 289 1336 468 0
8609 1 1195 294 1307 480 0
8610 1 1170 310 1284 501 0
8611 1 1141 325 1258 528 0
8612 1 1119 348 1234 555 0
8613 1 1097 365 1217 562 0
8614 1 1078 367 1200 571 0
8615 1 1056 358 1176 553 0
8616 1 1035 347 1154 547 0
8617 1 1011 338 1135 545 0
8618 1 991 332 1119 528 0
8619 1 982 334 1106 539 0
8620 1 964 340 1092 550 0
8621 1 955 353 1083 566 0
8622 1 942 367 1069 580 0
8623 1 931 382 1065 587 0
8624 1 918 389 1057 605 0
8625 1 909 396 1051 613 0
8626 1 906 397 1046 600 0
8627 1 902 409 1042 651 0
8628 1 898 419 1039 665 0
8629 1 895 431 1037 684 0
8630 1 887 450 1030 676 0
8631 1 875 452 1027 682 0
8632 1 868 443 1023 672 0
8633 1 862 432 1023 680 0
8634 1 855 435 1019 678 0
8635 1 848 454 1018 658 0
8636 1 840 438 1012 646 0
8637 1 836 434 1006 638 0
8638 1 834 436 1008 644 0
8639 1 826 438 1004 648 0
8640 1 814 440 1002 652 0
8641 1 808 444 994 656 0
8642 1 804 442 996 656 0
8643 1 804 442 996 654 0
8644 1 806 438 998 648 0
8645 1 806 428 1002 646 0
8646 1 808 408 1000 632 0
8647 1 800 414 1010 620 0
8648 1 804 412 1012 618 0
8649 1 808 414 1016 620 0
8650 1 812 416 1024 628 0
8651 1 812 414 1028 624 1
8652 1 818 412 1030 624 1
8653 1 820 416 1032 630 1
8654 1 822 440 1034 648 1
8655 1 824 442 1042 654 1
8656 1 822 446 1040 664 1
8657 1 826 452 1044 668 1
8658 1 826 456 1044 670 1
8659 1 828 460 1044 668 1
8660 1 832 464 1048 672 1
8661 1 834 464 1052 674 1
8662 1 838 462 1056 674 1
8663 1 838 452 1056 668 1
8664 1 838 442 1060 662 1
8665 1 840 434 1062 652 1
8666 1 844 402 1060 628 1
8667 1 842 398 1058 620 1
8668 1 840 388 1062 606 1
8669 1 840 384 1060 602 1
8670 1 838 378 1062 604 1
8671 1 836 378 1060 608 1
8672 1 840 376 1064 608 1
8673 1 838 374 1064 606 1
8674 1 836 370 1062 600 1
8675 1 836 368 1062 602 1
8676 1 842 364 1064 592 1
8677 1 842 354 1064 588 1
8678 1 856 334 1074 550 1
8679 1 856 318 1076 542 1
8680 1 860 290 1082 532 1
8681 1 862 278 1094 520 1
8682 1 870 276 1100 512 1
8683 1 876 272 1106 508 1
8684 1 888 280 1114 500 1
8685 1 890 228 1118 478 1
8686 1 904 224 1124 454 1
8687 1 910 208 1128 428 1
8688 1 920 200 1130 424 1
8689 1 920 166 1128 390 1
8690 1 932 164 1144 386 1
8691 1 930 148 1150 384 1
8692 1 938 140 1158 376 1
8693 1 944 136 1162 368 1
8694 1 954 140 1168 364 1
8695 1 968 142 1176 360 1
8696 1 978 146 1182 358 1
8697 1 986 148 1184 356 1
8698 1 994 138 1184 366 1
8699 1 994 114 1182 346 1
8700 1 992 106 1176 338 1
8701 1 984 96 1170 322 1
8702 1 984 92 1166 318 1
8703 1 978 100 1156 326 0
8704 1 978 98 1158 320 0
8705 1 974 98 1152 320 0
8706 1 974 98 1138 306 0
8707 1 964 84 1132 294 0
8708 1 966 72 1126 286 0
8709 1 974 70 1120 276 0
8710 1 978 44 1134 250 0
8711 1 994 40 1144 240 0
8712 1 1008 28 1154 222 0
8713 1 1020 16 1164 206 0
8714 1 1034 18 1186 170 0
8715 1 1060 0 1208 136 0
8716 1 1065 0 1207 149 0
8717 1 1093 0 1264 132 0
8718 1 1159 0 1280 104 0
8757 1 1819 86 1919 299 0
8758 1 1676 92 1812 313 0
8759 1 1526 94 1675 319 0
8760 1 1376 102 1532 332 0
8761 1 1239 112 1395 322 0
8762 1 1129 121 1292 339 0
8763 1 1050 128 1210 368 0
8764 1 999 145 1148 374 0
8765 1 959 151 1113 385 0
8766 1 935 167 1105 387 0
8767 1 921 202 1068 423 0
8768 1 912 211 1061 446 0
8769 1 895 231 1051 460 0
8770 1 891 249 1045 474 0
8771 1 882 260 1035 488 0
8772 1 880 263 1030 494 0
8773 1 873 268 1022 499 0
8774 1 869 275 1019 506 0
8775 1 859 288 1009 515 0
8776 1 859 296 1005 532 0
8777 1 851 306 1002 523 0
8778 1 852 319 1002 548 0
8779 1 854 309 1004 554 0
8780 1 855 316 1008 548 0
8781 1 864 295 1020 519 0
8782 1 872 302 1030 516 0
8783 1 887 274 1043 502 0
8784 1 893 268 1059 500 0
8785 1 923 254 1087 482 0
8786 1 953 235 1111 466 0
8787 1 988 231 1148 478 0
8788 1 1020 222 1189 473 0
8789 1 1043 210 1221 454 0
8790 1 1074 211 1240 460 0
8791 1 1103 209 1274 461 0
8792 1 1124 224 1283 434 0
8793 1 1170 230 1300 436 0
8794 1 1190 234 1318 442 0
8795 1 1216 230 1350 440 0
8796 1 1244 234 1380 452 0
8797 1 1266 230 1402 450 0
8798 1 1276 236 1416 450 0
8799 1 1290 228 1440 452 0
8800 1 1300 226 1450 456 0
8801 1 1304 228 1448 456 0
8802 1 1308 228 1452 454 0
8803 1 1310 230 1458 466 0
8804 1 1322 232 1470 468 0
8805 1 1332 234 1480 466 0
8806 1 1334 234 1502 470 0
8807 1 1344 228 1516 470 0
8808 1 1356 226 1524 470 0
8809 1 1362 224 1524 478 0
8810 1 1352 228 1520 478 0
8811 1 1340 234 1510 486 0
8812 1 1314 228 1502 478 0
8813 1 1294 232 1470 486 0
8814 1 1280 224 1462 488 0
8815 1 1262 222 1458 486 0
8816 1 1252 216 1454 482 0
8817 1 1236 214 1466 460 0
8818 1 1226 210 1460 464 0
8819 1 1218 198 1456 460 0
8820 1 1216 194 1454 460 0
8821 1 1212 196 1454 460 0
8822 1 1198 196 1452 460 0
8823 1 1182 184 1422 466 0
8824 1 1168 188 1412 462 0
8825 1 1156 188 1410 474 0
8826 1 1148 186 1406 468 0
8827 1 1144 148 1406 440 0
8828 1 1128 138 1404 438 0
8829 1 1122 132 1402 430 0
8830 1 1118 122 1400 422 0
8831 1 1102 92 1418 472 0
8832 1 1110 90 1424 478 0
8833 1 1110 92 1430 486 0
8834 1 1112 92 1438 492 0
8835 1 1106 88 1436 488 0
8836 1 1106 80 1438 486 0
8837 1 1108 72 1438 490 0
8838 1 1108 70 1442 490 0
8839 1 1112 68 1450 496 0
8840 1 1126 68 1460 494 0
8841 1 1126 82 1484 476 0
8842 1 1142 82 1494 486 0
8843 1 1154 78 1502 484 0
8844 1 1172 80 1530 480 0
8845 1 1176 76 1536 482 0
8846 1 1192 70 1544 486 0
8847 1 1198 72 1562 488 0
8848 1 1204 72 1572 490 0
8849 1 1232 54 1558 496 0
8850 1 1244 56 1562 484 0
8851 1 1248 56 1562 484 0
8852 1 1268 54 1596 484 0
8853 1 1280 46 1608 492 0
8854 1 1292 42 1616 488 0
8855 1 1300 42 1626 484 0
8856 1 1310 12 1630 444 0
8857 1 1310 8 1632 444 0
8858 1 1314 12 1636 436 0
8859 1 1334 14 1664 438 0
8860 1 1354 16 1670 434 0
8861 1 1370 18 1680 426 0
8862 1 1378 14 1696 432 0
8863 1 1394 12 1702 430 0
8864 1 1406 12 1708 426 0
8865 1 1440 16 1740 432 0
8866 1 1456 18 1750 432 0
8867 1 1468 18 1760 432 0
8868 1 1474 22 1764 430 0
8869 1 1478 24 1770 426 0
8870 1 1496 24 1792 426 0
8871 1 1514 26 1804 426 0
8872 1 1530 30 1812 422 0
8873 1 1548 24 1818 418 0
8874 1 1558 18 1834 416 0
8875 1 1572 18 1832 412 0
8876 1 1584 6 1858 408 0
8877 1 1602 8 1862 402 0
8878 1 1600 10 1864 396 0
8879 1 1598 10 1860 386 0
8880 1 1596 10 1862 380 0
8881 1 1602 6 1858 372 0
8882 1 1604 8 1862 372 0
8883 1 1606 8 1864 370 0
8884 1 1606 0 1864 358 0
8885 1 1607 0 1885 363 0
8886 1 1621 1 1889 358 0
8887 1 1628 1 1896 345 0
8888 1 1631 0 1898 337 0
8889 1 1650 0 1907 327 0
8890 1 1662 0 1904 319 0
8891 1 1653 0 1901 311 0
8892 1 1640 2 1882 300 0
8893 1 1598 0 1844 295 0
8894 1 1535 0 1780 281 0
8895 1 1443 2 1694 262 0
8896 1 1351 0 1603 253 0
8897 1 1260 1 1517 231 0
8898 1 1203 1 1452 228 0
8899 1 1142 1 1406 215 0
8900 1 1107 0 1340 203 0
8901 1 1063 0 1294 195 0
8902 1 1043 0 1264 209 0
8903 1 1025 0 1234 209 0
8904 1 1020 0 1210 218 0
8905 1 1016 0 1187 228 0
8906 1 1010 0 1181 262 0
8907 1 1014 14 1183 268 0
8908 1 1020 35 1186 275 0
8909 1 1025 55 1187 315 0
8910 1 1028 73 1193 303 0
8911 1 1043 86 1202 321 0
8912 1 1072 92 1222 328 0
8913 1 1093 104 1250 331 0
8914 1 1124 138 1264 308 0
8915 1 1120 148 1260 314 0
8916 1 1128 160 1258 348 0
8917 1 1140 162 1270 356 0
8918 1 1160 162 1284 352 0
8919 1 1192 168 1306 354 0
8920 1 1210 158 1342 350 0
8921 1 1236 158 1368 344 0
8922 1 1268 142 1400 302 0
8923 1 1292 134 1426 294 0
8924 1 1334 124 1462 300 0
8925 1 1376 112 1510 296 0
8926 1 1440 106 1562 286 0
8927 1 1518 102 1640 286 0
8928 1 1578 90 1698 270 0
8929 1 1616 86 1738 264 0
8930 1 1636 86 1774 242 0
8931 1 1666 76 1782 258 0
8932 1 1696 62 1816 242 0
8933 1 1718 66 1844 232 0
8934 1 1756 70 1878 252 0
8935 1 1786 66 1908 258 0
8936 1 1812 96 1926 282 0
8937 1 1852 73 1919 259 0
8962 1 1851 116 1919 240 0
8963 1 1813 114 1908 237 0
8964 1 1748 108 1852 236 0
8965 1 1677 111 1789 239 0
8966 1 1598 114 1706 243 0
8967 1 1500 122 1617 246 0
8968 1 1417 129 1534 255 0
8969 1 1336 140 1459 263 0
8970 1 1279 146 1399 272 0
8971 1 1235 154 1356 280 0
8972 1 1202 158 1319 283 0
8973 1 1176 160 1293 283 0
8974 1 1159 157 1264 282 0
8975 1 1138 159 1246 283 0
8976 1 1118 156 1225 284 0
8977 1 1095 154 1202 284 0
8978 1 1072 144 1176 275 0
8979 1 1046 132 1148 265 0
8980 1 1019 109 1114 237 0
8981 1 986 82 1079 217 0
8982 1 963 59 1052 187 0
8983 1 941 46 1037 177 0
8984 1 919 41 1007 177 0
8985 1 900 44 987 175 0
8986 1 870 58 964 184 0
8987 1 868 61 955 189 0
8988 1 855 72 947 206 0
8989 1 847 81 937 214 0
8990 1 840 86 930 220 0
8991 1 835 84 921 212 0
8992 1 827 73 912 194 0
8993 1 820 59 909 180 0
8994 1 824 52 906 169 0
8995 1 833 50 918 167 0
8996 1 848 58 932 176 0
8997 1 865 67 948 181 0
8998 1 881 75 962 192 0
8999 1 897 77 978 196 0
