0 1 1002 179 1050 236 0
1 1 987 177 1027 236 0
2 1 962 170 1006 220 0
3 1 963 170 1001 217 0
4 1 951 162 995 218 0
5 1 932 148 980 204 0
6 1 923 130 969 183 0
7 1 908 102 950 155 0
8 1 895 82 939 129 0
9 1 871 50 913 100 0
10 1 845 25 887 73 0
11 1 814 4 862 46 0
12 1 780 7 817 38 0
13 1 735 7 777 30 0
14 1 682 2 729 29 0
15 1 624 1 668 35 0
16 1 559 2 612 42 0
17 1 479 11 530 64 0
18 1 394 41 447 83 0
19 1 304 71 354 124 0
20 1 224 97 283 157 0
21 1 153 133 201 204 0
22 1 88 171 139 230 0
23 1 24 202 77 262 0
24 1 0 222 30 284 0
44 1 0 499 25 565 0
45 1 0 511 25 565 0
46 1 0 511 38 562 0
47 1 0 511 40 565 0
48 1 2 496 37 574 0
49 1 0 522 24 572 0
295 1 542 873 575 910 0
296 1 537 863 582 904 0
297 1 526 844 576 891 0
298 1 512 821 559 872 0
299 1 503 799 548 851 0
300 1 495 774 538 821 0
301 1 481 740 523 788 0
302 1 463 702 513 749 0
303 1 445 660 488 712 0
304 1 424 613 476 671 0
305 1 413 572 451 633 0
306 1 395 543 437 594 0
307 1 381 501 421 560 0
308 1 368 467 410 527 0
309 1 355 430 403 488 0
310 1 342 398 386 452 0
311 1 324 363 367 425 0
312 1 309 335 352 395 0
313 1 293 311 333 367 0
314 1 281 290 324 351 0
315 1 267 273 313 333 0
316 1 256 261 299 321 0
317 1 250 244 298 305 0
318 1 254 240 297 299 0
319 1 255 224 302 283 0
320 1 256 214 306 270 0
321 1 256 211 311 265 0
322 1 260 203 312 259 0
323 1 259 196 314 250 0
324 1 274 192 324 245 0
325 1 279 183 333 239 0
326 1 290 180 343 230 0
327 1 303 170 358 229 0
328 1 319 168 376 222 0
329 1 338 159 396 218 0
330 1 351 152 412 213 0
331 1 388 148 445 204 0
332 1 409 144 471 206 0
333 1 437 145 494 202 0
334 1 462 143 517 204 0
335 1 476 153 536 206 0
336 1 500 151 554 211 0
337 1 516 161 578 217 0
338 1 548 172 603 228 0
339 1 573 176 634 229 0
340 1 600 184 659 237 0
341 1 632 190 692 247 0
342 1 659 201 717 258 0
343 1 680 203 739 260 0
344 1 702 211 768 269 0
345 1 724 219 788 278 0
346 1 752 227 811 282 0
347 1 767 237 828 286 0
348 1 781 240 847 297 0
349 1 806 252 864 304 0
350 1 823 261 884 313 0
351 1 840 268 905 325 0
352 1 857 278 920 335 0
353 1 871 287 933 340 0
354 1 880 293 945 350 0
355 1 892 298 951 355 0
356 1 902 305 961 359 0
357 1 916 305 973 361 0
358 1 928 312 984 372 0
359 1 935 321 990 376 0
360 1 944 331 1006 386 0
361 1 956 344 1015 396 0
362 1 970 352 1033 401 0
363 1 986 354 1053 409 0
364 1 1017 351 1075 404 0
365 1 1044 345 1105 400 0
366 1 1070 338 1135 394 0
367 1 1094 326 1160 386 0
368 1 1116 320 1180 375 0
369 1 1133 305 1207 363 0
370 1 1150 294 1216 354 0
371 1 1162 280 1227 337 0
372 1 1166 272 1235 331 0
373 1 1165 259 1234 322 0
374 1 1153 247 1222 304 0
375 1 1136 233 1204 294 0
376 1 1105 225 1179 291 0
377 1 1069 233 1137 295 0
378 1 1024 234 1093 297 0
379 1 976 235 1044 301 0
380 1 931 248 1003 313 0
381 1 896 263 965 331 0
382 1 868 283 933 352 0
383 1 850 297 922 367 0
384 1 846 317 911 389 0
385 1 842 341 915 413 0
386 1 844 360 913 433 0
387 1 850 389 925 456 0
388 1 855 408 932 480 0
389 1 862 436 931 504 0
390 1 867 461 943 529 0
391 1 866 481 938 555 0
392 1 864 505 938 574 0
393 1 848 516 924 588 0
394 1 805 531 887 604 0
395 1 739 543 809 615 0
396 1 623 552 692 619 0
397 1 470 567 542 639 0
398 1 310 590 366 664 0
399 1 154 620 209 694 0
400 1 22 656 78 726 0
413 1 0 432 32 506 0
414 1 24 398 69 470 1
415 1 51 373 111 439 1
416 1 85 346 148 417 1
417 1 123 327 173 390 1
418 1 150 297 212 357 1
419 1 178 277 244 337 1
420 1 209 238 277 307 1
421 1 233 226 301 288 1
422 1 255 189 323 260 1
423 1 273 173 333 242 1
424 1 288 151 347 225 1
425 1 304 145 367 211 1
426 1 322 136 379 208 1
427 1 328 136 390 208 1
428 1 342 136 389 204 1
429 1 356 136 390 189 1
488 1 540 410 600 457 0
489 1 566 394 623 447 0
490 1 591 361 647 426 0
491 1 620 339 674 399 0
492 1 642 314 702 379 0
493 1 676 299 732 364 0
494 1 691 280 754 337 0
495 1 716 257 776 319 0
496 1 729 229 795 294 0
497 1 751 207 811 264 0
498 1 775 185 829 245 0
499 1 806 155 865 215 0
500 1 833 134 893 190 0
501 1 868 90 928 152 0
502 1 910 57 967 111 0
503 1 953 26 1018 86 0
504 1 991 4 1068 56 0
505 1 1058 0 1106 28 0
555 1 1094 1 1176 27 0
556 1 1094 1 1166 30 0
557 1 1094 1 1165 35 0
558 1 1094 1 1169 41 0
559 1 1094 1 1168 38 0
560 1 1094 1 1162 41 0
561 1 1080 1 1161 41 0
562 1 1080 1 1152 39 0
563 1 1071 1 1152 39 0
564 1 1065 1 1147 35 0
565 1 1065 1 1143 45 0
566 1 1060 1 1142 52 0
567 1 1052 1 1132 49 0
568 1 1046 1 1121 57 0
569 1 1030 1 1110 66 0
570 1 1025 1 1103 51 0
571 1 1012 1 1090 48 0
572 1 1012 19 1083 39 0
573 1 1012 22 1062 38 0
617 1 928 20 990 42 0
618 1 928 20 991 31 0
619 1 928 4 993 41 0
620 1 928 4 1006 41 0
621 1 928 4 1010 38 0
622 1 935 4 1010 38 0
623 1 942 4 1010 21 0
624 1 953 4 1010 21 0
794 1 507 348 547 408 0
795 1 507 316 574 397 0
796 1 507 293 594 358 0
797 1 507 258 587 325 0
798 1 498 251 585 293 0
799 1 498 229 585 268 0
800 1 502 185 585 243 0
801 1 502 176 580 218 0
802 1 512 160 593 220 0
803 1 521 156 593 231 0
804 1 532 172 601 246 0
805 1 550 155 614 233 0
806 1 555 149 620 225 0
807 1 562 165 623 241 0
808 1 562 181 638 245 0
809 1 571 172 627 245 0
810 1 591 178 656 245 0
811 1 607 176 669 238 0
812 1 635 178 702 242 0
813 1 653 174 717 248 0
814 1 672 172 736 248 0
815 1 674 178 745 247 0
816 1 690 176 762 247 0
817 1 694 164 758 236 0
818 1 697 164 762 230 0
819 1 712 148 777 226 0
820 1 719 153 795 224 0
821 1 724 142 784 218 0
822 1 710 148 782 219 0
823 1 698 148 768 224 0
824 1 699 169 766 241 0
825 1 674 172 743 251 0
826 1 655 180 720 256 0
827 1 624 198 696 279 0
828 1 608 210 673 297 0
829 1 585 214 656 293 0
830 1 562 226 636 304 0
831 1 548 228 620 306 0
832 1 537 244 608 318 0
833 1 532 254 599 330 0
834 1 536 272 600 347 0
835 1 538 294 606 366 0
836 1 544 316 610 382 0
837 1 550 338 616 404 0
838 1 562 348 628 422 0
839 1 572 364 632 441 0
840 1 578 372 640 451 0
841 1 586 374 650 463 0
842 1 598 386 657 469 0
843 1 612 396 670 480 0
844 1 626 406 682 491 0
845 1 636 418 698 500 0
846 1 657 435 723 516 0
847 1 674 454 739 531 0
848 1 697 460 754 540 0
849 1 714 464 779 545 0
850 1 732 469 795 551 0
851 1 745 484 816 568 0
852 1 784 514 844 588 0
853 1 811 549 879 623 0
854 1 840 589 912 652 0
855 1 874 622 945 687 0
856 1 904 660 970 728 0
857 1 928 690 996 747 0
858 1 948 709 1014 769 0
859 1 962 739 1030 790 0
860 1 980 749 1052 806 0
861 1 981 767 1059 827 0
862 1 997 776 1066 841 0
863 1 1003 774 1072 854 0
864 1 1012 792 1076 869 0
865 1 1006 801 1073 883 0
866 1 1003 820 1072 899 0
867 1 985 834 1060 916 0
868 1 993 850 1061 919 0
869 1 990 851 1055 927 0
870 1 982 845 1054 925 0
871 1 982 842 1054 913 0
872 1 981 829 1055 898 0
873 1 981 804 1049 872 0
874 1 975 730 1037 836 0
875 1 958 722 1033 797 0
876 1 934 677 1011 755 0
877 1 914 632 985 709 0
878 1 873 580 957 655 0
879 1 848 534 922 609 0
880 1 806 497 888 568 0
881 1 772 460 853 541 0
882 1 753 441 837 518 0
883 1 728 440 809 509 0
884 1 708 429 795 506 0
885 1 704 426 784 504 0
886 1 694 434 779 511 0
887 1 683 440 765 518 0
888 1 665 444 753 524 0
889 1 660 450 742 519 0
890 1 640 441 721 521 0
891 1 630 440 702 518 0
892 1 611 442 701 516 0
893 1 611 434 683 515 0
894 1 580 438 662 515 0
895 1 570 441 655 516 0
896 1 566 444 642 528 0
897 1 564 451 639 522 0
898 1 563 445 638 523 0
899 1 558 442 631 519 0
900 1 554 437 621 522 0
901 1 548 432 618 522 0
902 1 534 437 608 514 0
903 1 522 422 588 513 0
904 1 507 422 582 496 0
905 1 500 410 572 485 0
906 1 491 391 560 469 0
907 1 483 386 549 463 0
908 1 474 374 536 446 0
909 1 461 365 532 430 0
910 1 455 355 523 435 0
911 1 446 354 524 428 0
912 1 444 346 519 414 0
913 1 448 343 517 423 0
914 1 443 340 514 415 0
915 1 446 339 515 411 0
916 1 449 333 509 407 0
917 1 438 332 507 407 0
918 1 438 330 511 400 0
919 1 440 326 511 389 0
920 1 443 320 503 385 0
921 1 442 314 502 376 0
922 1 430 297 502 362 0
923 1 433 298 501 357 0
924 1 433 277 498 346 0
925 1 428 265 495 343 0
926 1 433 262 495 335 0
927 1 437 248 493 325 0
928 1 439 232 501 311 0
929 1 434 226 502 299 0
930 1 434 222 500 296 0
931 1 434 217 497 292 0
932 1 428 210 496 287 0
933 1 431 202 502 279 0
934 1 428 200 500 272 0
935 1 433 202 499 274 0
936 1 430 195 501 266 0
937 1 436 195 507 264 0
938 1 446 191 511 259 0
939 1 449 185 515 248 0
940 1 451 180 522 248 0
941 1 458 179 523 242 0
942 1 457 168 531 245 0
943 1 456 171 534 249 0
944 1 467 167 530 236 0
945 1 475 170 537 234 0
946 1 486 170 538 234 0
947 1 486 162 550 234 0
948 1 494 162 558 226 0
949 1 494 162 564 222 0
950 1 501 162 561 223 0
951 1 501 162 573 222 0
952 1 509 158 572 222 0
953 1 509 158 578 220 0
954 1 515 158 585 220 0
955 1 521 149 591 213 0
956 1 534 146 599 211 0
957 1 538 139 606 207 0
958 1 551 136 614 205 0
959 1 547 136 613 205 0
960 1 551 136 619 200 0
961 1 553 136 621 202 0
962 1 559 136 622 197 0
963 1 559 136 621 199 0
964 1 559 136 629 198 0
965 1 559 128 628 197 0
966 1 559 128 628 190 0
967 1 559 125 627 190 0
968 1 566 120 629 188 0
969 1 561 120 629 188 0
970 1 561 120 633 189 0
971 1 570 120 632 189 0
972 1 570 120 635 184 0
973 1 573 118 635 184 0
974 1 573 111 643 183 0
975 1 579 111 646 170 0
976 1 585 108 647 170 0
977 1 585 103 646 164 0
978 1 585 103 654 168 0
979 1 592 97 656 159 0
980 1 592 94 658 159 0
981 1 592 94 658 157 0
982 1 600 94 659 159 0
983 1 600 84 657 152 0
984 1 600 84 658 148 0
985 1 595 84 658 148 0
986 1 595 84 662 149 0
987 1 595 71 658 147 0
988 1 595 71 657 141 0
989 1 589 63 650 135 0
990 1 589 63 647 131 0
991 1 580 63 646 131 0
992 1 580 63 645 135 0
993 1 580 63 647 133 0
994 1 585 63 649 130 0
995 1 599 63 657 128 0
996 1 599 60 661 129 0
997 1 603 58 663 128 0
998 1 603 58 668 130 0
999 1 609 52 672 127 0
1000 1 621 55 685 127 0
1001 1 621 56 690 126 0
1002 1 621 63 686 138 0
1003 1 625 74 686 137 0
1004 1 621 78 682 150 0
1005 1 621 88 682 156 0
1006 1 615 91 681 166 0
1007 1 615 97 675 166 0
1008 1 611 97 673 178 0
1009 1 608 106 674 184 0
1010 1 603 117 671 189 0
1011 1 603 115 668 189 0
1012 1 596 123 661 191 0
1013 1 596 122 661 191 0
1014 1 596 131 656 201 0
1015 1 597 137 654 204 0
1016 1 591 137 649 210 0
1017 1 591 148 645 221 0
1018 1 582 152 646 220 0
1019 1 582 158 641 230 0
1020 1 582 162 645 229 0
1021 1 582 166 643 239 0
1022 1 582 171 644 247 0
1023 1 582 179 646 256 0
1024 1 582 189 656 255 0
1025 1 590 189 659 264 0
1026 1 596 193 666 263 0
1027 1 614 198 675 260 0
1028 1 626 189 690 254 0
1029 1 643 183 710 248 0
1030 1 661 173 728 246 0
1031 1 681 162 745 231 0
1032 1 702 153 768 219 0
1033 1 717 142 791 214 0
1034 1 737 117 805 195 0
1035 1 748 99 825 173 0
1036 1 760 78 837 147 0
1037 1 768 54 842 128 0
1038 1 777 42 847 115 0
1039 1 777 29 852 101 0
1040 1 777 19 851 101 0
1041 1 777 5 852 82 0
1042 1 777 5 851 79 0
1043 1 777 5 848 76 0
1044 1 768 1 848 76 0
1045 1 750 1 825 76 0
1046 1 711 10 793 84 0
1047 1 646 13 724 91 0
1048 1 551 23 635 103 0
1049 1 471 48 540 120 0
1050 1 380 68 454 146 0
1051 1 308 84 376 153 0
1052 1 257 87 322 158 0
1053 1 212 81 280 155 0
1054 1 180 69 246 140 0
1055 1 168 62 231 137 0
1056 1 165 66 225 141 0
1057 1 156 84 216 153 0
1058 1 140 102 203 173 0
1059 1 118 111 188 189 0
1060 1 102 127 165 195 0
1061 1 97 125 153 199 0
1062 1 82 120 145 195 0
1063 1 76 120 137 200 0
1064 1 72 137 126 209 0
1065 1 61 140 121 217 0
1066 1 49 154 102 222 0
1067 1 43 170 93 236 0
1068 1 24 173 76 251 0
1069 1 22 176 68 253 0
1070 1 25 180 66 258 0
1071 1 18 180 65 246 0
1072 1 11 183 62 242 0
1073 1 0 188 55 247 0
1074 1 0 188 52 253 0
1075 1 0 188 46 259 0
1076 1 0 191 40 259 0
1077 1 3 176 43 250 0
1078 1 3 166 47 244 0
1079 1 5 158 49 242 0
1080 1 11 161 56 239 0
1081 1 12 161 52 223 0
1082 1 14 164 54 224 0
1083 1 8 162 50 225 0
1084 1 0 168 42 233 0
1085 1 2 154 44 226 0
1086 1 0 164 37 235 0
1087 1 2 174 21 242 0
1105 1 2 318 24 386 0
1106 1 2 312 47 377 0
1107 1 22 278 72 358 0
1108 1 51 263 99 337 0
1109 1 77 232 142 316 0
1110 1 111 242 165 308 0
1111 1 134 229 214 311 0
1112 1 159 247 213 319 0
1113 1 171 251 228 320 0
1114 1 193 241 262 313 0
1115 1 217 238 280 304 0
1116 1 249 207 326 279 0
1117 1 277 194 342 266 0
1118 1 301 179 366 248 0
1119 1 320 174 385 242 0
1120 1 340 167 402 239 0
1121 1 353 164 419 232 0
1122 1 371 154 437 231 0
1123 1 390 155 447 227 0
1124 1 399 151 470 220 0
1125 1 403 154 483 226 0
1126 1 424 155 489 229 0
1127 1 425 165 496 239 0
1128 1 440 161 504 246 0
1129 1 439 171 508 249 0
1130 1 445 179 511 261 0
1131 1 452 179 521 263 0
1132 1 452 170 529 263 0
1133 1 460 168 538 249 0
1134 1 462 158 534 247 0
1135 1 478 155 550 245 0
1136 1 490 164 563 261 0
1137 1 505 176 585 275 0
1138 1 517 192 601 295 0
1139 1 541 202 626 305 0
1140 1 550 192 646 320 0
1141 1 572 216 656 318 0
1142 1 584 231 672 321 0
1143 1 594 216 687 324 0
1144 1 605 207 699 325 0
1145 1 624 213 714 304 0
1146 1 642 200 735 291 0
1147 1 657 170 757 299 0
1148 1 676 188 764 309 0
1149 1 694 202 784 315 0
1150 1 716 213 810 312 0
1151 1 744 207 847 322 0
1152 1 787 223 893 331 0
1153 1 846 235 948 338 0
1154 1 900 223 1000 351 0
1155 1 951 252 1057 382 0
1156 1 999 282 1107 394 0
1157 1 1046 294 1146 417 0
1158 1 1079 318 1188 432 0
1159 1 1117 337 1232 443 0
1160 1 1154 331 1265 442 0
1161 1 1184 337 1301 457 0
1162 1 1217 342 1341 473 0
1163 1 1245 380 1363 497 0
1164 1 1273 386 1387 513 0
1165 1 1300 413 1414 537 0
1166 1 1326 432 1450 560 0
1167 1 1348 457 1472 582 0
1168 1 1374 456 1501 589 0
1169 1 1396 419 1510 576 0
1170 1 1400 428 1523 581 0
1171 1 1394 432 1522 578 0
1172 1 1399 428 1530 595 0
1173 1 1390 453 1537 590 0
1174 1 1398 436 1534 613 0
1175 1 1414 477 1540 642 0
1176 1 1414 478 1565 649 0
1177 1 1437 460 1583 666 0
1178 1 1449 476 1613 672 0
1179 1 1473 476 1622 685 0
1180 1 1494 475 1654 701 0
1181 1 1523 490 1691 706 0
1182 1 1550 498 1710 724 0
1183 1 1569 516 1721 738 0
1184 1 1584 528 1752 758 0
1185 1 1614 546 1785 785 0
1186 1 1630 588 1813 822 0
1187 1 1660 582 1846 830 0
1188 1 1682 580 1907 839 0
1189 1 1707 580 1907 839 0
1190 1 1748 542 1916 838 0
1191 1 1747 542 1915 838 0
1192 1 1759 546 1923 857 0
1193 1 1762 546 1923 857 0
1194 1 1784 555 1915 880 0
1195 1 1784 558 1918 880 0
1196 1 1797 602 1918 889 0
1197 1 1805 537 1917 877 0
1198 1 1804 499 1920 875 0
1199 1 1790 448 1917 833 0
1200 1 1760 481 1922 781 0
1201 1 1732 440 1919 754 0
1202 1 1708 451 1914 741 0
1203 1 1701 374 1921 729 0
1204 1 1685 395 1919 713 0
1205 1 1670 324 1918 699 0
1206 1 1658 306 1923 683 0
1207 1 1636 268 1920 677 0
1208 1 1621 262 1923 667 0
1209 1 1602 260 1909 690 0
1210 1 1580 323 1920 682 0
1211 1 1585 276 1919 704 0
1212 1 1585 287 1919 703 0
1213 1 1584 274 1920 718 0
1214 1 1584 281 1919 717 0
1215 1 1590 266 1920 718 0
1216 1 1590 274 1919 717 0
1217 1 1584 252 1918 737 0
1218 1 1569 262 1917 746 0
1219 1 1564 258 1917 764 0
1220 1 1550 264 1923 788 0
1221 1 1530 252 1914 789 0
1222 1 1528 246 1904 780 0
1223 1 1522 226 1904 773 0
1224 1 1502 246 1894 774 0
1225 1 1506 246 1904 773 0
1226 1 1520 220 1895 779 0
1227 1 1534 216 1903 773 0
1228 1 1553 214 1913 760 0
1229 1 1572 206 1915 742 0
1230 1 1578 210 1918 732 0
1231 1 1578 223 1918 731 0
1232 1 1600 234 1920 742 0
1233 1 1600 234 1920 749 0
1234 1 1614 240 1916 762 0
1235 1 1638 222 1918 765 0
1236 1 1638 232 1914 784 0
1237 1 1638 242 1914 780 0
1238 1 1636 246 1912 780 0
1239 1 1632 244 1912 782 0
1240 1 1630 304 1912 767 0
1241 1 1621 254 1893 756 0
1242 1 1596 252 1899 742 0
1243 1 1580 423 1902 741 0
1244 1 1563 285 1803 741 0
1245 1 1538 238 1800 714 0
1246 1 1506 244 1742 703 0
1247 1 1508 291 1730 698 0
1248 1 1485 252 1705 681 0
1249 1 1474 300 1687 680 0
1250 1 1445 299 1679 669 0
1251 1 1427 234 1653 659 0
1252 1 1414 275 1643 649 0
1253 1 1400 278 1674 649 0
1254 1 1360 236 1636 632 0
1255 1 1352 234 1618 624 0
1256 1 1357 266 1648 630 0
1257 1 1364 212 1624 600 0
1258 1 1350 216 1657 592 0
1259 1 1350 202 1633 576 0
1260 1 1346 182 1679 558 0
1261 1 1348 180 1730 546 0
1262 1 1346 176 1722 536 0
1263 1 1359 178 1640 540 0
1264 1 1359 176 1652 540 0
1265 1 1357 186 1614 542 0
1266 1 1356 186 1601 540 0
1267 1 1345 192 1647 540 0
1268 1 1348 194 1613 544 0
1269 1 1326 198 1597 537 0
1270 1 1351 194 1598 542 0
1271 1 1318 200 1580 542 0
1272 1 1328 200 1585 538 0
1273 1 1328 198 1565 540 0
1274 1 1316 188 1581 528 0
1275 1 1304 222 1547 525 0
1276 1 1300 224 1566 536 0
1277 1 1283 200 1533 545 0
1278 1 1288 200 1510 531 0
1279 1 1273 202 1514 522 0
1280 1 1282 331 1519 522 0
1281 1 1262 190 1525 524 0
1282 1 1255 220 1490 527 0
1283 1 1252 190 1480 533 0
1284 1 1246 192 1522 524 0
1285 1 1248 190 1522 531 0
1286 1 1256 190 1501 537 0
1287 1 1254 188 1528 530 0
1288 1 1260 186 1529 537 0
1289 1 1264 188 1519 543 0
1290 1 1262 192 1537 540 0
1291 1 1262 184 1559 543 0
1292 1 1276 182 1513 543 0
1293 1 1268 188 1583 565 0
1294 1 1277 192 1559 568 0
1295 1 1294 194 1608 567 0
1296 1 1279 188 1600 577 0
1297 1 1286 190 1590 576 0
1298 1 1285 180 1569 573 0
1299 1 1280 188 1609 583 0
1300 1 1317 190 1597 586 0
1301 1 1291 190 1625 594 0
1302 1 1272 194 1624 598 0
1303 1 1285 196 1652 610 0
1304 1 1285 204 1622 613 0
1305 1 1291 200 1645 620 0
1306 1 1294 200 1639 629 0
1307 1 1285 198 1674 629 0
1308 1 1292 202 1686 635 0
1309 1 1291 200 1693 638 0
1310 1 1288 200 1690 642 0
1311 1 1291 200 1671 645 0
1312 1 1288 208 1664 640 0
1313 1 1295 210 1675 651 0
1314 1 1300 208 1710 656 0
1315 1 1294 212 1741 654 0
1316 1 1302 212 1730 659 0
1317 1 1307 220 1714 657 0
1318 1 1311 220 1614 662 0
1319 1 1308 224 1607 666 0
1320 1 1308 226 1625 668 0
1321 1 1316 228 1714 663 0
1322 1 1326 226 1728 668 0
1323 1 1329 228 1737 656 0
1324 1 1318 226 1756 640 0
1325 1 1330 236 1760 652 0
1326 1 1356 252 1676 660 0
1327 1 1378 254 1700 663 0
1328 1 1360 258 1714 669 0
1329 1 1372 262 1778 671 0
1330 1 1428 264 1739 666 0
1331 1 1478 304 1702 662 0
1332 1 1520 304 1868 678 0
1333 1 1568 300 1806 680 0
1334 1 1617 300 1806 680 0
1335 1 1682 316 1919 672 0
1336 1 1711 316 1918 672 0
1337 1 1764 330 1922 664 0
1338 1 1764 343 1922 663 0
1339 1 1796 316 1923 682 0
1340 1 1801 319 1920 683 0
1341 1 1806 322 1918 684 0
1342 1 1816 326 1918 686 0
1343 1 1814 383 1923 668 0
1344 1 1814 397 1923 669 0
1345 1 1814 367 1919 673 0
1346 1 1836 337 1920 671 0
1347 1 1838 324 1919 681 0
1348 1 1844 318 1920 662 0
1349 1 1862 318 1919 662 0
1350 1 1862 368 1918 661 0
1351 1 1897 368 1919 661 0
1382 1 1888 967 1921 1079 0
1383 1 1812 942 1922 1078 0
1384 1 1744 908 1921 1078 0
1385 1 1675 880 1831 1054 0
1386 1 1624 768 1800 1043 0
1387 1 1576 743 1780 1015 0
1388 1 1529 692 1754 1004 0
1389 1 1506 725 1765 989 0
1390 1 1476 688 1756 977 0
1391 1 1444 618 1693 953 0
1392 1 1420 614 1656 953 0
1393 1 1402 606 1627 942 0
1394 1 1384 602 1622 944 0
1395 1 1360 590 1624 928 0
1396 1 1358 636 1590 923 0
1397 1 1334 562 1604 901 0
1398 1 1320 564 1531 919 0
1399 1 1314 592 1536 919 0
1400 1 1300 596 1535 933 0
1401 1 1288 600 1513 942 0
1402 1 1266 614 1496 949 0
1403 1 1261 708 1470 964 0
1404 1 1270 650 1492 964 0
1405 1 1247 677 1469 961 0
1406 1 1225 713 1457 965 0
1407 1 1224 702 1465 966 0
1408 1 1224 702 1453 945 0
1409 1 1225 708 1447 964 0
1410 1 1215 677 1447 965 0
1411 1 1231 644 1465 962 0
1412 1 1238 619 1481 956 0
1413 1 1254 683 1469 955 0
1414 1 1240 676 1467 958 0
1415 1 1238 622 1478 940 0
1416 1 1263 608 1515 944 0
1417 1 1256 606 1520 931 0
1418 1 1250 608 1523 935 0
1419 1 1263 574 1495 906 0
1420 1 1262 584 1522 916 0
1421 1 1258 578 1504 919 0
1422 1 1258 576 1490 907 0
1423 1 1258 574 1503 907 0
1424 1 1258 572 1485 910 0
1425 1 1258 572 1492 905 0
1426 1 1258 570 1524 910 0
1427 1 1260 570 1504 900 0
1428 1 1260 570 1538 891 0
1429 1 1260 570 1522 891 0
1430 1 1260 570 1542 894 0
1431 1 1260 570 1526 892 0
1432 1 1258 570 1519 900 0
1433 1 1258 568 1519 900 0
1434 1 1258 568 1490 898 0
1435 1 1256 568 1494 903 0
1436 1 1256 566 1480 901 0
1437 1 1254 566 1499 896 0
1438 1 1252 564 1490 889 0
1439 1 1250 564 1487 885 0
1440 1 1250 562 1476 880 0
1441 1 1206 538 1472 880 0
1442 1 1202 538 1456 880 0
1443 1 1200 530 1464 864 0
1444 1 1188 559 1500 858 0
1445 1 1192 528 1504 860 0
1446 1 1190 526 1483 859 0
1447 1 1194 532 1492 860 0
1448 1 1180 532 1471 864 0
1449 1 1176 534 1456 866 0
1450 1 1162 542 1469 866 0
1451 1 1164 554 1439 884 0
1452 1 1160 556 1440 887 0
1453 1 1152 566 1440 885 0
1454 1 1152 568 1419 900 0
1455 1 1142 630 1460 920 0
1456 1 1150 570 1410 937 0
1457 1 1148 570 1398 955 0
1458 1 1146 572 1407 962 0
1459 1 1124 648 1398 969 0
1460 1 1122 648 1396 985 0
1461 1 1122 650 1396 990 0
1462 1 1122 650 1398 1010 0
1463 1 1122 652 1396 1024 0
1464 1 1120 652 1398 1024 0
1465 1 1120 652 1412 1044 0
1466 1 1113 718 1425 1027 0
1467 1 1120 716 1443 1043 0
1468 1 1110 768 1447 1059 0
1469 1 1115 743 1443 1071 0
1470 1 1110 754 1444 1079 0
1471 1 1115 764 1463 1082 0
1472 1 1113 780 1456 1073 0
1473 1 1117 775 1453 1057 0
1474 1 1126 784 1446 1080 0
1475 1 1120 796 1457 1076 0
1476 1 1122 789 1456 1077 0
1477 1 1120 773 1452 1075 0
1478 1 1126 743 1447 1075 0
1479 1 1115 747 1458 1040 0
1480 1 1126 704 1486 995 0
1481 1 1126 676 1465 1026 0
1482 1 1136 652 1484 988 0
1483 1 1131 635 1467 971 0
1484 1 1136 626 1488 949 0
1485 1 1147 603 1481 924 0
1486 1 1147 569 1477 910 0
1487 1 1142 564 1474 908 0
1488 1 1151 553 1471 885 0
1489 1 1154 528 1479 872 0
1490 1 1149 546 1474 864 0
1491 1 1176 498 1442 836 0
1492 1 1174 498 1488 828 0
1493 1 1174 486 1449 807 0
1494 1 1174 484 1430 804 0
1495 1 1164 438 1430 802 0
1496 1 1172 436 1423 791 0
1497 1 1172 432 1439 789 0
1498 1 1166 434 1424 784 0
1499 1 1164 432 1428 779 0
1500 1 1168 428 1423 773 0
1501 1 1166 422 1426 772 0
1502 1 1172 418 1433 763 0
1503 1 1174 416 1435 764 0
1504 1 1166 414 1435 756 0
1505 1 1166 412 1435 756 0
1506 1 1162 406 1435 756 0
1507 1 1162 408 1424 752 0
1508 1 1160 410 1421 756 0
1509 1 1158 410 1416 756 0
1510 1 1154 412 1421 773 0
1511 1 1150 414 1423 773 0
1512 1 1148 418 1426 772 0
1513 1 1142 424 1408 773 0
1514 1 1140 426 1408 777 0
1515 1 1140 428 1401 775 0
1516 1 1140 432 1408 784 0
1517 1 1142 432 1414 784 0
1518 1 1136 434 1408 788 0
1519 1 1136 434 1392 795 0
1520 1 1128 434 1394 796 0
1521 1 1124 434 1384 805 0
1522 1 1138 476 1389 807 0
1523 1 1138 476 1407 814 0
1524 1 1138 476 1412 811 0
1525 1 1138 476 1385 812 0
1526 1 1138 476 1419 812 0
1527 1 1138 476 1572 810 0
1528 1 1138 476 1405 811 0
1529 1 1138 476 1396 827 0
1530 1 1138 476 1384 830 0
1531 1 1136 478 1391 837 0
1532 1 1136 480 1385 852 0
1533 1 1136 482 1407 860 0
1534 1 1136 526 1396 885 0
1535 1 1136 542 1421 922 0
1536 1 1136 567 1430 943 0
1537 1 1136 592 1407 942 0
1538 1 1136 644 1408 971 0
1539 1 1124 629 1417 975 0
1540 1 1115 631 1431 993 0
1541 1 1115 642 1415 974 0
1542 1 1115 654 1415 970 0
1543 1 1115 654 1423 970 0
1544 1 1115 684 1423 970 0
1545 1 1108 684 1423 970 0
1546 1 1108 684 1405 995 0
1547 1 1108 684 1407 1006 0
1548 1 1108 684 1408 1017 0
1549 1 1108 711 1408 1017 0
1550 1 1113 711 1409 1017 0
1551 1 1113 711 1416 1028 0
1552 1 1116 725 1416 1027 0
1553 1 1116 725 1416 1025 0
1554 1 1116 725 1418 1025 0
1555 1 1116 696 1431 1026 0
1556 1 1116 696 1447 1005 0
1557 1 1116 696 1446 998 0
1558 1 1116 696 1446 993 0
1559 1 1119 696 1446 992 0
1560 1 1119 696 1419 970 0
1561 1 1119 696 1419 983 0
1562 1 1119 696 1433 974 0
1563 1 1119 696 1427 965 0
1564 1 1119 696 1427 952 0
1565 1 1119 696 1427 961 0
1566 1 1119 653 1427 952 0
1567 1 1119 653 1425 944 0
1568 1 1119 653 1422 933 0
1569 1 1119 653 1422 931 0
1570 1 1119 653 1421 931 0
1571 1 1119 653 1416 919 0
1572 1 1119 653 1410 907 0
1573 1 1124 582 1412 896 0
1574 1 1124 580 1442 888 0
1575 1 1124 580 1421 872 0
1576 1 1124 578 1422 868 0
1577 1 1124 576 1415 863 0
1578 1 1126 574 1437 868 0
1579 1 1158 494 1434 859 0
1580 1 1158 488 1433 816 0
1581 1 1162 490 1451 807 0
1582 1 1166 482 1451 800 0
1583 1 1144 438 1433 794 0
1584 1 1144 434 1452 782 0
1585 1 1150 430 1442 780 0
1586 1 1156 430 1476 773 0
1587 1 1152 424 1448 768 0
1588 1 1156 426 1479 765 0
1589 1 1154 422 1461 764 0
1590 1 1156 420 1451 755 0
1591 1 1160 416 1460 761 0
1592 1 1166 416 1442 755 0
1593 1 1166 414 1439 755 0
1594 1 1166 412 1474 749 0
1595 1 1166 414 1449 749 0
1596 1 1168 414 1464 748 0
1597 1 1166 414 1445 749 0
1598 1 1164 416 1445 748 0
1599 1 1164 414 1454 746 0
1600 1 1162 414 1449 746 0
1601 1 1166 414 1445 748 0
1602 1 1168 412 1458 740 0
1603 1 1166 414 1468 742 0
1604 1 1164 414 1465 743 0
1605 1 1164 414 1430 739 0
1606 1 1164 412 1421 737 0
1607 1 1162 414 1445 739 0
1608 1 1162 416 1420 739 0
1609 1 1158 414 1439 737 0
1610 1 1158 410 1460 734 0
1611 1 1154 410 1440 736 0
1612 1 1154 404 1437 724 0
1613 1 1154 408 1440 737 0
1614 1 1154 408 1440 736 0
1615 1 1152 410 1420 740 0
1616 1 1150 406 1424 739 0
1617 1 1144 408 1442 743 0
1618 1 1142 414 1477 748 0
1619 1 1136 414 1443 754 0
1620 1 1128 426 1452 757 0
1621 1 1128 428 1425 764 0
1622 1 1122 426 1433 758 0
1623 1 1112 430 1422 760 0
1624 1 1112 430 1430 760 0
1625 1 1114 428 1430 760 0
1626 1 1114 430 1406 758 0
1627 1 1112 434 1434 761 0
1628 1 1112 434 1442 764 0
1629 1 1110 436 1414 764 0
1630 1 1108 434 1417 767 0
1631 1 1112 434 1405 768 0
1632 1 1108 432 1387 767 0
1633 1 1110 428 1387 765 0
1634 1 1108 432 1388 764 0
1635 1 1108 430 1388 762 0
1636 1 1104 432 1380 764 0
1637 1 1104 434 1382 761 0
1638 1 1100 434 1374 762 0
1639 1 1100 434 1372 764 0
1640 1 1102 438 1393 761 0
1641 1 1100 434 1377 761 0
1642 1 1096 436 1387 758 0
1643 1 1094 436 1372 767 0
1644 1 1090 436 1375 757 0
1645 1 1088 436 1375 758 0
1646 1 1082 436 1378 762 0
1647 1 1076 436 1365 764 0
1648 1 1080 436 1375 762 0
1649 1 1084 436 1374 761 0
1650 1 1080 440 1369 761 0
1651 1 1082 434 1368 764 0
1652 1 1084 438 1375 764 0
1653 1 1080 436 1366 761 0
1654 1 1080 436 1372 761 0
1655 1 1082 434 1362 758 1
1656 1 1080 436 1368 760 1
1657 1 1080 434 1374 760 1
1658 1 1074 436 1363 761 1
1659 1 1074 436 1381 760 1
1660 1 1078 436 1366 760 1
1661 1 1082 434 1388 758 1
1662 1 1082 432 1368 752 1
1663 1 1082 432 1371 757 1
1664 1 1082 432 1371 755 1
1665 1 1082 432 1391 754 1
1666 1 1082 430 1382 752 1
1667 1 1080 428 1360 752 1
1668 1 1078 428 1366 749 1
1669 1 1078 428 1390 752 1
1670 1 1078 428 1368 749 1
1671 1 1078 428 1359 751 1
1672 1 1078 428 1380 752 1
1673 1 1078 428 1356 748 0
1674 1 1078 428 1356 755 0
1675 1 1078 428 1371 754 0
1676 1 1078 428 1359 754 0
1677 1 1080 428 1353 758 0
1678 1 1072 432 1350 760 0
1679 1 1064 436 1351 760 0
1680 1 1064 436 1348 760 0
1681 1 1064 436 1350 761 0
1682 1 1064 434 1344 764 0
1683 1 1064 434 1338 761 0
1684 1 1064 434 1338 765 0
1685 1 1064 434 1345 768 0
1686 1 1064 434 1344 764 0
1687 1 1064 432 1342 762 0
1688 1 1064 432 1340 762 0
1689 1 1066 432 1350 761 0
1690 1 1066 432 1350 758 0
1691 1 1066 432 1351 764 0
1692 1 1062 438 1357 767 0
1693 1 1062 438 1356 774 0
1694 1 1062 438 1347 774 0
1695 1 1062 438 1353 782 0
1696 1 1062 438 1363 783 0
1697 1 1062 440 1338 789 0
1698 1 1062 440 1350 802 0
1699 1 1062 462 1345 798 0
1700 1 1062 465 1353 810 0
1701 1 1062 471 1345 817 0
1702 1 1062 478 1353 823 0
1703 1 1062 487 1356 826 0
1704 1 1062 499 1363 848 0
1705 1 1064 496 1365 854 0
1706 1 1062 508 1365 854 0
1707 1 1062 503 1369 858 0
1708 1 1046 514 1394 866 0
1709 1 1054 516 1425 865 0
1710 1 1064 506 1449 868 0
1711 1 1078 500 1391 871 0
1712 1 1094 494 1417 881 0
1713 1 1114 488 1446 888 0
1714 1 1108 474 1485 920 0
1715 1 1184 452 1520 937 0
1716 1 1210 384 1608 926 0
1717 1 1224 348 1664 901 0
1718 1 1229 272 1769 915 0
1719 1 1252 272 1881 947 0
1720 1 1277 249 1906 942 0
1721 1 1296 249 1905 963 0
1722 1 1346 229 1918 963 0
1723 1 1346 229 1918 975 0
1724 1 1366 229 1917 972 0
1725 1 1405 229 1917 972 0
1726 1 1435 229 1916 972 0
1727 1 1464 229 1917 972 0
1728 1 1481 229 1921 927 0
1729 1 1512 229 1924 877 0
1730 1 1544 229 1924 877 0
1731 1 1558 229 1922 817 0
1732 1 1592 229 1922 817 0
1733 1 1600 229 1922 798 0
1734 1 1609 229 1923 780 0
1735 1 1609 229 1923 806 0
1736 1 1609 229 1918 805 0
1737 1 1624 229 1919 805 0
1738 1 1638 229 1918 805 0
1739 1 1659 229 1918 805 0
1740 1 1668 229 1918 805 0
1741 1 1688 229 1919 805 0
1742 1 1698 229 1918 805 0
1743 1 1714 229 1918 805 0
1744 1 1721 229 1918 805 0
1745 1 1727 229 1919 805 0
1746 1 1727 229 1924 725 0
1747 1 1727 229 1919 730 0
1748 1 1746 229 1918 730 0
1749 1 1748 229 1918 730 0
1750 1 1766 229 1918 730 0
1751 1 1766 229 1924 675 0
1752 1 1773 229 1924 675 0
1753 1 1773 229 1920 710 0
1754 1 1766 229 1920 710 0
1755 1 1766 249 1920 711 0
1756 1 1776 249 1920 711 0
1757 1 1791 249 1920 711 0
1758 1 1784 249 1920 711 0
1759 1 1784 249 1920 698 0
1760 1 1780 249 1920 698 0
1761 1 1780 249 1918 709 0
1762 1 1780 249 1924 721 0
1763 1 1780 290 1920 722 0
1764 1 1768 290 1920 722 0
1765 1 1768 290 1919 656 0
1766 1 1768 290 1922 677 0
1767 1 1768 290 1926 688 0
1768 1 1768 290 1928 645 0
1769 1 1846 290 1922 649 0
1770 1 1846 313 1922 649 0
1771 1 1846 313 1920 604 0
1772 1 1846 313 1918 593 0
1773 1 1860 313 1918 593 0
1774 1 1871 313 1919 593 0
1775 1 1876 313 1918 593 0
1776 1 1876 341 1924 593 0
1777 1 1876 341 1924 593 0
1778 1 1876 341 1920 593 0
1779 1 1876 341 1920 636 0
1780 1 1876 341 1920 646 0
1781 1 1876 361 1925 647 0
1782 1 1876 361 1916 647 0
2136 1 1862 96 1920 348 0
2137 1 1824 96 1920 380 0
2138 1 1776 137 1918 417 0
2139 1 1727 151 1924 435 0
2140 1 1679 196 1894 474 0
2141 1 1625 251 1843 528 0
2142 1 1536 295 1777 569 0
2143 1 1478 338 1705 610 0
2144 1 1417 405 1653 657 0
2145 1 1371 437 1603 691 0
2146 1 1334 469 1570 730 0
2147 1 1298 487 1539 739 0
2148 1 1284 519 1524 755 0
2149 1 1261 530 1493 775 0
2150 1 1232 546 1461 789 0
2151 1 1215 556 1446 813 0
2152 1 1193 574 1438 821 0
2153 1 1172 576 1410 849 0
2154 1 1152 597 1388 833 0
2155 1 1136 600 1362 848 0
2156 1 1124 608 1373 852 0
2157 1 1114 608 1359 852 0
2158 1 1102 606 1339 859 0
2159 1 1090 606 1323 869 0
2160 1 1078 610 1304 868 0
2161 1 1066 616 1304 873 0
2162 1 1046 620 1280 873 0
2163 1 1030 614 1273 875 0
2164 1 1016 618 1257 869 0
2165 1 1006 626 1243 891 0
2166 1 994 628 1224 884 0
2167 1 968 626 1216 885 0
2168 1 960 626 1204 891 0
2169 1 944 628 1188 894 0
2170 1 928 622 1163 894 0
2171 1 920 614 1160 884 0
2172 1 904 608 1154 882 0
2173 1 902 590 1163 866 0
2174 1 922 566 1147 844 0
2175 1 923 512 1164 820 0
2176 1 984 472 1241 761 0
2177 1 1067 424 1337 718 0
2178 1 1190 377 1454 677 0
2179 1 1337 298 1600 596 0
2180 1 1483 248 1721 553 0
2181 1 1613 206 1835 492 0
2182 1 1720 178 1926 434 0
2183 1 1807 178 1926 410 0
2184 1 1858 130 1922 395 0
2185 1 1880 130 1922 302 0
2186 1 1903 130 1922 302 0
2190 1 1894 85 1918 202 0
2191 1 1894 66 1918 202 0
2192 1 1874 66 1918 202 0
2193 1 1874 66 1927 284 0
2194 1 1855 66 1927 284 0
2195 1 1855 66 1919 302 0
2196 1 1855 66 1919 302 0
2197 1 1848 68 1922 322 0
2198 1 1850 82 1919 330 0
2199 1 1850 80 1920 334 0
2200 1 1850 92 1917 337 0
2201 1 1848 89 1924 339 0
2202 1 1848 82 1920 350 0
2203 1 1846 100 1920 345 0
2204 1 1848 101 1917 351 0
2205 1 1848 12 1924 356 0
2206 1 1850 16 1922 359 0
2207 1 1852 22 1919 368 0
2208 1 1852 28 1922 377 0
2209 1 1858 34 1922 384 0
2210 1 1858 92 1926 388 0
2211 1 1860 164 1920 400 0
2212 1 1860 169 1924 400 0
2213 1 1871 169 1922 385 0
2214 1 1871 169 1920 382 0
2215 1 1885 169 1920 382 0
2216 1 1885 169 1920 389 0
2217 1 1885 187 1920 389 0
2218 1 1885 187 1920 411 0
2219 1 1885 187 1920 411 0
2220 1 1883 187 1920 411 0
2221 1 1890 187 1920 411 0
2222 1 1890 197 1927 410 0
2223 1 1890 231 1920 410 0
2337 1 1832 436 1920 642 0
2338 1 1775 418 1919 615 0
2339 1 1734 266 1872 604 0
2340 1 1688 254 1871 569 0
2341 1 1663 246 1885 548 0
2342 1 1643 240 1838 530 0
2343 1 1606 234 1833 517 0
2344 1 1594 228 1814 516 0
2345 1 1588 224 1800 517 1
2346 1 1590 222 1801 514 1
2347 1 1588 222 1791 508 1
2348 1 1586 214 1798 510 1
2349 1 1586 208 1803 503 1
2350 1 1588 206 1803 494 1
2351 1 1594 200 1812 507 1
2352 1 1610 200 1826 505 1
2353 1 1624 204 1846 501 1
2354 1 1657 222 1870 521 1
2355 1 1691 238 1913 528 1
2356 1 1762 238 1923 555 1
2357 1 1874 404 1918 540 1
2676 1 1698 4 1747 50 0
2677 1 1792 50 1836 126 0
2678 1 1865 121 1913 201 0
2866 1 1300 0 1367 33 0
2867 1 1300 53 1372 113 0
2868 1 1312 110 1386 179 0
2869 1 1327 171 1396 243 0
2870 1 1327 217 1401 304 0
2871 1 1352 263 1408 343 0
2872 1 1352 304 1417 375 0
2873 1 1372 336 1435 405 0
2874 1 1404 358 1460 427 0
2875 1 1430 370 1481 455 0
2876 1 1444 376 1508 466 0
2877 1 1458 392 1520 473 0
2878 1 1462 404 1531 487 0
2879 1 1470 402 1540 492 0
2880 1 1483 404 1543 503 0
2881 1 1465 406 1534 505 0
2882 1 1455 423 1517 507 0
2883 1 1440 428 1496 504 0
2884 1 1426 430 1493 510 0
2885 1 1414 427 1483 505 0
2886 1 1417 428 1486 508 0
2887 1 1428 418 1491 511 0
2888 1 1440 430 1509 511 0
2889 1 1470 422 1533 512 0
2890 1 1487 430 1558 518 0
2891 1 1519 430 1588 518 0
2892 1 1549 450 1627 512 0
2893 1 1579 432 1651 523 0
2894 1 1611 428 1678 517 0
2895 1 1643 428 1714 518 0
2896 1 1680 416 1738 516 0
2897 1 1711 421 1771 501 0
2898 1 1732 414 1799 497 0
2899 1 1769 386 1834 486 0
2900 1 1805 396 1867 473 0
2901 1 1826 386 1895 463 0
2902 1 1864 375 1926 443 0
2903 1 1885 350 1924 443 0
2904 1 1894 322 1922 419 0
2905 1 1897 279 1918 353 0
2906 1 1897 215 1923 295 0
2907 1 1872 135 1916 231 0
2908 1 1849 68 1900 160 0
2909 1 1826 0 1886 78 0
3416 1 1867 120 1913 228 0
3417 1 1864 122 1914 244 0
3418 1 1876 122 1922 224 0
3419 1 1876 120 1916 215 0
3420 1 1867 120 1917 235 0
3421 1 1865 118 1917 217 0
3422 1 1865 101 1920 216 0
3423 1 1865 101 1921 188 0
3424 1 1865 101 1925 177 0
3425 1 1865 43 1916 176 0
3426 1 1865 43 1930 176 0
3427 1 1865 43 1920 146 0
3428 1 1865 43 1921 114 0
3429 1 1865 12 1921 113 0
3430 1 1894 12 1922 113 0
3431 1 1894 12 1922 88 0
3432 1 1908 12 1922 88 0
3821 1 1869 300 1917 367 0
3822 1 1730 356 1783 428 0
3823 1 1615 409 1664 490 0
3824 1 1515 462 1575 549 0
3825 1 1446 500 1502 585 0
3826 1 1414 528 1465 604 0
3827 1 1389 546 1445 626 0
3828 1 1376 550 1437 638 0
3829 1 1371 562 1431 636 0
3830 1 1344 574 1413 648 0
3831 1 1352 576 1406 652 0
3832 1 1339 572 1403 661 0
3833 1 1339 574 1397 660 0
3834 1 1330 570 1403 663 0
3835 1 1340 569 1401 657 0
3836 1 1350 560 1412 654 0
3837 1 1364 567 1424 647 0
3838 1 1375 560 1437 634 0
3839 1 1388 549 1448 619 0
3840 1 1389 549 1456 621 0
3841 1 1394 546 1458 607 0
3842 1 1398 539 1462 603 0
3843 1 1402 540 1465 601 0
3844 1 1410 535 1472 603 0
3845 1 1418 539 1485 605 0
3846 1 1420 526 1487 603 0
3847 1 1426 535 1492 603 0
3848 1 1432 535 1494 603 0
3849 1 1436 532 1512 606 0
3850 1 1450 524 1517 597 0
3851 1 1458 519 1520 591 0
3852 1 1474 500 1541 583 0
3853 1 1510 482 1581 565 0
3854 1 1563 459 1632 540 0
3855 1 1638 428 1698 516 0
3856 1 1720 402 1784 480 0
3857 1 1805 370 1863 455 0
3858 1 1880 327 1920 423 0
5443 1 1896 596 1920 672 0
5444 1 1890 584 1920 668 0
5445 1 1881 580 1918 666 0
5446 1 1868 582 1915 666 0
5447 1 1868 584 1915 670 0
5448 1 1870 588 1910 670 0
5449 1 1871 588 1909 661 0
5450 1 1866 572 1910 656 0
5451 1 1866 566 1910 648 0
5452 1 1860 554 1912 644 0
5453 1 1858 558 1908 646 0
5454 1 1858 556 1906 646 0
5455 1 1852 554 1902 640 0
5456 1 1852 544 1900 626 0
5457 1 1848 532 1898 612 0
5458 1 1846 506 1900 596 0
5459 1 1846 490 1894 572 0
5460 1 1846 494 1887 568 0
5461 1 1839 475 1888 549 0
5462 1 1835 457 1879 533 0
5463 1 1823 437 1867 508 0
5464 1 1810 418 1858 483 0
5465 1 1792 384 1836 453 0
5466 1 1766 357 1814 417 0
5467 1 1737 315 1781 386 0
5468 1 1712 284 1760 349 0
5469 1 1688 249 1741 321 0
5470 1 1666 217 1717 288 0
5471 1 1648 194 1696 275 0
5472 1 1634 176 1690 241 0
5473 1 1624 149 1670 225 0
5474 1 1620 139 1666 206 0
5475 1 1608 116 1656 180 0
5476 1 1606 96 1664 158 0
5477 1 1609 75 1664 144 0
5478 1 1613 55 1662 122 0
5479 1 1615 27 1677 89 0
5480 1 1624 7 1676 63 0
5481 1 1624 7 1682 51 0
5482 1 1638 4 1684 24 0
5498 1 1668 4 1707 39 0
5499 1 1672 2 1711 34 0
5500 1 1670 0 1721 36 0
5501 1 1688 0 1730 43 0
5502 1 1693 0 1744 53 0
5503 1 1698 0 1769 53 0
5504 1 1720 0 1785 69 0
5505 1 1738 8 1794 78 0
5506 1 1744 4 1812 71 0
5507 1 1750 6 1814 82 0
5508 1 1752 0 1816 68 0
5509 1 1752 0 1819 55 0
5510 1 1764 0 1826 53 0
5511 1 1771 0 1836 60 0
5512 1 1780 4 1844 87 0
5513 1 1791 4 1858 78 0
5514 1 1801 5 1877 92 0
5515 1 1837 11 1892 105 0
5516 1 1844 36 1919 116 0
5517 1 1876 41 1925 138 0
5518 1 1899 73 1916 138 0
5953 1 201 0 240 21 0
5954 1 194 0 240 37 0
5955 1 185 0 240 52 0
5956 1 185 0 225 52 0
5957 1 178 2 214 58 0
5958 1 176 7 215 57 0
5959 1 169 14 211 65 0
5960 1 168 14 212 64 0
5961 1 166 24 208 68 0
5962 1 164 24 204 66 0
5963 1 160 20 201 64 0
5964 1 154 12 190 62 0
5965 1 149 4 187 48 0
5966 1 145 0 179 33 0
5967 1 135 0 172 33 0
5968 1 135 0 176 19 0
6274 1 4 137 27 195 0
6275 1 79 164 132 224 0
6276 1 173 187 235 247 0
6277 1 265 215 323 273 0
6278 1 328 240 393 293 0
6279 1 386 260 448 313 0
6280 1 420 270 475 334 0
6281 1 441 298 499 352 0
6282 1 456 302 514 361 0
6283 1 462 304 523 364 0
6284 1 468 310 528 382 0
6285 1 458 312 530 384 0
6286 1 461 312 523 378 0
6287 1 437 308 491 365 0
6288 1 399 290 450 353 0
6289 1 328 269 385 326 0
6290 1 234 238 294 313 0
6291 1 144 210 197 278 0
6292 1 45 182 104 244 0
6293 1 2 161 37 202 0
6308 1 0 0 18 55 0
6309 1 43 30 92 95 0
6310 1 120 64 168 138 0
6311 1 210 108 274 173 0
6312 1 324 158 373 234 0
6313 1 411 206 487 278 0
6314 1 486 245 562 326 0
6315 1 546 277 620 349 0
6316 1 576 293 648 373 0
6317 1 598 306 670 384 0
6318 1 610 324 691 389 0
6319 1 624 322 688 400 0
6320 1 636 338 690 396 0
6321 1 640 338 706 405 0
6322 1 644 336 708 409 0
6323 1 652 334 713 412 0
6324 1 648 336 720 426 0
6325 1 652 342 719 416 0
6326 1 656 350 724 423 0
6327 1 652 354 722 423 0
6328 1 654 356 724 427 0
6329 1 656 356 728 430 0
6330 1 654 356 724 430 0
6331 1 654 356 717 418 0
6332 1 654 354 720 423 0
6333 1 650 352 717 427 0
6334 1 650 352 715 425 0
6335 1 646 350 713 420 0
6336 1 636 342 710 411 0
6337 1 632 338 701 416 0
6338 1 630 338 694 405 0
6339 1 630 332 692 411 0
6340 1 630 330 697 412 0
6341 1 630 328 708 414 0
6342 1 630 328 704 414 0
6343 1 628 324 708 412 0
6344 1 628 324 704 408 0
6345 1 630 322 706 406 0
6346 1 632 322 710 408 0
6347 1 632 322 708 406 0
6348 1 634 322 708 406 0
6349 1 634 320 706 408 0
6350 1 636 320 708 404 0
6351 1 638 320 710 404 0
6352 1 640 320 712 406 0
6353 1 644 318 714 404 0
6354 1 646 318 716 404 0
6355 1 648 318 718 404 0
6356 1 648 314 720 402 0
6357 1 650 314 720 402 0
6358 1 646 314 718 398 0
6359 1 644 312 716 400 0
6360 1 634 304 704 388 0
6361 1 637 299 693 377 0
6362 1 605 290 670 362 0
6363 1 555 272 619 341 0
6364 1 486 240 542 312 0
6365 1 383 206 441 273 0
6366 1 278 169 342 231 0
6367 1 178 126 240 195 0
6368 1 98 75 160 149 0
6369 1 32 36 87 108 0
6370 1 4 7 48 71 0
7676 1 2 76 21 118 0
7677 1 2 59 34 119 0
7678 1 2 25 60 85 0
7679 1 2 7 76 60 0
7680 1 36 2 103 28 0
7751 1 1631 11 1671 66 0
7752 1 1675 62 1717 113 0
7753 1 1698 101 1751 152 0
7754 1 1741 137 1789 201 0
7755 1 1773 188 1817 243 0
7756 1 1796 208 1842 270 0
7757 1 1816 249 1864 307 0
7758 1 1846 272 1894 334 0
7759 1 1867 297 1913 352 0
7760 1 1904 326 1924 382 0
