25 1 403 2 714 94 0
26 1 403 2 714 106 0
27 1 403 2 714 119 0
28 1 403 2 714 131 0
29 1 403 2 714 143 0
30 1 381 9 687 174 0
31 1 359 15 660 204 0
32 1 337 22 634 235 0
33 1 315 29 607 266 0
34 1 293 35 580 296 0
35 1 284 51 562 318 0
36 1 275 67 544 340 0
37 1 272 85 539 365 0
38 1 269 104 534 390 0
39 1 266 122 529 414 0
40 1 263 140 524 438 0
41 1 260 159 519 463 0
42 1 257 177 515 488 0
43 1 257 182 513 488 0
44 1 257 187 512 488 0
45 1 257 192 510 488 0
46 1 257 197 509 488 0
47 1 257 192 512 480 0
48 1 257 188 515 474 0
49 1 257 183 518 466 0
50 1 288 161 539 441 0
51 1 319 139 559 415 0
52 1 350 117 579 390 0
53 1 381 94 599 363 0
54 1 392 78 609 342 0
55 1 403 62 620 320 0
56 1 413 46 629 299 0
57 1 424 30 639 277 0
58 1 435 14 649 256 0
59 1 435 12 650 248 0
60 1 435 11 651 241 0
61 1 435 9 652 233 0
62 1 435 8 653 226 0
63 1 435 6 654 218 0
64 1 435 5 655 211 0
65 1 435 3 656 203 0
66 1 435 2 657 196 0
67 1 436 2 663 196 0
68 1 437 2 670 195 0
69 1 439 2 677 194 0
70 1 440 2 683 193 0
71 1 442 2 690 192 0
72 1 443 2 697 191 0
73 1 445 2 704 190 0
74 1 446 2 710 189 0
75 1 448 2 717 188 0
76 1 449 2 723 187 0
77 1 450 2 730 186 0
78 1 452 2 737 185 0
79 1 453 2 743 184 0
80 1 455 2 750 183 0
81 1 459 2 754 182 0
82 1 463 2 757 182 0
83 1 468 2 761 181 0
84 1 472 2 764 180 0
85 1 476 2 767 179 0
86 1 481 2 771 178 0
87 1 485 2 774 178 0
88 1 489 2 778 177 0
89 1 493 2 781 176 0
90 1 498 2 785 175 0
91 1 502 2 788 175 0
92 1 506 2 791 174 0
93 1 511 2 795 173 0
94 1 515 2 798 172 0
95 1 519 2 801 172 0
96 1 523 2 805 171 0
97 1 528 2 809 170 0
98 1 532 2 812 169 0
99 1 536 2 815 168 0
100 1 541 2 819 168 0
101 1 545 2 822 167 0
102 1 547 2 824 167 0
103 1 548 2 826 167 0
104 1 550 2 828 167 0
105 1 552 2 830 167 0
106 1 554 2 832 167 0
107 1 556 2 834 167 0
108 1 557 2 835 167 0
109 1 559 2 838 167 0
110 1 561 2 840 167 0
111 1 563 2 842 167 0
112 1 565 2 844 167 0
113 1 566 2 845 167 0
114 1 568 2 848 167 0
115 1 570 2 850 167 0
116 1 572 2 852 167 0
117 1 574 2 854 167 0
118 1 575 2 855 167 0
119 1 577 2 857 167 0
120 1 579 2 860 167 0
121 1 581 2 862 167 0
122 1 583 2 864 167 0
123 1 584 2 865 167 0
124 1 601 2 865 141 0
125 1 618 2 866 116 0
172 1 634 2 821 112 0
173 1 661 43 850 169 0
174 1 701 124 878 255 0
175 1 714 189 907 330 0
176 1 754 260 939 403 0
177 1 767 313 956 470 0
178 1 765 352 954 509 0
179 1 764 392 953 549 0
180 1 764 392 969 549 0
181 1 764 392 986 549 0
182 1 758 351 980 508 0
183 1 752 310 974 467 0
184 1 747 269 969 426 0
185 1 741 228 963 385 0
186 1 736 187 958 344 0
187 1 730 177 952 334 0
188 1 724 167 946 324 0
189 1 717 157 939 314 0
190 1 711 147 933 304 0
191 1 705 136 927 293 0
192 1 699 126 921 283 0
193 1 693 116 915 273 0
194 1 687 106 909 263 0
195 1 687 105 911 263 0
196 1 687 104 913 264 0
197 1 687 102 915 263 0
198 1 687 101 916 263 0
199 1 687 100 918 263 0
200 1 687 99 920 264 0
201 1 687 97 922 263 0
202 1 687 96 924 263 0
203 1 687 95 926 263 0
204 1 687 94 927 264 0
205 1 687 92 929 263 0
206 1 687 91 931 263 0
207 1 687 90 933 264 0
208 1 687 88 935 263 0
209 1 686 85 934 259 0
210 1 685 81 934 254 0
211 1 684 78 933 250 0
212 1 683 74 933 245 0
213 1 682 70 933 241 0
214 1 681 67 932 237 0
215 1 680 63 932 232 0
216 1 679 60 931 228 0
217 1 678 56 931 223 0
218 1 677 52 931 218 0
219 1 676 49 930 214 0
220 1 675 45 930 210 0
221 1 674 42 929 206 0
222 1 674 38 930 201 0
223 1 673 35 930 197 0
224 1 672 31 929 192 0
225 1 671 27 929 187 0
226 1 670 24 928 183 0
227 1 669 20 928 179 0
228 1 668 17 928 175 0
229 1 667 13 927 170 0
230 1 666 9 927 165 0
231 1 665 6 926 161 0
232 1 665 6 926 161 0
233 1 665 6 926 161 0
234 1 665 6 926 161 0
235 1 665 6 926 161 0
236 1 665 6 926 161 0
237 1 665 6 926 161 0
238 1 665 6 926 161 0
239 1 665 6 926 161 0
240 1 665 6 926 161 0
241 1 665 6 926 161 0
242 1 665 6 926 161 0
243 1 665 6 926 161 0
244 1 665 6 926 161 0
245 1 665 6 926 161 0
246 1 665 6 926 161 0
247 1 665 6 926 161 0
248 1 665 6 926 161 0
249 1 665 6 926 161 0
250 1 665 6 926 161 0
251 1 665 6 926 161 0
252 1 665 6 926 161 0
253 1 665 6 926 161 0
254 1 665 6 926 161 0
255 1 665 6 926 161 0
256 1 665 6 926 161 0
257 1 665 6 926 161 0
258 1 665 6 926 161 0
259 1 665 6 926 161 0
260 1 665 6 926 161 0
261 1 665 6 926 161 0
262 1 665 6 926 161 0
263 1 664 6 924 161 0
264 1 663 5 921 160 0
265 1 662 5 918 161 0
266 1 662 5 916 161 0
267 1 661 5 913 161 0
268 1 660 5 910 161 0
269 1 659 5 907 161 0
270 1 658 4 904 160 0
271 1 657 4 901 161 0
272 1 656 4 899 161 0
273 1 656 4 897 161 0
274 1 655 4 894 161 0
275 1 654 4 891 161 0
276 1 653 4 888 161 0
277 1 652 3 885 160 0
278 1 651 3 882 161 0
279 1 650 3 879 161 0
280 1 649 3 876 161 0
281 1 649 3 875 161 0
282 1 648 3 872 161 0
283 1 647 2 869 160 0
284 1 646 2 866 161 0
285 1 645 2 863 161 0
286 1 644 2 860 161 0
287 1 643 2 857 161 0
288 1 634 2 853 163 0
289 1 625 2 848 165 0
290 1 615 2 842 167 0
291 1 606 2 838 169 0
292 1 596 2 832 171 0
293 1 587 2 827 173 0
294 1 577 2 822 175 0
295 1 568 2 817 177 0
296 1 559 2 812 179 0
297 1 549 2 807 181 0
298 1 540 2 802 183 0
299 1 530 2 797 185 0
300 1 521 2 792 187 0
301 1 511 2 786 189 0
302 1 511 2 786 189 0
303 1 511 2 786 189 0
304 1 511 2 786 189 0
305 1 511 2 786 189 0
306 1 511 2 786 189 0
307 1 511 2 786 189 0
308 1 511 2 786 189 0
309 1 511 2 786 189 0
310 1 507 2 779 189 0
311 1 503 2 772 190 0
312 1 498 2 763 190 0
313 1 494 2 756 191 0
314 1 490 2 749 192 0
315 1 486 2 741 192 0
316 1 481 2 733 193 0
317 1 477 2 726 194 0
318 1 473 2 718 194 0
319 1 468 2 710 195 0
320 1 464 2 703 195 0
321 1 460 2 695 196 0
322 1 455 2 687 197 0
323 1 451 2 680 197 0
324 1 447 2 672 198 0
325 1 442 2 664 198 0
326 1 433 2 656 195 0
327 1 424 2 648 191 0
328 1 414 2 639 187 0
329 1 405 2 631 183 0
330 1 396 2 623 179 0
331 1 386 2 614 175 0
332 1 377 2 606 171 0
333 1 368 2 598 167 0
334 1 368 2 602 159 0
335 1 368 2 605 151 0
336 1 368 2 609 142 0
337 1 368 2 613 134 0
338 1 368 2 616 126 0
339 1 368 2 620 118 0
340 1 368 2 624 110 0
341 1 368 2 629 107 0
342 1 368 2 635 105 0
343 1 368 2 641 103 0
344 1 368 2 647 100 0
345 1 368 2 653 98 0
346 1 368 2 659 95 0
347 1 368 2 665 93 0
348 1 368 2 671 91 0
349 1 368 2 677 88 0
350 1 369 2 676 91 0
351 1 371 2 676 94 0
352 1 373 2 677 97 0
353 1 374 2 676 100 0
354 1 376 2 677 103 0
355 1 377 2 676 107 0
356 1 379 2 676 110 0
357 1 381 2 677 113 0
358 1 382 2 676 116 0
359 1 384 2 676 119 0
360 1 386 2 677 122 0
361 1 387 2 676 125 0
362 1 389 2 676 128 0
363 1 391 2 677 131 0
364 1 392 2 676 134 0
365 1 394 2 676 137 0
366 1 396 2 677 140 0
367 1 397 2 676 143 0
368 1 397 2 674 139 0
369 1 397 2 671 134 0
370 1 397 2 669 129 0
371 1 397 2 667 124 0
372 1 397 2 664 119 0
373 1 397 2 662 114 0
374 1 397 2 659 110 0
375 1 397 2 657 105 0
376 1 397 2 655 100 0
433 1 3 0 182 116 0
434 1 11 0 197 121 0
435 1 20 0 214 126 0
436 1 28 0 229 131 0
437 1 36 0 245 137 0
438 1 44 0 260 142 0
439 1 53 0 277 147 0
440 1 43 9 256 169 0
441 1 33 17 235 190 0
442 1 23 26 214 212 0
443 1 13 34 193 233 0
444 1 3 43 172 255 0
445 1 3 67 148 269 0
446 1 3 90 125 281 0
447 1 3 114 101 295 0
462 1 1 258 95 472 0
463 1 3 253 114 465 0
464 1 4 249 132 459 0
465 1 6 245 151 453 0
466 1 7 240 169 446 0
467 1 29 225 187 421 0
468 1 51 211 206 398 0
469 1 109 200 270 385 0
470 1 167 190 335 374 0
471 1 225 180 399 363 0
472 1 303 161 483 343 0
473 1 381 142 567 323 0
474 1 460 123 652 302 0
475 1 538 104 737 282 0
476 1 566 99 771 276 0
477 1 595 94 806 270 0
478 1 624 89 841 264 0
479 1 652 84 876 258 0
480 1 694 98 922 274 0
481 1 710 94 938 280 0
482 1 708 88 934 268 0
483 1 710 82 934 274 0
484 1 708 80 932 276 0
485 1 708 80 930 274 0
486 1 706 78 926 274 0
487 1 702 80 922 272 0
488 1 698 80 918 272 0
489 1 694 78 912 270 0
490 1 688 76 906 268 0
491 1 668 50 896 240 0
492 1 660 44 890 240 0
493 1 656 42 886 232 0
494 1 654 42 878 228 0
495 1 654 38 872 228 0
496 1 648 38 866 224 0
497 1 638 34 860 218 0
498 1 626 28 850 208 0
499 1 620 26 842 204 0
500 1 602 26 822 208 0
501 1 592 30 818 212 0
502 1 580 16 806 200 0
503 1 580 36 800 218 0
504 1 580 36 792 222 0
505 1 572 40 788 220 0
506 1 570 40 784 222 0
507 1 568 36 780 214 0
508 1 564 32 780 216 0
509 1 564 28 778 216 0
510 1 558 26 778 218 0
511 1 556 24 778 222 0
512 1 556 12 772 210 0
513 1 538 16 756 204 0
514 1 524 8 740 190 0
515 1 514 2 730 163 0
516 1 514 2 724 135 0
517 1 514 2 718 108 0
590 1 350 2 562 108 0
591 1 337 3 554 128 0
592 1 324 4 546 148 0
593 1 311 5 537 168 0
594 1 298 7 529 189 0
595 1 286 8 522 210 0
596 1 283 7 518 207 0
597 1 281 6 515 205 0
598 1 278 5 512 203 0
599 1 276 4 509 201 0
600 1 273 3 505 198 0
601 1 271 3 503 197 0
602 1 268 2 499 195 0
603 1 266 1 496 193 0
604 1 264 0 494 191 0
605 1 266 0 496 191 0
606 1 268 1 498 193 0
607 1 270 1 501 194 0
608 1 272 2 503 196 0
609 1 275 2 507 197 0
610 1 277 2 509 198 0
611 1 279 3 512 200 0
612 1 281 3 514 201 0
613 1 284 4 518 202 0
614 1 286 13 519 210 0
615 1 288 22 521 218 0
616 1 290 31 522 226 0
617 1 292 40 524 234 0
618 1 294 49 526 243 0
619 1 296 58 527 251 0
620 1 298 67 529 259 0
621 1 300 76 530 267 0
622 1 302 85 532 275 0
623 1 304 94 534 283 0
624 1 302 99 530 282 0
625 1 300 103 527 281 0
626 1 299 107 525 279 0
627 1 297 112 521 279 0
628 1 295 116 518 277 0
629 1 294 120 516 275 0
630 1 292 125 512 275 0
631 1 290 129 509 273 0
632 1 289 133 506 272 0
633 1 287 138 503 271 0
634 1 281 138 498 268 0
635 1 276 139 493 266 0
636 1 270 140 487 264 0
637 1 265 140 483 261 0
638 1 260 141 478 259 0
639 1 254 142 473 257 0
640 1 249 142 468 254 0
641 1 243 143 463 252 0
642 1 238 144 458 250 0
643 1 238 144 458 250 0
644 1 238 144 458 250 0
645 1 238 144 458 250 0
646 1 238 144 458 250 0
647 1 238 144 458 250 0
648 1 238 144 458 250 0
1001 1 192 0 381 86 0
1002 1 182 2 371 86 0
1003 1 177 2 363 91 0
1004 1 172 2 356 95 0
1005 1 167 2 348 100 0
1006 1 161 2 340 105 0
1007 1 156 2 333 109 0
1008 1 151 2 325 114 0
1009 1 146 2 318 118 0
1010 1 140 2 309 123 0
1011 1 135 2 302 128 0
1012 1 135 2 302 130 0
1013 1 135 2 302 132 0
1014 1 135 2 303 134 0
1015 1 135 2 303 136 0
1016 1 135 2 303 138 0
1017 1 135 2 303 140 0
1018 1 134 2 303 142 0
1019 1 134 2 303 144 0
1020 1 134 2 303 146 0
1021 1 134 2 303 148 0
1022 1 134 2 303 150 0
1023 1 134 2 304 153 0
1024 1 134 2 304 155 0
1025 1 134 2 304 157 0
1026 1 133 2 303 159 0
1027 1 133 2 304 161 0
1028 1 133 2 304 163 0
1029 1 132 2 304 166 0
1030 1 132 2 305 169 0
1031 1 131 2 305 173 0
1032 1 130 2 305 176 0
1033 1 129 2 305 179 0
1034 1 128 2 305 182 0
1035 1 127 2 305 186 0
1036 1 127 2 306 189 0
1037 1 126 2 306 192 0
1038 1 125 2 306 195 0
1039 1 124 2 306 199 0
1040 1 123 2 306 202 0
1041 1 122 2 306 205 0
1042 1 121 2 306 208 0
1043 1 119 2 303 209 0
1044 1 117 2 301 210 0
1045 1 114 2 298 210 0
1046 1 112 2 296 211 0
1047 1 110 2 293 212 0
1048 1 107 2 290 212 0
1049 1 105 2 288 213 0
1050 1 103 2 286 214 0
1051 1 100 2 282 214 0
1052 1 98 2 280 215 0
1053 1 95 2 277 216 0
1054 1 93 2 274 216 0
1055 1 91 2 272 217 0
1056 1 88 2 269 218 0
1057 1 86 2 267 218 0
1058 1 86 2 262 207 0
1059 1 86 2 257 196 0
1060 1 86 2 252 185 0
1061 1 86 2 248 174 0
1062 1 86 2 243 163 0
1063 1 86 2 238 152 0
1064 1 86 2 233 141 0
1065 1 97 2 241 127 0
1066 1 109 2 249 112 0
1067 1 120 2 257 97 0
1068 1 131 2 264 82 0
1181 1 637 2 763 49 0
1182 1 645 2 774 49 0
1183 1 653 2 786 49 0
1184 1 661 2 797 50 0
1185 1 668 2 808 50 0
1186 1 676 2 820 50 0
1187 1 684 2 831 51 0
1188 1 692 2 843 51 0
1189 1 699 2 854 51 0
1190 1 707 2 865 52 0
1191 1 715 2 877 52 0
1192 1 722 2 888 52 0
1193 1 730 2 899 52 0
1194 1 738 2 911 53 0
1195 1 746 2 921 56 0
1196 1 754 2 931 59 0
1197 1 762 2 941 62 0
1198 1 769 2 951 65 0
1199 1 777 2 961 67 0
1200 1 785 2 971 70 0
1201 1 793 2 981 73 0
1202 1 801 2 992 76 0
1203 1 801 2 992 76 0
1204 1 801 2 992 76 0
1205 1 801 2 992 76 0
1206 1 801 2 992 76 0
1207 1 801 2 992 76 0
1208 1 801 2 992 76 0
1209 1 801 2 992 76 0
1210 1 801 5 992 76 0
1211 1 801 8 992 76 0
1212 1 801 12 992 77 0
4274 1 480 740 659 891 0
4275 1 457 735 636 886 0
4276 1 435 730 614 881 0
4277 1 413 725 592 876 0
4278 1 390 720 569 871 0
4279 1 368 715 547 866 0
4280 1 375 723 554 874 0
4281 1 383 732 562 883 0
4282 1 390 740 569 891 0
4283 1 398 749 577 900 0
4284 1 406 757 585 908 0
4285 1 413 765 592 916 0
4286 1 421 774 600 925 0
4287 1 430 780 609 931 0
4288 1 440 786 619 937 0
4289 1 449 793 628 944 0
4290 1 459 799 638 950 0
4291 1 468 805 647 956 0
4292 1 499 806 678 957 0
4293 1 530 807 709 958 0
4294 1 561 808 740 959 0
4295 1 593 809 772 960 0
4296 1 624 809 803 960 0
4297 1 628 813 807 964 0
4298 1 633 816 812 967 0
4299 1 637 819 816 970 0
4300 1 637 825 824 963 0
4301 1 637 831 831 956 0
4302 1 637 837 839 949 0
4303 1 637 837 847 962 0
4304 1 637 837 854 975 0
4305 1 637 837 861 988 0
4306 1 650 847 875 1005 0
4307 1 662 857 887 1023 0
4308 1 675 866 901 1039 0
4309 1 681 864 909 1043 0
4310 1 686 862 915 1047 0
4311 1 692 860 923 1051 0
4312 1 698 858 930 1055 0
4313 1 703 856 937 1059 0
4314 1 709 853 944 1062 0
4315 1 715 851 952 1067 0
4316 1 721 849 960 1071 0
4317 1 726 847 966 1075 0
4318 1 732 845 974 1079 0
4319 1 728 841 970 1075 0
4320 1 723 838 965 1072 0
4321 1 719 834 961 1068 0
4322 1 715 831 957 1065 0
4323 1 710 827 952 1061 0
4324 1 706 824 948 1058 0
4325 1 702 820 944 1054 0
4326 1 697 816 939 1050 0
4327 1 693 813 935 1047 0
4328 1 689 809 931 1043 0
4329 1 679 808 890 1047 0
4330 1 670 808 850 1052 0
4331 1 666 806 846 1044 0
4332 1 630 812 872 1054 0
4333 1 628 814 870 1056 0
4334 1 628 814 870 1056 0
4335 1 626 812 868 1054 0
4336 1 626 810 868 1052 0
4337 1 626 786 816 1000 0
4338 1 632 774 818 992 0
4339 1 632 756 812 980 0
4340 1 604 738 832 962 0
4341 1 608 700 818 908 0
4342 1 600 686 808 880 0
4343 1 560 668 782 850 0
4344 1 514 610 738 828 0
4345 1 492 602 718 794 0
4346 1 462 580 692 778 0
4347 1 436 540 660 754 0
4348 1 416 522 632 718 0
4349 1 394 496 606 694 0
4350 1 362 460 578 668 0
4351 1 350 452 562 644 0
4352 1 346 444 546 634 0
4353 1 324 388 508 620 0
4354 1 336 406 504 620 0
4355 1 338 402 508 610 0
4356 1 336 400 508 608 0
4357 1 342 390 514 606 0
4358 1 344 386 514 606 0
4359 1 342 380 512 602 0
4360 1 340 378 510 600 0
4361 1 340 382 510 604 0
4362 1 340 386 508 604 0
4363 1 342 384 510 602 0
4364 1 344 390 518 606 0
4365 1 352 386 520 608 0
4366 1 374 390 534 598 0
4367 1 378 384 532 594 0
4368 1 382 382 536 586 0
4369 1 388 370 540 590 0
4370 1 388 374 544 590 0
4371 1 390 372 546 590 0
4372 1 394 372 550 588 0
4373 1 400 370 548 584 0
4374 1 402 370 548 582 0
4375 1 394 370 542 590 0
4376 1 380 372 540 602 0
4377 1 364 376 528 596 0
4378 1 348 374 524 590 0
4379 1 316 376 522 584 0
4380 1 324 358 504 592 0
4381 1 326 334 496 560 0
4382 1 332 322 494 558 0
4383 1 332 302 506 556 0
4384 1 336 294 504 534 0
4385 1 326 302 500 538 0
4386 1 316 318 488 542 0
4387 1 284 330 494 546 0
4388 1 256 338 470 530 0
4389 1 228 340 436 532 0
4390 1 194 340 396 530 0
4391 1 156 342 354 532 0
4392 1 126 342 322 530 0
4393 1 106 340 302 528 0
4394 1 92 320 256 530 0
4395 1 78 324 263 569 0
4396 1 70 323 254 568 0
4397 1 62 323 244 568 0
4398 1 54 322 235 568 0
4399 1 46 322 226 568 0
4400 1 39 321 217 567 0
4401 1 31 321 208 567 0
4402 1 23 320 198 567 0
4403 1 15 320 189 567 0
4404 1 8 320 181 567 0
4405 1 12 318 183 564 0
4406 1 17 316 187 561 0
4407 1 22 315 191 560 0
4408 1 27 313 194 557 0
4409 1 31 312 197 555 0
4410 1 36 310 201 552 0
4411 1 41 308 205 549 0
4412 1 46 307 208 548 0
4413 1 51 305 212 545 0
4414 1 51 305 212 545 0
4415 1 51 305 212 545 0
4416 1 51 305 212 545 0
4417 1 51 305 212 545 0
4418 1 62 322 223 562 0
4419 1 74 338 235 578 0
4420 1 86 354 247 594 0
4421 1 81 350 242 590 0
4422 1 75 345 236 585 0
4423 1 70 341 231 581 0
4424 1 65 336 226 576 0
4425 1 60 331 221 571 0
4426 1 54 327 215 567 0
4427 1 45 306 205 548 0
4428 1 35 284 194 529 0
4429 1 25 263 182 510 0
4430 1 15 242 171 491 0
4431 1 5 220 160 472 0
4432 1 4 188 160 447 0
4433 1 3 156 160 421 0
4434 1 2 124 160 396 0
4435 1 1 92 160 371 0
4436 1 5 68 167 322 0
4437 1 33 60 198 289 0
4438 1 60 52 228 256 0
4439 1 88 43 259 222 0
4440 1 110 54 281 233 0
4441 1 133 64 304 243 0
4442 1 155 75 326 254 0
4443 1 155 114 326 293 0
4444 1 155 153 326 332 0
4445 1 128 192 317 405 0
4446 1 102 230 308 478 0
4447 1 76 247 270 506 0
4448 1 50 263 232 534 0
4449 1 23 279 192 562 0
4450 1 0 295 155 590 0
4451 1 0 293 154 588 0
4452 1 0 291 153 586 0
4453 1 0 288 151 583 0
4454 1 0 286 150 581 0
4455 1 0 284 149 579 0
4456 1 0 281 147 576 0
4457 1 1 279 147 574 0
4458 1 1 277 145 572 0
4459 1 2 275 144 570 0
4460 1 2 272 143 567 0
4461 1 3 270 142 565 0
4462 1 3 268 140 563 0
4463 1 9 262 146 557 0
4464 1 15 256 152 551 0
4465 1 20 251 157 546 0
4466 1 26 245 163 540 0
4467 1 32 239 169 534 0
4468 1 38 233 175 528 0
4469 1 43 228 180 523 0
4470 1 49 222 186 517 0
4471 1 55 216 192 511 0
4472 1 60 211 197 506 0
4473 1 66 217 207 500 0
4474 1 71 223 215 494 0
4475 1 76 229 224 487 0
4476 1 82 235 233 481 0
4477 1 87 241 242 475 0
4478 1 92 247 250 469 0
4479 1 98 254 260 464 0
4480 1 110 254 264 472 0
4481 1 120 256 280 464 0
4482 1 118 258 280 470 0
4483 1 118 258 282 476 0
4484 1 116 256 282 478 0
4485 1 114 250 280 474 0
4486 1 110 246 278 476 0
4487 1 106 226 274 466 0
4488 1 104 222 268 458 0
4489 1 98 214 270 460 0
4490 1 96 216 266 458 0
4491 1 98 214 266 458 0
4492 1 96 216 266 462 0
4493 1 96 226 270 476 0
4494 1 98 232 274 480 0
4495 1 96 232 274 484 0
4496 1 94 226 274 480 0
4497 1 90 224 274 474 0
4498 1 94 216 276 456 0
4499 1 94 204 270 438 0
4500 1 102 174 278 427 0
4501 1 102 138 270 384 0
4502 1 104 92 268 350 0
4503 1 112 47 272 299 0
4504 1 98 4 281 242 0
4505 1 98 4 281 213 0
4506 1 98 4 281 185 0
4507 1 98 4 281 108 0
4539 1 54 2 229 104 0
4540 1 49 18 240 201 0
4541 1 46 29 240 237 0
4542 1 43 41 239 275 0
4543 1 33 31 239 229 0
4544 1 33 0 239 165 0
4545 1 33 0 239 124 0
4579 1 27 77 170 350 1
4580 1 22 79 180 335 1
4581 1 18 82 192 322 1
4582 1 24 82 202 330 1
4583 1 20 96 192 330 1
4584 1 16 76 194 322 1
4585 1 16 72 194 322 1
4586 1 16 70 198 322 1
4587 1 18 56 206 314 1
4588 1 16 52 212 312 1
4589 1 22 54 216 312 1
4590 1 20 54 214 316 1
4591 1 14 48 212 314 1
4592 1 6 46 202 308 1
4593 1 0 40 202 314 1
4594 1 4 38 202 312 1
4595 1 10 36 204 314 1
4596 1 8 26 200 294 1
4597 1 0 38 194 306 1
4598 1 0 49 182 331 1
4599 1 0 60 170 356 1
4600 1 0 63 161 357 1
4601 1 0 66 152 359 1
4602 1 0 69 143 361 1
4603 1 0 73 134 364 1
4604 1 0 76 125 365 1
4605 1 0 79 116 367 0
4606 1 0 83 108 370 0
4607 1 0 102 104 388 0
4608 1 0 121 100 407 0
4609 1 0 140 96 425 0
4610 1 0 159 92 443 0
4611 1 0 178 88 462 0
4612 1 0 197 84 480 0
4613 1 0 223 94 510 0
4614 1 0 249 104 540 0
4615 1 1 275 115 570 0
4616 1 1 301 125 599 0
4617 1 1 328 135 630 0
4618 1 3 342 153 654 0
4619 1 0 354 184 700 0
4620 1 21 358 237 732 0
4621 1 60 404 297 776 0
4622 1 112 402 338 784 0
4623 1 164 444 378 813 0
4624 1 190 451 461 801 0
4625 1 222 461 466 825 0
4626 1 263 488 515 828 0
4627 1 308 540 552 816 0
4628 1 334 578 606 844 0
4629 1 368 576 618 846 0
4630 1 380 582 634 846 0
4631 1 384 588 636 846 0
4632 1 376 588 624 846 0
4633 1 369 595 601 851 0
4634 1 331 593 551 851 0
4635 1 235 571 439 831 0
4636 1 111 563 299 823 0
4637 1 6 552 184 810 0
4663 1 0 961 72 1075 0
4664 1 0 953 95 1075 0
4665 1 0 945 117 1074 0
4666 1 0 937 139 1074 0
4667 1 7 933 152 1074 0
4668 1 14 929 164 1074 0
4669 1 21 926 176 1075 0
4670 1 31 926 181 1070 0
4671 1 41 926 185 1064 0
4672 1 51 926 190 1059 0
4673 1 60 926 193 1054 0
4674 1 66 920 195 1055 0
4675 1 71 914 195 1057 0
4676 1 76 908 195 1059 0
4677 1 81 902 196 1061 0
4678 1 86 896 196 1063 0
4679 1 109 886 235 1063 0
4680 1 131 876 273 1063 0
4681 1 154 866 313 1062 0
4682 1 177 857 352 1063 0
4683 1 212 843 387 1049 0
4684 1 247 829 422 1035 0
4685 1 284 814 459 1020 0
4686 1 321 798 496 1004 0
4687 1 357 783 532 989 0
4688 1 394 768 569 974 0
4689 1 431 752 606 958 0
4690 1 468 754 708 970 0
4691 1 482 756 722 986 0
4692 1 512 746 744 960 0
4693 1 508 742 744 964 0
4694 1 498 740 734 968 0
4695 1 492 726 732 960 0
4696 1 500 710 720 912 0
4697 1 486 700 704 902 0
4698 1 474 680 696 886 0
4699 1 454 666 666 868 0
4700 1 426 652 654 860 0
4701 1 404 626 636 834 0
4702 1 370 610 598 832 0
4703 1 354 600 580 816 0
4704 1 344 586 574 810 0
4705 1 338 574 576 806 0
4706 1 340 570 584 818 0
4707 1 344 568 586 816 0
4708 1 352 570 598 822 0
4709 1 358 570 602 826 0
4710 1 358 578 598 828 0
4711 1 352 584 586 824 0
4712 1 356 574 600 816 0
4713 1 356 588 594 832 0
4714 1 356 598 588 838 0
4715 1 362 602 596 840 0
4716 1 368 606 602 846 0
4717 1 366 618 598 856 0
4718 1 372 622 598 862 0
4719 1 376 622 606 866 0
4720 1 374 624 604 884 0
4721 1 374 624 602 884 0
4722 1 372 624 600 882 0
4723 1 366 618 596 874 0
4724 1 358 608 592 852 0
4725 1 354 594 590 830 0
4726 1 356 588 598 828 0
4727 1 360 594 606 828 0
4728 1 374 598 624 832 0
4729 1 386 606 634 838 0
4730 1 408 614 654 830 0
4731 1 412 618 656 838 0
4732 1 410 616 658 850 0
4733 1 404 610 660 860 0
4734 1 400 614 648 856 0
4735 1 400 616 648 868 0
4736 1 402 616 654 874 0
4737 1 404 616 660 872 0
4738 1 412 614 672 876 0
4739 1 420 618 678 878 0
4740 1 418 618 674 878 0
4741 1 418 616 674 878 0
4742 1 416 616 672 874 0
4743 1 416 618 672 874 0
4744 1 416 642 682 900 0
4745 1 418 648 682 900 0
4746 1 424 646 690 894 0
4747 1 430 650 694 894 0
4748 1 440 650 702 892 0
4749 1 448 652 710 888 0
4750 1 460 652 738 888 0
4751 1 468 648 740 894 0
4752 1 470 642 746 894 0
4753 1 474 640 748 896 0
4754 1 468 638 748 894 0
4755 1 470 638 750 892 0
4756 1 486 622 754 878 0
4757 1 496 620 762 880 0
4758 1 506 620 766 880 0
4759 1 514 622 768 878 0
4760 1 514 620 768 878 0
4761 1 514 622 764 874 0
4762 1 512 624 762 874 0
4763 1 510 620 758 868 0
4764 1 508 612 752 858 0
4765 1 506 606 756 854 0
4766 1 506 606 756 850 0
4767 1 504 606 752 846 0
4768 1 502 602 754 846 0
4769 1 502 602 754 844 0
4770 1 504 598 756 836 0
4771 1 506 582 764 820 0
4772 1 496 560 762 806 0
4773 1 488 542 744 766 0
4774 1 426 528 664 748 0
4775 1 378 494 638 720 0
4776 1 332 494 562 706 0
4777 1 298 474 526 684 0
4778 1 258 440 522 674 0
4779 1 244 432 514 668 0
4780 1 218 444 506 666 0
4781 1 210 438 454 660 0
4782 1 194 426 444 662 0
4783 1 196 412 428 626 0
4784 1 188 396 434 624 0
4785 1 186 386 432 608 0
4786 1 182 376 432 602 0
4787 1 178 376 432 606 0
4788 1 172 378 428 604 0
4789 1 174 384 428 612 0
4790 1 174 390 426 618 0
4791 1 166 404 386 638 0
4792 1 168 404 386 636 0
4793 1 166 408 390 646 0
4794 1 164 402 394 654 0
4795 1 162 404 394 660 0
4796 1 162 406 392 660 0
4797 1 162 410 390 660 0
4798 1 158 412 390 664 0
4799 1 156 408 392 666 0
4800 1 148 424 386 672 0
4801 1 146 424 382 666 0
4802 1 148 404 386 654 0
4803 1 150 400 382 648 0
4804 1 152 400 380 642 0
4805 1 156 396 384 648 0
4806 1 156 396 380 644 0
4807 1 156 398 380 644 0
4808 1 158 396 382 640 0
4809 1 160 396 384 636 0
4810 1 162 394 388 636 0
4811 1 162 394 386 638 0
4812 1 160 396 384 640 0
4813 1 160 394 384 642 0
4814 1 160 398 382 642 0
4815 1 162 394 386 638 0
4816 1 164 390 386 634 0
4817 1 166 392 390 638 0
4818 1 166 392 388 634 0
4819 1 164 392 388 636 0
4820 1 162 396 384 638 0
4821 1 162 392 384 632 0
4822 1 162 392 386 636 0
4823 1 164 392 388 634 0
4824 1 166 396 386 638 0
4825 1 168 396 390 636 0
4826 1 174 392 398 636 0
4827 1 176 392 394 626 0
4828 1 174 396 392 630 0
4829 1 178 404 394 640 0
4830 1 180 408 394 652 0
4831 1 182 400 434 646 0
4832 1 190 406 432 646 0
4833 1 200 406 444 650 0
4834 1 206 410 448 648 0
4835 1 212 410 454 648 0
4836 1 222 430 462 660 0
4837 1 226 424 474 660 0
4838 1 238 424 484 664 0
4839 1 250 426 490 664 0
4840 1 268 428 516 666 0
4841 1 276 428 518 664 0
4842 1 282 426 526 664 0
4843 1 288 430 528 660 0
4844 1 296 436 530 660 0
4845 1 294 442 534 668 0
4846 1 298 446 536 676 0
4847 1 308 452 544 680 0
4848 1 330 460 560 686 0
4849 1 346 468 588 686 0
4850 1 362 466 602 696 0
4851 1 372 474 598 704 0
4852 1 384 482 578 728 0
4853 1 366 494 586 722 0
4854 1 332 514 560 736 0
4855 1 323 524 531 734 0
4856 1 259 521 457 731 0
4857 1 177 518 367 728 0
4858 1 99 525 283 733 0
4859 1 27 543 209 747 0
4860 1 0 547 153 787 0
4861 1 0 547 133 816 0
4873 1 1 866 54 1068 0
4874 1 1 870 61 1069 0
4875 1 1 873 68 1069 0
4876 1 1 876 75 1069 0
4877 1 1 885 84 1072 0
4878 1 1 893 92 1074 0
4879 1 1 901 100 1076 0
4880 1 1 909 108 1078 0
4881 1 1 918 117 1081 0
4882 1 1 918 122 1081 0
4883 1 1 918 127 1081 0
4884 1 1 918 131 1081 0
4885 1 1 918 136 1081 0
4886 1 15 919 161 1081 0
4887 1 29 920 186 1081 0
4888 1 58 901 227 1081 0
4889 1 88 882 269 1080 0
4890 1 137 843 310 1054 0
4891 1 186 803 351 1027 0
4892 1 211 737 369 970 0
4893 1 236 671 387 913 0
4894 1 229 625 387 861 0
4895 1 222 579 387 809 0
4896 1 197 546 369 779 0
4897 1 173 514 352 750 0
4898 1 152 491 323 736 0
4899 1 131 469 294 723 0
4900 1 98 467 261 712 0
4901 1 64 465 227 701 0
4902 1 35 443 172 699 0
4914 1 454 486 650 734 0
4915 1 513 495 723 731 0
4916 1 572 504 796 728 0
4917 1 564 480 794 714 0
4918 1 576 474 802 698 0
4919 1 570 470 792 696 0
4920 1 564 480 790 704 0
4921 1 560 490 800 730 0
4922 1 558 512 794 740 0
4923 1 572 486 806 712 0
4924 1 578 466 806 692 0
4925 1 584 454 818 686 0
4926 1 590 458 826 694 0
4927 1 596 466 830 706 0
4928 1 594 474 828 722 0
4929 1 592 486 822 724 0
4930 1 580 510 820 738 0
4931 1 572 510 814 746 0
4932 1 574 522 816 758 0
4933 1 572 538 816 772 0
4934 1 578 550 818 794 0
4935 1 576 588 818 834 0
4936 1 580 616 822 864 0
4937 1 584 640 822 896 0
4938 1 580 674 818 904 0
4939 1 576 674 822 908 0
4940 1 578 674 826 902 0
4941 1 576 674 824 900 0
4942 1 576 676 820 900 0
4943 1 574 682 816 900 0
4944 1 570 682 812 902 0
4945 1 570 684 812 904 0
4946 1 562 684 804 908 0
4947 1 558 678 798 906 0
4948 1 556 680 794 908 0
4949 1 552 676 794 898 0
4950 1 556 668 796 894 0
4951 1 552 662 796 894 0
4952 1 550 654 798 890 0
4953 1 550 656 798 894 0
4954 1 552 658 798 890 0
4955 1 552 654 796 888 0
4956 1 550 656 798 886 0
4957 1 554 654 802 890 0
4958 1 564 656 810 890 0
4959 1 572 652 820 892 0
4960 1 574 646 820 886 0
4961 1 578 646 820 882 0
4962 1 584 622 824 866 0
4963 1 588 614 822 856 0
4964 1 586 606 828 846 0
4965 1 584 600 826 834 0
4966 1 576 598 814 830 0
4967 1 534 592 790 812 0
4968 1 507 579 751 805 0
4969 1 457 572 695 796 0
4970 1 399 560 629 784 0
4971 1 299 571 527 781 0
4972 1 227 571 451 781 0
4973 1 181 567 401 775 0
4974 1 127 565 347 781 0
4975 1 109 557 321 789 0
4976 1 77 568 287 778 0
4977 1 56 560 248 790 0
4978 1 52 580 230 814 0
4979 1 34 576 216 824 0
4980 1 28 580 204 820 0
4981 1 24 580 194 818 0
4982 1 14 578 180 820 0
4983 1 14 568 182 824 0
4984 1 12 562 184 826 0
4985 1 16 546 182 790 0
4986 1 10 538 182 794 0
4987 1 10 536 184 800 0
4988 1 8 536 182 798 0
4989 1 6 528 180 792 0
4990 1 6 526 178 794 0
4991 1 6 520 180 786 0
4992 1 8 516 184 788 0
4993 1 8 512 182 778 0
4994 1 12 510 182 780 0
4995 1 12 504 188 772 0
4996 1 12 502 192 768 0
4997 1 14 502 196 768 0
4998 1 18 502 200 774 0
4999 1 22 506 202 784 0
5000 1 26 508 202 784 0
5001 1 32 504 210 786 0
5002 1 40 502 224 770 0
5003 1 54 490 242 768 0
5004 1 68 494 266 758 0
5005 1 76 502 274 762 0
5006 1 84 504 280 770 0
5007 1 92 494 282 758 0
5008 1 92 486 290 760 0
5009 1 100 484 300 758 0
5010 1 116 484 316 754 0
5011 1 134 472 344 728 0
5012 1 144 466 350 732 0
5013 1 154 466 362 734 0
5014 1 164 464 366 732 0
5015 1 172 500 398 734 0
5016 1 190 478 410 720 0
5017 1 208 474 438 720 0
5018 1 234 480 464 718 0
5019 1 242 474 474 720 0
5020 1 252 474 484 720 0
5021 1 268 476 508 718 0
5022 1 284 468 514 712 0
5023 1 296 468 530 712 0
5024 1 306 468 538 712 0
5025 1 314 474 546 714 0
5026 1 320 476 550 716 0
5027 1 320 478 556 720 0
5028 1 332 480 572 720 0
5029 1 344 476 582 724 0
5030 1 354 474 598 718 0
5031 1 366 478 612 722 0
5032 1 380 480 614 722 0
5033 1 386 478 622 720 0
5034 1 396 478 632 720 0
5035 1 416 478 658 720 0
5036 1 430 470 674 710 0
5037 1 444 476 686 714 0
5038 1 452 468 694 704 0
5039 1 456 462 702 692 0
5040 1 462 452 704 690 0
5041 1 464 454 708 690 0
5042 1 480 446 734 690 0
5043 1 484 434 736 682 0
5044 1 486 428 744 678 0
5045 1 488 426 744 674 0
5046 1 490 424 750 676 0
5047 1 490 420 748 674 0
5048 1 490 418 750 676 0
5049 1 492 420 754 680 0
5050 1 494 420 754 680 0
5051 1 492 416 754 678 0
5052 1 492 418 750 680 0
5053 1 492 420 750 680 0
5054 1 492 420 750 678 0
5055 1 492 420 750 678 0
5056 1 494 416 758 678 0
5057 1 492 416 752 676 0
5058 1 494 410 758 672 0
5059 1 504 396 754 656 0
5060 1 500 394 750 656 0
5061 1 502 394 750 660 0
5062 1 500 392 746 658 0
5063 1 498 392 742 656 0
5064 1 494 396 742 658 0
5065 1 490 396 740 660 0
5066 1 486 398 734 658 0
5067 1 486 400 734 656 0
5068 1 484 394 736 660 0
5069 1 484 390 734 654 0
5070 1 482 386 728 642 0
5071 1 450 390 708 620 0
5072 1 410 370 662 602 0
5073 1 397 364 615 620 0
5074 1 362 331 584 628 0
5075 1 307 315 507 618 0
5076 1 275 317 466 608 0
5077 1 210 315 404 604 0
5078 1 171 311 375 600 0
5079 1 112 336 352 568 0
5080 1 90 354 328 588 0
5081 1 68 356 302 598 0
5082 1 60 362 288 600 0
5083 1 54 384 266 612 0
5084 1 44 400 232 634 0
5085 1 24 414 206 644 0
5086 1 4 432 180 660 0
5087 1 25 450 194 707 0
5088 1 18 460 180 717 0
5089 1 10 471 166 728 0
5090 1 3 481 152 738 0
5091 1 3 493 142 751 0
5092 1 3 504 131 764 0
5093 1 3 516 121 777 0
5094 1 3 528 110 791 0
5095 1 3 540 100 804 0
5096 1 3 551 89 816 0
5097 1 2 553 84 817 0
5098 1 1 554 78 816 0
5099 1 0 556 73 817 0
5100 1 0 557 68 816 0
5116 1 0 463 47 738 0
5117 1 0 455 52 716 0
5118 1 0 447 56 695 0
5119 1 0 447 56 695 0
5156 1 0 488 56 759 0
5157 1 0 488 62 759 0
5158 1 0 488 68 759 0
5159 1 0 496 66 759 0
5160 1 0 504 63 760 0
5161 1 0 512 61 760 0
5162 1 0 520 58 760 0
5163 1 0 524 58 760 0
5164 1 0 528 58 760 0
5165 1 0 532 58 760 0
5166 1 0 536 58 760 0
5167 1 0 536 58 760 0
5196 1 1 520 67 750 0
5197 1 3 517 136 752 0
5198 1 61 515 205 755 0
5199 1 119 512 274 758 0
5200 1 158 502 320 744 0
5201 1 196 492 365 730 0
5202 1 235 482 411 716 0
5203 1 274 472 458 702 0
5204 1 286 460 466 692 0
5205 1 310 444 500 682 0
5206 1 322 434 514 680 0
5207 1 328 424 518 682 0
5208 1 334 418 524 676 0
5209 1 336 414 530 678 0
5210 1 344 402 534 650 0
5211 1 340 398 532 648 0
5212 1 338 396 526 646 0
5213 1 336 390 526 644 0
5214 1 342 388 530 630 0
5215 1 360 378 556 618 0
5216 1 374 376 572 622 0
5217 1 390 372 582 624 0
5218 1 398 372 592 622 0
5219 1 394 386 614 614 0
5220 1 410 396 622 614 0
5221 1 432 396 648 606 0
5222 1 442 398 662 626 0
5223 1 460 404 678 634 0
5224 1 474 412 686 640 0
5225 1 488 414 694 646 0
5226 1 508 424 716 638 0
5227 1 510 440 728 656 0
5228 1 522 442 738 652 0
5229 1 528 444 746 652 0
5230 1 526 444 754 660 0
5231 1 528 450 754 664 0
5232 1 528 450 752 664 0
5233 1 530 458 752 668 0
5234 1 528 462 752 664 0
5235 1 528 466 748 670 0
5236 1 528 472 744 674 0
5237 1 530 476 750 672 0
5238 1 530 480 750 678 0
5239 1 524 484 748 678 0
5240 1 526 492 740 682 0
5241 1 528 490 740 682 0
5242 1 526 500 736 690 0
5243 1 534 504 742 688 0
5244 1 520 530 740 714 0
5245 1 523 486 737 745 0
5246 1 521 486 736 747 0
5247 1 518 485 735 748 0
5248 1 516 484 735 749 0
5249 1 513 483 734 749 0
5250 1 511 483 733 751 0
5251 1 508 482 732 752 0
5252 1 506 481 732 753 0
5253 1 504 480 731 753 0
5254 1 503 478 731 753 0
5255 1 502 476 730 752 0
5256 1 502 475 730 752 0
5257 1 501 473 730 752 0
5258 1 500 471 729 751 0
5259 1 500 469 729 750 0
5260 1 499 467 729 749 0
5261 1 498 465 728 749 0
5262 1 498 463 728 748 0
5263 1 497 461 728 747 0
5264 1 496 459 727 747 0
5265 1 496 457 728 746 0
5266 1 496 456 728 745 0
5267 1 496 455 729 745 0
5268 1 496 454 730 744 0
5269 1 496 452 731 743 0
5270 1 496 451 732 742 0
5271 1 496 450 733 742 0
5272 1 496 449 734 741 0
5273 1 496 448 735 741 0
5274 1 496 447 736 740 0
5275 1 500 456 772 720 0
5276 1 500 454 768 712 0
5277 1 502 452 764 706 0
5278 1 492 450 762 714 1
5279 1 488 448 762 704 1
5280 1 468 446 701 734 1
5281 1 452 435 687 728 1
5282 1 436 425 673 723 1
5283 1 420 415 660 718 1
5284 1 404 405 646 712 1
5285 1 388 395 632 707 1
5286 1 372 385 619 702 1
5287 1 356 374 605 696 1
5288 1 340 364 592 690 1
5289 1 331 363 580 683 1
5290 1 322 361 569 674 1
5291 1 313 359 557 665 1
5292 1 304 352 546 667 1
5293 1 295 335 540 651 1
5294 1 287 319 535 635 1
5295 1 278 302 529 618 1
5296 1 270 286 524 602 1
5297 1 262 270 520 587 1
5298 1 253 253 514 570 1
5299 1 245 237 509 554 1
5300 1 236 220 503 538 1
5301 1 228 204 498 522 1
5302 1 220 188 494 506 1
5303 1 220 168 484 472 1
5304 1 218 158 482 462 1
5305 1 212 128 480 446 1
5306 1 208 122 478 434 1
5307 1 200 112 476 412 1
5308 1 196 74 470 442 1
5309 1 198 98 466 398 1
5310 1 194 100 464 394 1
5311 1 190 100 458 394 1
5312 1 190 100 464 390 1
5313 1 186 68 464 382 1
5314 1 192 68 460 442 1
5315 1 194 64 462 460 1
5316 1 200 72 460 408 1
5317 1 210 80 464 423 1
5318 1 204 82 468 446 1
5319 1 216 94 472 435 1
5320 1 214 110 482 431 1
5321 1 220 116 488 427 1
5322 1 222 122 496 406 1
5323 1 232 138 518 412 1
5324 1 234 136 522 414 1
5325 1 236 138 520 414 1
5326 1 238 138 522 416 1
5327 1 240 138 528 420 1
5328 1 242 136 532 414 1
5329 1 240 128 536 406 1
5330 1 244 122 536 404 1
5331 1 248 118 536 406 1
5332 1 248 120 536 408 1
5333 1 250 118 538 406 1
5334 1 250 122 536 404 1
5335 1 248 124 536 404 1
5336 1 246 126 538 406 1
5337 1 240 130 536 406 1
5338 1 236 130 532 412 1
5339 1 236 134 534 414 1
5340 1 236 132 534 414 1
5341 1 238 134 534 410 1
5342 1 246 132 534 406 1
5343 1 252 128 534 400 1
5344 1 258 128 538 394 1
5345 1 264 126 542 392 1
5346 1 266 124 540 388 1
5347 1 270 120 538 384 1
5348 1 272 120 540 386 1
5349 1 274 118 542 388 1
5350 1 274 116 544 388 1
5351 1 272 118 544 388 1
5352 1 272 118 544 388 1
5353 1 270 118 546 388 1
5354 1 270 116 546 392 1
5355 1 270 120 544 390 1
5356 1 272 120 548 386 1
5357 1 272 120 550 394 1
5358 1 274 126 558 398 1
5359 1 276 126 560 396 1
5360 1 278 128 562 398 1
5361 1 278 134 568 402 1
5362 1 280 134 566 400 1
5363 1 280 138 568 400 1
5364 1 280 134 572 398 1
5365 1 282 134 572 398 1
5366 1 286 134 572 396 1
5367 1 288 132 572 394 1
5368 1 290 130 574 400 1
5369 1 290 126 572 398 1
5370 1 292 124 572 392 1
5371 1 296 122 570 392 1
5372 1 296 120 570 392 1
5373 1 298 120 572 396 1
5374 1 302 120 570 392 1
5375 1 304 128 592 394 1
5376 1 306 130 594 398 1
5377 1 304 134 598 412 1
5378 1 304 100 580 428 1
5379 1 304 96 586 428 1
5380 1 305 92 593 428 0
5381 1 305 87 598 427 0
5382 1 306 83 605 427 0
5383 1 307 79 611 427 0
5384 1 312 110 610 404 0
5385 1 315 105 609 407 0
5386 1 318 100 608 410 0
5387 1 326 88 610 378 0
5388 1 334 76 612 346 0
5389 1 328 76 604 330 0
5390 1 318 72 610 344 0
5391 1 308 70 610 348 0
5392 1 300 64 600 346 0
5393 1 296 60 598 342 0
5394 1 294 62 592 338 0
5395 1 300 60 588 336 0
5396 1 294 58 564 332 0
5397 1 296 56 562 330 0
5398 1 298 54 564 326 0
5399 1 296 56 564 326 0
5400 1 298 56 564 330 0
5401 1 306 54 596 328 0
5402 1 310 48 594 330 0
5403 1 316 46 602 334 0
5404 1 336 52 606 324 0
5405 1 346 56 614 328 0
5406 1 350 56 618 334 0
5407 1 354 62 622 342 0
5408 1 360 66 628 344 0
5409 1 364 74 634 354 0
5410 1 376 86 642 360 0
5411 1 380 96 646 358 0
5412 1 398 90 662 366 0
5413 1 404 90 666 366 0
5414 1 408 118 678 414 0
5415 1 418 120 688 406 0
5416 1 426 132 700 402 0
5417 1 434 134 722 404 0
5418 1 452 146 732 396 0
5419 1 468 142 772 408 0
5420 1 488 154 788 412 0
5421 1 506 152 796 420 0
5422 1 522 168 808 430 0
5423 1 542 176 836 424 0
5424 1 568 166 850 424 0
5425 1 586 168 862 424 0
5426 1 590 200 882 478 0
5427 1 606 202 922 484 0
5428 1 614 206 922 488 0
5429 1 624 208 924 486 0
5430 1 636 210 934 490 0
5431 1 642 216 940 496 0
5432 1 648 220 938 508 0
5433 1 652 224 936 510 0
5434 1 652 224 938 510 0
5435 1 654 228 936 518 0
5436 1 654 232 936 516 0
5437 1 654 238 932 512 0
5438 1 654 240 934 516 0
5439 1 654 240 938 514 0
5440 1 648 260 936 542 0
5441 1 638 264 920 544 0
5442 1 630 268 912 542 0
5443 1 616 268 908 536 0
5444 1 610 272 896 530 0
5445 1 604 276 892 524 0
5446 1 596 282 866 526 0
5447 1 598 284 864 526 0
5448 1 594 280 862 528 0
5449 1 594 286 860 532 0
5450 1 590 286 856 542 0
5451 1 586 284 842 540 0
5452 1 584 282 840 542 0
5453 1 578 284 834 548 0
5454 1 574 288 830 556 0
5455 1 572 286 828 558 0
5456 1 568 290 818 554 0
5457 1 562 288 814 548 0
5458 1 556 284 812 552 0
5459 1 554 280 810 554 0
5460 1 548 280 808 556 0
5461 1 546 282 806 554 0
5462 1 542 282 804 546 0
5463 1 538 282 800 548 0
5464 1 528 286 784 550 0
5465 1 528 292 782 560 0
5466 1 528 298 782 568 0
5467 1 534 308 780 574 0
5468 1 532 316 778 578 0
5469 1 532 322 778 586 0
5470 1 528 320 774 602 0
5471 1 528 336 780 614 0
5472 1 530 338 782 618 0
5473 1 540 354 800 616 0
5474 1 542 358 798 618 0
5475 1 542 356 798 610 0
5476 1 538 352 800 608 0
5477 1 538 352 800 606 0
5478 1 538 346 804 606 0
5479 1 540 344 808 604 0
5480 1 540 340 812 604 0
5481 1 542 338 814 604 0
5482 1 546 336 814 606 0
5483 1 546 334 816 608 0
5484 1 552 330 822 610 0
5485 1 552 330 820 612 0
5486 1 554 332 822 612 0
5487 1 554 332 822 614 0
5488 1 556 334 824 614 0
5489 1 558 334 824 616 0
5490 1 562 334 826 618 0
5491 1 562 332 828 618 0
5492 1 564 332 828 616 0
5493 1 564 330 830 618 0
5494 1 570 332 834 614 0
5495 1 574 332 840 622 0
5496 1 574 334 840 628 0
5497 1 576 340 840 624 0
5498 1 580 342 842 630 0
5499 1 582 346 842 634 0
5500 1 582 346 844 636 0
5501 1 578 350 840 636 0
5502 1 576 348 838 636 0
5503 1 576 350 836 634 0
5504 1 576 350 836 634 0
5505 1 576 350 834 632 0
5506 1 576 352 836 634 0
5507 1 578 352 836 636 0
5508 1 578 354 834 634 0
5509 1 578 356 834 634 0
5510 1 580 356 834 634 0
5511 1 580 356 836 640 1
5512 1 580 358 840 638 1
5513 1 580 360 838 638 1
5514 1 582 362 836 638 1
5515 1 584 360 842 648 1
5516 1 584 362 846 660 1
5517 1 586 364 846 666 1
5518 1 586 364 848 670 1
5519 1 586 366 848 670 1
5520 1 586 364 848 674 1
5521 1 586 366 848 674 1
5522 1 582 366 848 672 1
5523 1 582 366 846 676 1
5524 1 582 366 846 670 1
5525 1 584 368 844 666 1
5526 1 582 368 844 670 1
5527 1 582 366 844 666 1
5528 1 584 366 850 670 1
5529 1 584 366 852 672 1
5530 1 584 366 852 674 1
5531 1 584 368 850 674 1
5532 1 584 370 848 674 1
5533 1 584 370 846 674 1
5534 1 584 370 848 674 1
5535 1 584 370 848 672 1
5536 1 584 370 848 676 1
5537 1 582 370 844 674 1
5538 1 584 372 846 668 1
5539 1 584 374 846 664 1
5540 1 584 372 842 662 1
5541 1 584 370 842 668 1
5542 1 586 370 844 670 1
5543 1 582 366 852 676 1
5544 1 584 362 858 672 1
5545 1 584 364 858 654 1
5546 1 586 364 860 670 1
5547 1 588 368 864 670 1
5548 1 588 366 868 668 1
5549 1 586 366 866 666 1
5550 1 586 366 866 666 1
5551 1 586 364 868 664 1
5552 1 586 368 870 664 1
5553 1 590 362 874 662 1
5554 1 590 362 874 662 1
5555 1 590 362 870 660 1
5556 1 602 370 880 650 1
5557 1 590 360 864 652 1
5558 1 588 356 860 646 1
5559 1 580 350 856 636 1
5560 1 578 346 852 624 1
5561 1 576 340 848 622 1
5562 1 568 340 842 628 1
5563 1 560 340 834 624 0
5564 1 552 346 830 628 0
5565 1 548 350 818 620 0
5566 1 546 348 812 614 0
5567 1 544 346 804 608 0
5568 1 544 344 806 610 0
5569 1 544 342 814 620 0
5570 1 550 346 822 626 0
5571 1 558 352 828 630 0
5572 1 562 354 832 636 0
5573 1 570 360 834 640 0
5574 1 570 362 834 640 0
5575 1 570 368 838 646 0
5576 1 572 370 836 648 0
5577 1 572 370 836 650 0
5578 1 574 370 838 662 0
5579 1 578 382 840 690 0
5580 1 582 408 856 718 0
5581 1 596 436 868 742 0
5582 1 616 468 912 766 0
5583 1 636 496 926 780 0
5584 1 648 486 938 772 0
5585 1 666 456 936 748 0
5586 1 652 402 926 714 0
5587 1 644 386 918 694 0
5588 1 622 392 906 692 0
5589 1 610 402 898 700 0
5590 1 616 394 906 692 0
5591 1 640 356 920 676 0
5592 1 648 342 926 656 0
5593 1 640 346 916 662 0
5594 1 630 346 912 718 0
5595 1 614 410 888 720 0
5596 1 600 394 884 760 0
5597 1 604 428 888 724 0
5598 1 604 418 886 712 0
5599 1 608 400 888 698 0
5600 1 606 390 896 672 0
5601 1 612 366 892 674 0
5602 1 610 400 896 700 0
5603 1 608 418 886 728 0
5604 1 604 434 880 742 0
5605 1 602 440 878 728 0
5606 1 592 434 862 726 0
5607 1 592 416 862 710 0
5608 1 594 390 866 684 0
5609 1 610 392 902 672 0
5610 1 636 366 916 674 0
5611 1 648 368 930 680 0
5612 1 666 374 940 678 0
5613 1 670 372 950 676 0
5614 1 668 380 942 686 0
5615 1 662 402 934 700 0
5616 1 652 410 924 698 0
5617 1 644 410 916 700 0
5618 1 632 404 908 692 0
5619 1 628 394 908 682 0
5620 1 630 354 902 654 0
5621 1 624 338 900 634 0
5622 1 620 328 898 628 0
5623 1 620 338 898 638 0
5624 1 620 346 896 650 0
5625 1 620 358 890 666 0
5626 1 622 366 894 676 0
5627 1 624 370 894 674 0
5628 1 622 368 894 672 0
5629 1 622 360 896 660 0
5630 1 624 344 894 644 0
5631 1 622 340 900 642 0
5632 1 620 344 898 642 0
5633 1 620 346 898 648 0
5634 1 620 356 890 652 0
5635 1 624 358 894 656 0
5636 1 622 364 898 666 0
5637 1 622 370 894 662 0
5638 1 622 368 894 664 0
5639 1 622 358 896 654 0
5640 1 618 350 892 648 0
5641 1 616 352 892 648 0
5642 1 612 354 890 656 0
5643 1 612 364 890 668 0
5644 1 616 372 892 666 0
5645 1 618 376 894 676 0
5646 1 616 378 894 672 0
5647 1 616 376 890 666 0
5648 1 616 372 894 664 0
5649 1 616 370 892 662 0
5650 1 616 370 892 666 0
5651 1 614 372 894 670 0
5652 1 610 378 886 674 0
5653 1 606 382 886 676 0
5654 1 604 382 884 672 0
5655 1 602 380 888 670 0
5656 1 606 378 886 670 0
5657 1 608 376 886 670 0
5658 1 608 374 886 664 0
5659 1 610 374 886 662 0
5660 1 610 378 886 664 0
5661 1 608 378 884 670 0
5662 1 608 380 884 670 0
5663 1 608 380 888 670 0
5664 1 608 376 890 672 0
5665 1 610 374 892 674 0
5666 1 612 376 890 672 0
5667 1 610 380 888 678 0
5668 1 610 380 890 676 0
5669 1 612 382 892 678 0
5670 1 612 382 892 678 0
5671 1 610 378 890 676 0
5672 1 610 378 890 676 0
5673 1 610 376 888 674 0
5674 1 614 374 894 672 0
5675 1 614 378 892 680 0
5676 1 614 380 888 678 0
5677 1 614 380 890 678 0
5678 1 612 378 892 676 0
5679 1 612 376 890 678 0
5680 1 616 376 892 676 0
5681 1 618 374 894 676 0
5682 1 622 372 896 676 0
5683 1 630 366 904 672 0
5684 1 640 362 914 660 0
5685 1 658 358 936 654 0
5686 1 678 348 956 644 0
5687 1 730 338 978 640 0
5688 1 784 313 1022 603 0
5689 1 834 272 1083 581 0
5690 1 890 222 1144 572 0
5691 1 960 197 1202 527 0
5692 1 1037 146 1291 472 0
5693 1 1087 100 1337 426 0
5694 1 1136 55 1403 411 0
5695 1 1138 34 1451 378 0
5696 1 1236 34 1469 337 0
5697 1 1274 24 1512 315 0
5698 1 1306 2 1547 289 0
5699 1 1313 4 1603 281 0
5700 1 1358 0 1614 250 0
5701 1 1358 0 1614 250 0
5702 1 1358 0 1614 250 0
5703 1 1363 0 1618 246 0
5704 1 1369 0 1624 243 0
5705 1 1374 0 1628 239 0
5706 1 1380 0 1634 236 0
5707 1 1387 0 1634 223 0
5708 1 1394 0 1634 210 0
5709 1 1394 0 1634 198 0
5710 1 1394 0 1634 187 0
5711 1 1385 0 1619 182 0
5712 1 1375 0 1603 177 0
5713 1 1366 0 1588 173 0
5714 1 1331 0 1555 163 0
5715 1 1291 0 1519 173 0
5716 1 1209 2 1476 224 0
5717 1 1146 2 1429 250 0
5718 1 1041 2 1364 330 0
5719 1 1000 2 1299 388 0
5720 1 945 23 1271 436 0
5721 1 895 51 1225 478 0
5722 1 856 79 1169 524 0
5723 1 834 98 1145 522 0
5724 1 812 118 1122 522 0
5725 1 790 138 1099 522 0
5726 1 768 158 1076 522 0
5727 1 762 158 1070 524 0
5728 1 760 154 1072 534 0
5729 1 760 158 1062 540 0
5730 1 758 162 1058 542 0
5731 1 752 166 1052 544 0
5732 1 746 164 1052 532 0
5733 1 742 170 1048 536 0
5734 1 734 180 1050 550 0
5735 1 730 186 1048 556 0
5736 1 716 194 1026 570 0
5737 1 718 230 1008 534 0
5738 1 718 230 1002 528 0
5739 1 706 198 1006 574 0
5740 1 706 254 990 542 0
5741 1 690 198 996 572 0
5742 1 678 194 990 568 0
5743 1 672 190 982 562 0
5744 1 674 224 964 526 0
5745 1 674 224 966 528 0
5746 1 660 190 978 562 0
5747 1 660 188 978 568 0
5748 1 648 258 932 540 0
5749 1 630 196 932 570 0
5750 1 600 194 916 568 0
5751 1 578 268 880 538 0
5752 1 548 264 840 548 0
5753 1 522 260 814 544 0
5754 1 500 258 772 548 0
5755 1 490 264 774 552 0
5756 1 486 260 770 554 0
5757 1 476 264 762 556 0
5758 1 458 232 754 586 0
5759 1 452 272 742 556 0
5760 1 446 274 740 556 0
5761 1 438 274 716 562 0
5762 1 432 278 710 566 0
5763 1 424 280 704 574 0
5764 1 422 282 694 584 0
5765 1 414 286 682 594 0
5766 1 404 292 674 602 0
5767 1 398 292 670 606 0
5768 1 388 300 666 612 0
5769 1 380 306 662 608 0
5770 1 372 308 634 608 0
5771 1 362 330 634 624 0
5772 1 358 332 630 630 0
5773 1 356 338 624 636 0
5774 1 352 344 618 636 0
5775 1 354 342 616 640 0
5776 1 354 346 616 642 0
5777 1 352 350 616 644 0
5778 1 354 356 616 652 0
5779 1 352 360 616 654 0
5780 1 356 362 614 660 0
5781 1 354 364 612 666 0
5782 1 352 366 612 672 0
5783 1 354 366 612 674 0
5784 1 356 366 612 672 0
5785 1 356 368 612 678 0
5786 1 356 368 612 678 0
5787 1 356 368 612 680 0
5788 1 354 368 608 674 0
5789 1 354 366 606 674 0
5790 1 352 362 608 672 0
5791 1 350 360 608 666 0
5792 1 342 356 606 662 0
5793 1 338 352 602 652 0
5794 1 332 344 600 652 0
5795 1 324 342 594 650 0
5796 1 314 342 582 642 0
5797 1 304 344 574 636 0
5798 1 286 342 558 640 0
5799 1 278 344 544 660 0
5800 1 278 348 534 664 0
5801 1 272 344 530 664 0
5802 1 266 348 526 703 0
5803 1 254 352 516 687 0
5804 1 233 350 497 689 0
5805 1 213 349 480 691 0
5806 1 193 348 462 694 0
5807 1 172 346 444 696 0
5808 1 152 345 426 698 0
5809 1 132 344 409 701 0
5810 1 118 351 390 705 0
5811 1 104 358 372 709 0
5812 1 91 365 354 713 0
5813 1 77 372 335 718 0
5814 1 64 380 318 723 0
5815 1 55 386 313 720 0
5816 1 47 392 309 718 0
5817 1 39 399 306 717 0
5818 1 30 405 301 715 0
5819 1 22 411 297 713 0
5820 1 14 418 294 712 0
5821 1 12 412 292 696 0
5822 1 10 418 292 696 0
5823 1 2 424 276 716 0
5824 1 2 430 272 720 0
5825 1 4 440 270 728 0
5826 1 4 442 326 801 0
5827 1 4 443 330 808 0
5828 1 4 444 333 814 0
5829 1 4 446 337 821 0
5830 1 4 447 341 827 0
5831 1 4 448 344 834 0
5832 1 4 450 348 841 0
5833 1 4 457 348 847 0
5834 1 4 464 348 854 0
5835 1 4 471 348 860 0
5836 1 4 477 344 866 0
5837 1 4 484 339 873 0
5838 1 4 491 335 880 0
5839 1 4 498 331 886 0
5840 1 4 505 327 893 0
5841 1 4 512 322 900 0
5842 1 12 517 345 908 0
5843 1 21 521 369 916 0
5844 1 29 526 391 924 0
5845 1 38 531 415 933 0
5846 1 47 536 438 941 0
5847 1 62 543 464 951 0
5848 1 77 550 489 961 0
5849 1 91 557 513 971 0
5850 1 106 564 538 980 0
5851 1 121 571 564 990 0
5852 1 116 565 564 990 0
5853 1 111 559 564 990 0
5854 1 105 553 564 990 0
5855 1 100 547 564 990 0
5856 1 95 541 564 990 0
5857 1 89 536 564 990 0
5858 1 84 530 564 990 0
5859 1 72 521 550 974 0
5860 1 60 513 536 959 0
5861 1 49 505 523 944 0
5862 1 37 497 509 929 0
5863 1 25 488 495 913 0
5864 1 19 475 452 896 0
5865 1 12 461 408 879 0
5866 1 6 447 365 862 0
5867 1 0 433 322 844 0
5868 1 0 433 311 845 0
5869 1 0 433 299 846 0
5870 1 0 433 288 847 0
5871 1 0 433 276 848 0
5872 1 0 433 264 849 0
5873 1 0 433 253 850 0
5874 1 0 433 241 851 0
5875 1 0 433 230 852 0
5876 1 0 442 230 854 0
5877 1 0 451 230 856 0
5878 1 0 460 230 858 0
5879 1 0 469 230 860 0
5880 1 0 477 230 862 0
5881 1 0 486 230 864 0
5882 1 0 495 230 866 0
5883 1 0 504 230 868 0
5884 1 0 513 230 870 0
5885 1 0 522 230 872 0
5886 1 0 531 230 874 0
5887 1 0 540 230 876 0
5888 1 0 546 230 880 0
5889 1 0 552 230 883 0
5890 1 0 558 230 887 0
5891 1 0 564 230 891 0
5892 1 0 570 230 894 0
5893 1 0 576 230 898 0
5894 1 0 582 230 901 0
5895 1 0 589 230 906 0
5896 1 0 595 230 910 0
5897 1 0 611 202 894 0
5898 1 0 628 175 880 0
5899 1 0 621 164 865 0
5900 1 0 615 153 851 0
5901 1 0 608 143 836 0
5902 1 0 601 132 821 0
5903 1 0 595 121 807 0
5904 1 0 577 125 793 0
5905 1 0 559 129 778 0
5906 1 0 541 132 764 0
5907 1 0 524 136 751 0
5908 1 0 506 139 736 0
5909 1 0 488 143 722 0
5910 1 0 471 145 707 0
5911 1 0 453 147 691 0
5912 1 0 436 149 677 0
5913 1 0 419 151 662 0
5914 1 0 401 153 646 0
5915 1 0 384 155 631 0
5916 1 0 366 157 616 0
5917 1 0 366 139 624 0
5918 1 0 366 106 620 0
5919 1 0 366 113 625 0
5920 1 0 366 119 629 0
5921 1 0 366 167 645 0
5922 1 0 366 218 704 0
5923 1 31 417 290 765 0
5924 1 80 465 404 819 1
5925 1 86 496 458 852 1
5926 1 123 490 516 858 1
5927 1 123 490 560 860 1
5928 1 142 491 570 860 1
5929 1 160 491 580 860 1
5930 1 178 492 590 860 1
5931 1 196 492 599 860 1
5932 1 214 493 609 860 1
5933 1 233 493 620 860 1
5934 1 251 494 629 860 1
5935 1 269 494 639 860 1
5936 1 300 534 616 922 1
5937 1 300 544 614 924 1
5938 1 306 550 608 914 1
5939 1 312 578 600 874 1
5940 1 316 580 600 874 1
5941 1 314 584 602 878 1
5942 1 308 586 598 870 1
5943 1 314 588 594 862 1
5944 1 314 590 596 864 1
5945 1 320 594 592 860 1
5946 1 328 596 598 870 1
5947 1 338 592 602 874 1
5948 1 348 594 608 874 1
5949 1 350 594 606 874 1
5950 1 334 563 617 886 1
5951 1 317 542 594 867 1
5952 1 299 520 570 848 1
5953 1 281 499 545 830 1
5954 1 248 478 506 812 1
5955 1 214 456 466 793 1
5956 1 181 435 427 775 1
5957 1 150 428 386 772 1
5958 1 119 420 346 767 1
5959 1 87 413 305 764 1
5960 1 56 405 265 759 1
5961 1 25 398 225 756 1
5962 1 0 400 149 738 1
5996 1 0 534 118 855 0
5997 1 0 540 162 856 0
5998 1 36 546 206 857 0
5999 1 72 552 250 858 0
6000 1 108 559 294 860 0
6001 1 145 565 340 861 0
6002 1 181 571 384 862 0
6003 1 218 578 429 864 0
6004 1 234 576 488 854 0
6005 1 244 560 512 844 0
6006 1 274 560 538 832 0
6007 1 296 556 554 836 0
6008 1 302 546 564 822 0
6009 1 314 500 574 806 0
6010 1 312 490 570 786 0
6011 1 306 476 568 770 0
6012 1 308 464 562 752 0
6013 1 304 466 562 754 0
6014 1 304 444 552 744 0
6015 1 298 440 554 748 0
6016 1 292 438 546 748 0
6017 1 286 442 536 734 0
6018 1 274 438 524 728 0
6019 1 270 432 518 714 0
6020 1 258 418 514 708 0
6021 1 254 412 508 706 0
6022 1 246 408 498 692 0
6023 1 238 406 498 686 0
6024 1 224 404 476 690 0
6025 1 218 400 476 690 0
6026 1 214 398 470 688 0
6027 1 210 368 464 682 0
6028 1 208 360 456 660 0
6029 1 204 346 454 648 0
6030 1 202 330 452 642 0
6031 1 200 324 448 628 0
6032 1 198 324 448 622 0
6033 1 192 332 442 618 0
6034 1 188 328 442 614 0
6035 1 178 320 442 606 0
6036 1 180 280 444 596 0
6037 1 176 284 436 584 0
6038 1 174 282 428 580 0
6039 1 174 276 426 568 0
6040 1 176 270 424 560 0
6041 1 176 272 424 556 0
6042 1 176 264 428 556 0
6043 1 176 254 434 546 0
6044 1 174 250 440 540 0
6045 1 178 252 444 538 0
6046 1 182 254 448 544 0
6047 1 182 254 446 542 0
6048 1 178 254 444 542 0
6049 1 178 252 444 544 0
6050 1 186 258 446 558 0
6051 1 212 270 484 584 0
6052 1 240 284 528 600 0
6053 1 298 302 604 624 0
6054 1 378 322 700 646 0
6055 1 460 338 790 662 0
6056 1 528 348 860 670 0
6057 1 630 352 907 712 0
6058 1 674 370 968 678 0
6059 1 686 376 978 670 0
6060 1 684 370 984 678 0
6061 1 686 370 988 678 0
6062 1 690 362 986 680 0
6063 1 682 348 988 708 0
6064 1 684 350 988 708 0
6065 1 682 364 976 680 0
6066 1 640 336 952 710 0
6067 1 602 330 902 700 0
6068 1 538 322 826 690 0
6069 1 460 314 736 680 0
6070 1 386 306 656 672 0
6071 1 330 304 598 670 0
6072 1 228 302 516 664 0
6073 1 226 334 508 634 0
6074 1 224 298 510 668 0
6075 1 232 302 512 672 0
6076 1 232 300 512 674 0
6077 1 220 310 496 672 0
6078 1 218 310 496 674 0
6079 1 218 310 496 676 0
6080 1 216 312 498 678 0
6081 1 216 314 496 678 0
6082 1 214 314 496 678 0
6083 1 214 314 494 676 0
6084 1 212 320 494 682 0
6085 1 212 322 494 686 0
6086 1 214 324 494 690 1
6087 1 214 328 496 694 1
6088 1 216 322 498 688 1
6089 1 220 320 504 686 1
6090 1 236 314 518 688 1
6091 1 242 312 518 686 1
6092 1 242 310 518 680 1
6093 1 248 338 514 642 1
6094 1 244 336 510 640 1
6095 1 240 336 506 636 1
6096 1 218 306 498 670 1
6097 1 218 304 496 670 1
6098 1 218 306 496 672 1
6099 1 218 308 502 672 1
6100 1 244 338 512 638 1
6101 1 250 336 520 640 1
6102 1 264 340 538 640 1
6103 1 274 346 554 650 1
6104 1 284 338 570 650 1
6105 1 292 336 580 648 1
6106 1 296 312 592 678 1
6107 1 326 344 610 650 1
6108 1 338 358 622 658 1
6109 1 348 366 630 674 1
6110 1 360 362 638 676 1
6111 1 372 364 650 678 0
6112 1 376 374 656 694 0
6113 1 386 414 672 706 0
6114 1 392 418 668 722 0
6115 1 392 424 666 736 0
6116 1 390 438 668 756 0
6117 1 388 444 666 762 0
6118 1 386 448 664 768 0
6119 1 380 482 664 774 0
6120 1 378 480 670 768 0
6121 1 380 478 668 764 0
6122 1 386 444 674 752 0
6123 1 398 444 684 752 0
6124 1 406 480 700 762 0
6125 1 412 482 704 762 0
6126 1 412 478 706 764 0
6127 1 418 478 714 774 0
6128 1 420 480 716 782 0
6129 1 426 484 718 784 0
6130 1 424 490 712 790 0
6131 1 424 508 708 806 0
6132 1 426 522 702 816 0
6133 1 422 562 720 852 0
6134 1 426 568 718 862 0
6135 1 418 568 702 868 0
6136 1 392 574 664 878 0
6137 1 322 572 572 878 0
6138 1 210 564 434 872 0
6139 1 76 550 280 862 0
6140 1 0 542 129 856 0
6165 1 1 660 121 975 0
6166 1 1 660 253 975 0
6167 1 86 666 349 990 0
6168 1 163 673 432 1017 0
6169 1 210 658 485 1022 0
6170 1 225 656 504 1019 0
6171 1 240 654 523 1016 0
6172 1 255 652 542 1013 0
6173 1 255 650 546 1009 0
6174 1 255 648 550 1006 0
6175 1 255 646 554 1003 0
6176 1 255 644 558 1000 0
6177 1 255 644 558 1000 0
6178 1 255 644 558 1000 0
6179 1 255 644 558 1000 0
6180 1 255 644 558 1000 0
6181 1 230 631 533 987 0
6182 1 205 617 508 973 0
6183 1 180 604 483 960 0
6184 1 155 591 458 947 0
6185 1 134 572 437 928 0
6186 1 113 552 416 908 0
6187 1 91 533 394 889 0
6188 1 70 514 373 870 0
6189 1 19 476 322 832 0
6190 1 0 465 228 819 0
6191 1 0 465 118 819 0
6214 1 0 528 96 835 0
6215 1 9 522 151 830 0
6216 1 18 516 206 825 0
6217 1 27 510 261 821 0
6218 1 48 502 283 821 0
6219 1 69 494 305 822 0
6220 1 91 486 328 823 0
6221 1 112 478 351 823 0
6222 1 133 471 373 825 0
6223 1 133 471 381 831 0
6224 1 143 479 393 840 0
6225 1 154 488 406 851 0
6226 1 164 496 418 860 0
6227 1 174 504 430 869 0
6228 1 184 513 442 880 0
6229 1 195 521 454 889 0
6230 1 205 530 466 900 0
6231 1 215 538 478 909 0
6232 1 225 547 490 919 0
6233 1 236 555 503 929 0
6234 1 237 560 507 933 0
6235 1 239 564 511 935 0
6236 1 241 569 516 939 0
6237 1 242 573 520 942 0
6238 1 244 578 524 946 0
6239 1 246 582 529 949 0
6240 1 247 587 532 953 0
6241 1 224 585 509 951 0
6242 1 224 585 464 927 0
6243 1 147 599 379 880 0
6271 1 196 748 457 984 0
6272 1 211 743 477 986 0
6273 1 226 738 496 988 0
6274 1 240 733 515 990 0
6275 1 255 728 534 992 0
6276 1 269 723 553 994 0
6277 1 284 718 572 996 0
6278 1 299 713 592 998 0
6279 1 304 708 597 995 0
6280 1 309 702 602 990 0
6281 1 315 697 608 987 0
6282 1 320 692 613 984 0
6283 1 325 687 618 980 0
6284 1 331 682 625 977 0
6285 1 336 676 630 973 0
6286 1 341 671 635 969 0
6287 1 347 666 641 966 0
6288 1 352 661 646 963 0
6289 1 357 655 651 959 0
6290 1 363 650 657 955 0
6291 1 368 645 662 952 0
6292 1 373 640 667 949 0
6293 1 378 635 672 945 0
6294 1 384 629 679 941 0
6295 1 389 624 684 938 0
6296 1 394 619 689 934 0
6297 1 400 614 695 931 0
6298 1 405 608 700 927 0
6299 1 403 608 698 927 0
6300 1 401 607 696 926 0
6301 1 398 606 693 925 0
6302 1 396 605 690 924 0
6303 1 394 604 688 923 0
6304 1 392 603 686 922 0
6305 1 389 602 683 922 0
6306 1 387 601 681 921 0
6307 1 385 600 679 920 0
6308 1 383 599 677 919 0
6309 1 381 598 675 918 0
6310 1 378 597 671 917 0
6311 1 376 596 669 916 0
6312 1 374 596 667 916 0
6313 1 372 595 665 916 0
6314 1 372 595 663 916 0
6315 1 372 595 662 916 0
6316 1 372 595 660 916 0
6317 1 372 595 658 916 0
6318 1 372 595 657 916 0
6319 1 372 595 655 916 0
6320 1 372 595 653 916 0
6321 1 332 593 613 914 0
6322 1 281 587 562 908 0
6323 1 184 567 465 888 0
6324 1 45 551 326 872 0
6325 1 1 524 136 872 0
6379 1 1 593 101 874 0
6380 1 1 593 205 900 0
6381 1 137 610 341 917 0
6382 1 230 608 434 915 0
6383 1 255 608 499 911 0
6384 1 283 595 544 912 0
6385 1 346 618 604 868 0
6386 1 354 612 608 864 0
6387 1 362 604 612 862 0
6388 1 368 598 614 866 0
6389 1 364 590 614 864 0
6390 1 362 588 614 858 0
6391 1 362 586 614 862 0
6392 1 362 586 612 860 0
6393 1 360 586 610 862 0
6394 1 358 586 610 862 0
6395 1 358 588 608 860 0
6396 1 358 588 608 858 0
6397 1 358 590 606 854 0
6398 1 358 586 610 846 0
6399 1 358 584 612 850 0
6400 1 358 582 614 852 0
6401 1 358 580 618 844 0
6402 1 356 580 614 846 0
6403 1 354 576 612 840 1
6404 1 352 576 604 824 1
6405 1 338 570 598 824 1
6406 1 314 564 578 816 1
6407 1 294 544 528 778 1
6408 1 272 530 510 782 1
6409 1 250 532 484 760 1
6410 1 210 514 444 772 1
6411 1 194 510 426 758 1
6412 1 168 510 408 738 1
6413 1 144 500 374 732 1
6414 1 116 494 342 726 1
6415 1 80 482 298 714 1
6416 1 30 468 253 734 1
6417 1 5 450 171 727 1
6418 1 5 425 138 726 1
6468 1 0 447 119 775 0
6469 1 11 451 148 766 0
6470 1 23 456 178 757 0
6471 1 35 460 208 747 0
6472 1 47 465 237 738 0
6473 1 59 469 267 728 0
6474 1 72 474 298 720 0
6475 1 82 464 282 726 0
6476 1 54 476 276 702 0
6477 1 30 466 246 692 0
6478 1 9 417 193 720 0
6479 1 1 404 144 721 0
6489 1 3 443 89 744 0
6490 1 3 443 146 754 0
6491 1 27 445 231 768 0
6492 1 70 463 306 789 0
6493 1 100 475 348 796 0
6494 1 131 478 375 801 0
6495 1 166 522 418 776 0
6496 1 176 524 422 772 0
6497 1 192 534 434 772 0
6498 1 192 524 442 766 0
6499 1 210 526 454 768 0
6500 1 218 524 468 778 0
6501 1 226 522 476 796 0
6502 1 230 528 472 806 0
6503 1 230 540 476 812 0
6504 1 236 550 478 806 0
6505 1 238 552 480 808 0
6506 1 252 570 508 822 0
6507 1 248 570 512 824 0
6508 1 256 566 516 826 0
6509 1 258 566 522 828 0
6510 1 260 568 526 824 0
6511 1 266 566 532 826 0
6512 1 272 562 534 824 0
6513 1 274 562 538 824 0
6514 1 282 544 534 804 0
6515 1 284 542 540 804 0
6516 1 292 544 544 806 0
6517 1 300 544 548 804 0
6518 1 302 546 550 802 0
6519 1 304 546 556 800 0
6520 1 308 548 558 800 0
6521 1 324 554 574 796 0
6522 1 322 550 578 798 0
6523 1 322 552 582 800 0
6524 1 326 554 588 798 0
6525 1 332 552 592 798 0
6526 1 344 550 606 802 0
6527 1 352 570 634 814 0
6528 1 364 568 642 822 0
6529 1 380 592 650 846 0
6530 1 398 614 662 866 0
6531 1 412 636 674 896 0
6532 1 422 670 688 936 0
6533 1 438 694 694 962 0
6534 1 456 712 700 972 0
6535 1 438 754 722 1022 0
6536 1 460 756 738 1020 0
6537 1 474 768 750 1028 0
6538 1 480 778 754 1042 0
6539 1 476 802 780 1070 0
6540 1 486 810 790 1080 0
6541 1 503 817 798 1079 0
6542 1 520 824 807 1079 0
6543 1 537 832 816 1079 0
6544 1 555 839 826 1079 0
6545 1 567 853 826 1079 0
6546 1 580 868 826 1079 0
6547 1 592 882 826 1079 0
6548 1 592 898 853 1079 0
6549 1 592 908 853 1079 0
6574 1 354 878 548 996 1
6575 1 350 870 546 991 1
6576 1 347 862 544 986 1
6577 1 343 854 541 981 1
6578 1 339 845 539 974 1
6579 1 336 837 537 969 1
6580 1 332 829 534 964 1
6581 1 314 819 518 950 1
6582 1 295 809 500 937 1
6583 1 277 799 483 923 1
6656 1 1 605 95 878 0
6657 1 1 605 156 878 0
6658 1 41 603 247 872 0
6659 1 125 597 331 866 0
6660 1 204 589 410 858 0
6661 1 253 569 489 858 0
6662 1 297 561 539 858 0
6663 1 344 549 580 858 0
6664 1 352 538 590 848 0
6665 1 359 527 599 838 0
6666 1 367 516 609 828 0
6667 1 375 505 619 818 0
6668 1 383 494 629 808 0
6669 1 390 483 638 798 0
6670 1 398 472 648 788 0
6671 1 406 460 658 777 0
6672 1 414 449 668 767 0
6673 1 421 438 677 757 0
6674 1 429 427 687 747 0
6675 1 437 416 696 737 0
6676 1 445 405 706 727 0
6677 1 452 394 715 717 0
6678 1 457 377 719 699 0
6679 1 462 359 723 681 0
6680 1 467 342 726 664 0
6681 1 471 325 729 646 0
6682 1 476 308 732 629 0
6683 1 481 291 736 612 0
6684 1 486 274 740 595 0
6685 1 486 261 740 582 0
6686 1 486 249 740 570 0
6687 1 486 237 740 558 0
6688 1 486 224 740 545 0
6689 1 472 227 726 550 0
6690 1 458 230 713 556 0
6691 1 444 233 700 561 0
6692 1 430 236 686 567 0
6693 1 416 239 673 573 0
6694 1 402 242 660 578 0
6695 1 388 245 646 584 0
6696 1 374 248 633 590 0
6697 1 360 251 619 595 0
6698 1 346 254 606 601 0
6699 1 332 257 593 606 0
6700 1 318 260 579 612 0
6701 1 282 266 535 617 0
6702 1 246 273 490 622 0
6703 1 176 277 411 625 0
6704 1 106 281 332 627 0
6705 1 27 297 269 631 0
6706 1 1 321 130 632 0
6762 1 1 502 148 795 0
6763 1 80 484 269 789 0
6764 1 167 465 405 766 0
6765 1 247 453 499 766 0
6766 1 307 441 563 758 0
6767 1 356 419 625 755 0
6768 1 357 414 627 753 1
6769 1 359 409 631 750 1
6770 1 360 404 633 748 1
6771 1 362 399 636 745 1
6772 1 363 394 638 742 1
6773 1 365 389 641 740 1
6774 1 367 384 644 737 1
6775 1 368 379 646 735 1
6776 1 370 374 649 732 1
6777 1 368 372 647 730 1
6778 1 367 370 646 728 1
6779 1 365 368 644 726 1
6780 1 364 366 643 724 1
6781 1 362 363 641 721 1
6782 1 361 361 640 719 1
6783 1 359 359 638 717 1
6784 1 358 357 637 715 1
6785 1 356 355 635 713 1
6786 1 355 353 634 711 1
6787 1 353 351 632 709 1
6788 1 352 348 631 706 1
6789 1 350 349 629 707 1
6790 1 349 350 628 708 1
6791 1 347 351 626 709 1
6792 1 346 352 625 710 1
6793 1 344 353 623 711 1
6794 1 342 354 621 712 1
6795 1 341 355 620 713 1
6796 1 339 356 618 714 1
6797 1 338 357 617 715 1
6798 1 336 358 615 716 1
6799 1 334 359 613 717 1
6800 1 333 360 612 718 1
6801 1 331 361 610 719 1
6802 1 330 362 609 720 1
6803 1 328 363 607 721 1
6804 1 326 363 605 721 1
6805 1 325 364 604 722 1
6806 1 323 365 602 723 1
6807 1 322 366 601 724 1
6808 1 320 367 599 725 1
6809 1 318 368 597 726 1
6810 1 318 371 595 726 1
6811 1 318 374 593 726 1
6812 1 318 377 591 726 1
6813 1 318 380 589 726 1
6814 1 305 380 576 726 1
6815 1 232 370 503 716 1
6816 1 125 382 396 728 1
6817 1 3 384 257 730 1
6818 1 3 384 136 730 1
6852 1 0 457 64 768 0
6853 1 0 458 83 758 0
6854 1 1 458 103 747 0
6855 1 2 459 122 738 0
6856 1 3 460 142 728 0
6857 1 22 466 180 724 0
6858 1 22 494 194 756 0
6859 1 28 500 216 752 0
6860 1 30 462 224 716 0
6861 1 42 464 226 708 0
6862 1 44 462 230 718 0
6863 1 48 458 242 734 0
6864 1 48 462 242 732 0
6865 1 60 474 250 722 0
6866 1 58 474 254 726 0
6867 1 64 474 254 726 0
6868 1 72 488 252 756 0
6869 1 72 490 252 756 0
6870 1 66 490 252 756 0
6871 1 66 494 250 758 0
6872 1 64 496 248 754 0
6873 1 62 498 244 758 0
6874 1 60 506 236 748 0
6875 1 36 500 228 758 0
6876 1 30 506 216 760 0
6877 1 10 508 196 766 0
6878 1 6 512 188 764 0
6879 1 0 504 178 758 0
6880 1 0 504 170 766 0
6881 1 0 504 163 774 0
6882 1 0 504 156 782 0
6883 1 0 504 149 790 0
6884 1 0 504 149 790 0
6885 1 0 504 149 790 0
6886 1 0 504 150 793 0
6887 1 0 504 150 796 0
6888 1 0 504 151 799 0
6889 1 0 504 152 802 0
6890 1 0 504 153 806 0
6891 1 0 504 153 809 0
6892 1 0 504 154 812 0
6893 1 0 504 155 815 0
6894 1 0 504 155 815 0
6895 1 0 504 155 815 0
6896 1 0 504 155 815 0
6897 1 0 504 155 815 0
6898 1 0 504 155 815 0
6899 1 0 504 155 815 0
6900 1 0 504 155 815 0
6901 1 0 504 155 815 0
6902 1 0 504 155 815 0
6903 1 0 504 155 815 0
6904 1 0 504 155 815 0
6905 1 0 504 155 815 0
6906 1 2 502 163 814 0
6907 1 6 500 172 812 0
6908 1 10 498 181 811 0
6909 1 14 496 189 810 0
6910 1 18 494 198 808 0
6911 1 22 492 206 807 0
6912 1 26 490 215 805 0
6913 1 31 488 224 804 0
6914 1 35 486 233 803 0
6915 1 39 484 241 801 0
6916 1 39 484 241 801 0
6917 1 39 484 241 801 0
6918 1 37 432 243 744 0
6919 1 35 380 244 686 0
6920 1 33 329 245 630 0
6921 1 27 272 239 573 0
6922 1 21 215 233 516 0
6923 1 23 155 235 456 0
6924 1 25 96 237 397 0
6925 1 27 37 239 338 0
6926 1 42 19 254 298 0
6927 1 56 0 268 258 0
6928 1 56 0 268 242 0
6929 1 62 0 273 229 0
6930 1 67 0 277 217 0
6931 1 72 0 280 204 0
6932 1 72 0 280 198 0
6933 1 72 0 280 193 0
6934 1 72 0 280 187 0
6935 1 72 0 280 181 0
6936 1 59 0 260 175 0
6937 1 47 0 241 169 0
6938 1 34 0 218 161 0
6939 1 21 0 194 153 0
6940 1 11 0 174 158 0
6941 1 1 0 154 163 0
6942 1 1 0 148 165 0
6943 1 1 0 142 167 0
6944 1 1 0 136 169 0
6945 1 1 0 130 171 0
6946 1 1 0 123 173 0
6947 1 1 0 117 175 0
6948 1 1 0 111 177 0
6949 1 1 0 105 179 0
6950 1 1 0 105 190 0
6951 1 1 0 105 201 0
6952 1 1 0 105 212 0
6953 1 1 0 105 223 0
6954 1 1 0 105 234 0
6955 1 1 0 105 245 0
6956 1 1 0 105 256 0
6957 1 1 2 105 256 0
6958 1 1 33 130 322 0
6959 1 1 96 160 420 0
6960 1 1 169 190 501 0
6961 1 1 240 213 574 0
6962 1 47 293 247 625 0
6963 1 66 360 282 690 0
6964 1 84 407 300 727 0
6965 1 102 453 318 762 0
6966 1 116 469 329 775 0
6967 1 129 484 339 787 0
6968 1 143 500 349 801 0
6969 1 154 508 360 809 0
6970 1 165 516 371 817 0
6971 1 176 524 382 825 0
6972 1 187 532 393 833 0
6973 1 198 540 404 841 0
6974 1 216 550 422 851 0
6975 1 234 560 440 861 0
6976 1 251 571 457 872 0
6977 1 269 581 475 882 0
6978 1 283 580 496 886 0
6979 1 297 579 517 891 0
6980 1 311 579 537 896 0
6981 1 324 578 557 901 0
6982 1 338 577 578 905 0
6983 1 354 576 594 904 0
6984 1 370 575 610 903 0
6985 1 385 573 625 901 0
6986 1 401 572 641 900 0
6987 1 417 571 657 899 0
6988 1 417 571 657 899 0
6989 1 417 571 657 899 0
6990 1 417 571 657 899 0
6991 1 417 571 657 899 0
6992 1 379 563 619 891 0
6993 1 342 555 582 883 0
6994 1 305 547 545 875 0
6995 1 267 540 507 868 0
6996 1 193 529 433 857 0
6997 1 119 518 359 846 0
6998 1 90 524 298 843 0
6999 1 60 530 236 840 0
7000 1 30 537 175 838 0
7001 1 0 543 113 835 0
7002 1 0 555 102 847 1
7003 1 0 567 92 860 1
7004 1 0 579 82 872 1
7005 1 0 598 75 881 1
7006 1 0 617 68 890 1
7007 1 0 637 62 900 1
7008 1 0 656 55 908 1
7050 1 2 761 77 1002 0
7051 1 2 752 90 1002 0
7052 1 2 743 103 1002 0
7053 1 2 734 116 1002 0
7054 1 2 725 128 1002 0
7055 1 2 716 141 1002 0
7056 1 2 707 154 1002 0
7057 1 1 717 173 1012 0
7058 1 1 727 193 1023 0
7059 1 0 736 211 1033 0
7060 1 28 745 257 1050 0
7061 1 99 741 328 1046 0
7062 1 150 741 399 1046 0
7063 1 228 723 477 1028 0
7064 1 299 715 548 1020 0
7065 1 350 704 599 1009 0
7066 1 381 687 630 992 0
7067 1 419 669 668 974 0
7068 1 433 657 682 962 0
7069 1 447 645 696 950 0
7070 1 462 633 711 938 0
7071 1 476 622 725 927 0
7072 1 490 610 739 915 0
7073 1 505 598 754 903 0
7074 1 519 586 768 891 0
7075 1 534 574 783 879 0
7076 1 543 563 792 868 0
7077 1 552 551 801 856 0
7078 1 561 540 810 845 0
7079 1 571 529 820 834 0
7080 1 580 518 829 823 0
7081 1 589 506 838 811 0
7082 1 598 495 847 800 0
7083 1 607 484 856 789 1
7084 1 612 478 861 783 1
7085 1 617 472 866 777 1
7086 1 622 467 871 772 1
7087 1 627 461 876 766 1
7088 1 632 455 881 760 1
7089 1 637 450 886 755 1
7090 1 642 444 891 749 1
7091 1 647 438 896 743 1
7092 1 652 433 901 738 1
7093 1 657 427 906 732 1
7094 1 662 421 911 726 1
7095 1 652 419 903 725 1
7096 1 643 416 896 723 1
7097 1 634 414 889 722 1
7098 1 625 411 881 720 1
7099 1 615 409 873 719 1
7100 1 606 407 866 718 1
7101 1 597 404 859 716 1
7102 1 588 402 852 715 1
7103 1 580 403 844 716 1
7104 1 573 404 837 717 1
7105 1 566 405 830 718 1
7106 1 559 406 823 719 0
7107 1 551 407 815 720 0
7108 1 544 408 808 721 0
7109 1 537 409 801 722 0
7110 1 529 410 793 723 0
7111 1 522 411 786 724 0
7112 1 510 417 774 730 0
7113 1 498 423 762 736 0
7114 1 487 428 751 741 0
7115 1 475 434 739 747 0
7116 1 463 439 727 752 0
7117 1 458 444 722 757 0
7118 1 452 448 716 761 0
7119 1 447 453 711 766 0
7120 1 441 457 705 770 0
7121 1 436 461 700 774 0
7122 1 430 466 694 779 0
7123 1 429 466 693 779 0
7124 1 427 466 691 779 0
7125 1 426 466 690 779 0
7126 1 425 467 689 780 0
7127 1 423 467 687 780 0
7128 1 422 467 686 780 0
7129 1 412 467 676 780 0
7130 1 402 466 666 779 0
7131 1 392 465 656 778 0
7132 1 382 465 646 778 0
7133 1 372 464 636 777 0
7134 1 362 464 626 777 0
7135 1 352 463 616 776 0
7136 1 342 462 606 775 0
7137 1 319 453 583 766 0
7138 1 287 430 551 743 0
7139 1 243 425 507 738 0
7140 1 187 415 451 728 0
7141 1 138 415 402 728 0
7142 1 107 395 371 708 0
7143 1 85 395 349 708 0
7144 1 71 393 335 706 0
7145 1 57 391 321 704 0
7146 1 42 389 306 702 0
7147 1 28 387 292 700 0
7148 1 13 385 277 698 0
7149 1 13 385 226 698 0
7150 1 0 385 204 698 0
7151 1 0 385 148 698 0
7152 1 0 385 100 698 0
7153 1 0 385 84 698 0
7154 1 0 407 69 698 0
7155 1 0 430 54 699 0
7167 1 2 415 51 690 0
7168 1 2 410 92 693 0
7169 1 2 406 134 698 0
7170 1 2 402 175 702 0
7171 1 2 402 228 705 0
7172 1 31 403 257 706 0
7173 1 51 402 280 706 0
7174 1 71 401 304 706 0
7175 1 90 400 326 706 0
7176 1 110 399 349 706 0
7177 1 130 398 372 706 0
7178 1 163 399 409 712 0
7179 1 196 400 446 719 0
7180 1 229 400 482 724 0
7181 1 262 401 519 730 0
7182 1 296 402 556 736 0
7183 1 319 405 582 737 0
7184 1 342 408 608 737 0
7185 1 365 411 634 738 0
7186 1 389 415 660 739 0
7187 1 412 418 686 740 0
7188 1 435 421 712 741 0
7189 1 441 411 718 731 0
7190 1 447 401 724 721 0
7191 1 453 390 730 710 0
7192 1 435 381 712 701 0
7193 1 416 373 693 693 0
7194 1 397 364 674 684 0
7195 1 379 355 656 675 0
7196 1 360 346 637 666 0
7197 1 342 338 619 658 0
7198 1 324 331 601 651 0
7199 1 306 324 583 644 0
7200 1 288 318 565 638 0
7201 1 270 311 547 631 0
7202 1 253 305 530 625 0
7203 1 235 298 512 618 0
7204 1 230 296 507 616 0
7205 1 225 293 502 613 0
7206 1 220 291 497 611 0
7207 1 215 289 492 609 0
7208 1 210 286 487 606 0
7209 1 205 284 482 604 0
7210 1 200 282 477 602 0
7211 1 195 279 472 599 0
7212 1 191 277 468 597 0
7213 1 186 274 463 594 0
7214 1 181 272 458 592 0
7215 1 176 282 453 602 0
7216 1 170 292 447 612 0
7217 1 165 302 442 622 0
7218 1 160 312 437 632 0
7219 1 155 322 432 642 0
7220 1 150 332 427 652 0
7221 1 145 342 422 662 0
7222 1 140 352 417 672 0
7223 1 140 361 417 681 0
7224 1 140 369 417 689 0
7225 1 146 375 423 695 0
7226 1 151 381 428 701 0
7227 1 157 388 434 708 0
7228 1 163 394 440 714 0
7229 1 169 400 446 720 0
7230 1 175 406 452 726 0
7231 1 181 412 458 732 0
7232 1 187 419 464 739 0
7233 1 193 425 470 745 0
7234 1 199 431 476 751 0
7235 1 211 436 488 756 0
7236 1 224 440 501 760 0
7237 1 237 445 514 765 0
7238 1 250 449 527 769 0
7239 1 277 439 554 759 0
7240 1 304 428 581 748 0
7241 1 332 418 609 738 0
7242 1 397 393 674 713 0
7243 1 456 352 733 672 0
7244 1 558 318 835 638 0
7245 1 671 246 948 566 0
7246 1 809 172 1086 492 0
7247 1 880 111 1157 431 0
7248 1 1003 36 1280 356 0
7249 1 1061 1 1340 303 0
7250 1 1120 1 1417 241 0
7251 1 1155 1 1446 210 0
7252 1 1220 1 1462 131 0
7253 1 1250 1 1494 92 0
7261 1 1217 4 1406 126 0
7262 1 1065 4 1319 165 0
7263 1 927 4 1204 195 0
7264 1 785 4 1054 260 0
7265 1 643 4 946 303 0
7266 1 484 4 779 348 0
7267 1 376 45 635 373 0
7268 1 307 53 551 417 0
7269 1 242 90 500 450 0
7270 1 190 164 440 434 0
7271 1 188 168 434 446 0
7272 1 180 170 426 446 0
7273 1 172 174 418 452 0
7274 1 160 198 404 456 0
7275 1 160 196 402 460 0
7276 1 156 192 402 466 0
7277 1 152 196 402 472 0
7278 1 156 208 402 478 0
7279 1 152 214 398 490 0
7280 1 152 220 394 494 0
7281 1 154 222 394 496 0
7282 1 154 222 394 498 0
7283 1 160 228 394 494 0
7284 1 164 226 398 494 0
7285 1 164 224 400 496 0
7286 1 164 228 402 504 0
7287 1 168 232 404 502 0
7288 1 168 232 402 496 0
7289 1 168 224 406 492 0
7290 1 168 222 406 480 0
7291 1 166 212 406 486 0
7292 1 186 214 416 474 0
7293 1 188 214 414 474 0
7294 1 184 214 412 476 0
7295 1 184 216 412 478 0
7296 1 162 210 408 484 0
7297 1 162 210 410 484 0
7298 1 160 212 412 490 0
7299 1 162 212 412 488 0
7300 1 160 210 412 490 0
7301 1 160 210 412 492 0
7302 1 158 206 414 488 0
7303 1 156 200 412 488 0
7304 1 158 190 416 490 0
7305 1 176 198 422 480 0
7306 1 174 196 424 478 0
7307 1 176 194 422 474 0
7308 1 176 194 422 474 0
7309 1 176 194 420 472 0
7310 1 156 184 412 478 0
7311 1 158 186 410 480 0
7312 1 156 184 412 478 0
7313 1 156 188 412 480 0
7314 1 156 186 410 482 0
7315 1 156 188 408 482 0
7316 1 156 186 408 486 0
7317 1 154 188 408 486 0
7318 1 156 186 406 488 0
7319 1 152 186 400 490 0
7320 1 144 190 398 496 0
7321 1 140 192 396 500 0
7322 1 138 192 390 494 0
7323 1 134 192 388 496 0
7324 1 136 196 382 492 0
7325 1 134 198 380 494 0
7326 1 132 202 382 498 0
7327 1 128 204 380 500 0
7328 1 150 200 368 502 0
7329 1 150 202 368 500 0
7330 1 150 204 368 506 0
7331 1 148 208 366 514 0
7332 1 146 210 364 512 0
7333 1 144 216 360 516 0
7334 1 140 216 362 518 0
7335 1 140 212 362 516 0
7336 1 140 210 362 516 0
7337 1 140 212 360 516 0
7338 1 138 210 360 518 0
7339 1 138 210 360 518 0
7340 1 138 210 360 520 0
7341 1 140 208 362 518 0
7342 1 122 214 374 512 0
7343 1 122 214 374 512 0
7344 1 124 214 374 512 0
7345 1 124 214 374 512 0
7346 1 142 210 362 518 0
7347 1 142 212 362 518 0
7348 1 124 218 376 514 0
7349 1 142 214 362 518 0
7350 1 140 210 362 518 0
7351 1 140 214 360 518 0
7352 1 140 210 362 520 0
7353 1 142 210 362 518 0
7354 1 142 208 364 516 0
7355 1 142 208 364 516 0
7356 1 144 206 368 518 0
7357 1 148 204 366 512 0
7358 1 146 202 368 516 0
7359 1 146 200 370 518 0
7360 1 148 198 370 510 0
7361 1 130 202 382 506 0
7362 1 132 200 382 506 0
7363 1 132 202 384 506 0
7364 1 150 200 370 510 0
7365 1 128 204 378 504 0
7366 1 128 200 382 502 0
7367 1 130 202 386 506 0
7368 1 134 202 382 500 0
7369 1 134 200 384 500 0
7370 1 132 202 384 500 0
7371 1 134 200 386 498 0
7372 1 134 202 384 502 0
7373 1 134 200 384 496 0
7374 1 132 202 384 500 0
7375 1 132 200 382 498 0
7376 1 132 200 382 498 0
7377 1 134 198 384 496 0
7378 1 134 196 388 496 0
7379 1 134 196 386 496 0
7380 1 132 196 386 496 0
7381 1 134 196 388 496 0
7382 1 134 194 392 502 0
7383 1 134 194 390 502 0
7384 1 134 194 392 502 0
7385 1 134 192 390 500 0
7386 1 132 194 390 504 0
7387 1 134 194 392 502 0
7388 1 134 196 388 500 0
7389 1 134 198 390 502 0
7390 1 132 198 388 500 0
7391 1 132 196 388 502 0
7392 1 134 198 388 502 0
7393 1 134 196 392 500 0
7394 1 134 198 392 500 0
7395 1 132 198 388 502 0
7396 1 132 202 388 504 0
7397 1 130 204 384 500 0
7398 1 130 204 382 504 0
7399 1 128 206 378 508 0
7400 1 146 204 360 508 0
7401 1 144 206 356 504 0
7402 1 120 212 366 490 0
7403 1 116 206 358 484 0
7404 1 112 186 360 474 0
7405 1 114 168 364 464 0
7406 1 118 156 368 458 0
7407 1 116 116 368 424 0
7408 1 114 96 368 404 0
7409 1 114 90 370 384 0
7410 1 108 32 380 398 0
7411 1 118 28 374 348 0
7412 1 118 52 374 364 0
7413 1 122 10 378 320 0
7414 1 126 0 382 297 0
7415 1 126 0 382 278 0
7416 1 126 0 382 259 0
7417 1 126 0 382 239 0
7418 1 126 0 382 220 0
7419 1 126 0 382 191 0
7420 1 126 0 382 161 0
7819 1 273 2 517 177 0
7820 1 285 20 526 213 0
7821 1 297 39 535 250 0
7822 1 309 57 544 286 0
7823 1 322 76 554 324 0
7824 1 332 88 552 302 0
7825 1 348 86 582 298 0
7826 1 356 80 608 300 0
7827 1 370 90 618 314 0
7828 1 382 96 622 314 0
7829 1 394 108 622 320 0
7830 1 398 120 618 336 0
7831 1 386 136 620 410 0
7832 1 384 140 618 406 0
7833 1 386 140 616 392 0
7834 1 388 144 616 390 0
7835 1 384 150 618 402 0
7836 1 386 156 620 406 0
7837 1 390 164 618 408 0
7838 1 386 172 612 404 0
7839 1 388 172 614 412 0
7840 1 382 172 612 418 0
7841 1 386 178 610 410 0
7842 1 380 178 604 414 0
7843 1 380 182 604 416 0
7844 1 376 184 594 410 0
7845 1 370 186 592 414 0
7846 1 370 186 594 416 0
7847 1 368 186 594 414 0
7848 1 372 184 594 406 0
7849 1 376 182 592 400 0
7850 1 390 174 592 376 0
7851 1 372 182 592 392 0
7852 1 374 178 592 388 0
7853 1 374 174 594 390 0
7854 1 372 170 598 388 0
7855 1 370 162 598 392 0
7856 1 368 156 600 394 0
7857 1 374 156 604 390 0
7858 1 374 150 606 382 0
7859 1 380 152 614 386 0
7860 1 386 150 612 380 0
7861 1 394 148 612 370 0
7862 1 398 142 618 372 0
7863 1 398 144 618 374 0
7864 1 416 144 648 388 0
7865 1 426 138 660 382 0
7866 1 434 134 676 394 0
7867 1 448 128 686 382 0
7868 1 460 110 682 322 0
7869 1 456 122 688 378 0
7870 1 458 122 690 378 0
7871 1 464 102 692 332 0
7872 1 464 100 692 322 0
7873 1 456 98 692 330 0
7874 1 450 96 690 326 0
7875 1 444 92 688 336 0
7876 1 436 90 684 340 0
7877 1 424 86 684 342 0
7878 1 416 82 682 342 0
7879 1 402 82 660 328 0
7880 1 404 70 650 312 0
7881 1 388 68 620 308 0
7882 1 386 60 622 304 0
7883 1 384 52 624 308 0
7884 1 380 50 630 318 0
7885 1 380 48 634 322 0
7886 1 380 48 632 320 0
7887 1 412 24 664 256 0
7888 1 418 20 678 252 0
7889 1 420 12 688 268 0
7890 1 414 4 690 272 0
7891 1 416 4 690 270 0
7892 1 420 4 690 262 0
7893 1 422 0 690 250 0
7894 1 418 0 688 241 0
7895 1 424 0 691 233 0
7896 1 430 0 694 226 0
7897 1 436 0 697 218 0
7898 1 442 0 700 210 0
7899 1 442 0 707 204 0
7900 1 442 0 714 197 0
7901 1 442 0 722 191 0
7902 1 442 0 729 185 0
7903 1 439 0 730 175 0
7904 1 435 0 730 165 0
7905 1 431 0 730 155 0
7906 1 431 0 730 155 0
7907 1 431 0 730 155 0
8001 1 330 2 560 80 0
8002 1 325 2 565 100 0
8003 1 320 2 570 120 0
8004 1 314 2 573 140 0
8005 1 309 2 578 160 0
8006 1 304 2 583 180 0
8007 1 299 2 588 200 0
8008 1 310 2 588 209 0
8009 1 322 2 590 218 0
8010 1 333 2 590 226 0
8011 1 344 2 590 235 0
8012 1 356 2 592 244 0
8013 1 365 2 607 242 0
8014 1 375 2 623 240 0
8015 1 384 2 638 238 0
8016 1 393 2 652 236 0
8017 1 398 2 661 200 0
8018 1 404 2 670 164 0
8019 1 409 2 678 128 0
8020 1 409 2 678 123 0
8021 1 409 2 678 118 0
8219 1 537 2 663 61 0
8220 1 543 2 681 65 0
8221 1 549 2 700 70 0
8222 1 555 2 718 74 0
8223 1 561 4 717 74 0
8224 1 568 7 718 74 0
8225 1 574 10 717 75 0
8226 1 604 18 745 90 0
