4022 2 902 0 943 53 0
4023 2 907 0 943 53 0
4024 2 853 8 886 55 0
4024 4 756 0 783 29 0
4025 1 814 68 849 115 0
4025 2 746 29 788 71 0
4025 3 506 14 540 48 0
4025 4 662 18 686 44 0
4026 1 772 61 812 119 0
4026 2 743 24 787 71 0
4026 3 508 15 546 64 0
4026 4 658 21 684 52 0
4027 1 729 55 775 124 0
4027 2 660 22 705 77 0
4027 3 420 31 472 78 0
4027 4 579 30 608 61 0
4028 1 694 64 749 123 0
4028 2 622 28 673 84 0
4028 3 392 30 440 79 0
4028 4 551 36 577 70 0
4029 1 694 60 749 127 0
4029 2 621 23 672 82 0
4029 3 387 25 442 73 0
4029 4 547 34 578 68 0
4030 1 643 71 703 140 0
4030 2 559 30 619 95 0
4030 3 333 51 389 103 0
4030 4 497 56 524 91 0
4031 1 641 70 704 136 0
4031 2 559 27 620 96 0
4031 3 328 47 369 101 0
4031 4 497 56 526 93 0
4032 1 614 98 678 167 0
4032 2 528 49 592 127 0
4032 3 302 76 345 128 0
4032 4 468 95 499 121 0
4033 1 607 103 676 172 0
4033 2 520 67 595 139 0
4033 3 302 87 346 137 0
4033 4 471 106 501 145 0
4034 1 609 102 677 169 0
4034 2 519 64 593 142 0
4034 3 302 87 345 145 0
4034 4 471 111 502 145 0
4035 1 649 117 724 182 0
4035 2 570 79 626 156 0
4035 3 352 104 384 152 0
4035 4 515 128 540 158 0
4036 1 676 129 742 195 0
4036 2 589 89 655 160 0
4036 3 379 116 420 159 0
4037 1 674 126 740 195 0
4037 2 594 89 657 157 0
4037 3 385 116 422 159 0
4038 1 727 160 786 228 0
4038 2 643 127 710 203 0
4038 3 446 153 472 191 0
4039 1 745 171 811 246 0
4039 2 665 140 717 223 0
4039 3 469 165 501 209 0
4040 1 749 168 809 248 0
4040 2 659 140 724 214 0
4040 3 469 168 501 204 0
4041 1 785 190 840 268 0
4041 2 703 153 764 228 0
4041 3 518 181 544 218 0
4042 1 801 193 867 267 0
4042 2 726 153 790 230 0
4042 3 537 183 569 222 0
4043 1 799 191 866 266 0
4043 2 731 156 799 234 0
4043 3 549 187 582 227 0
4044 1 820 201 883 276 0
4044 2 737 158 808 236 0
4044 3 561 190 594 231 0
4045 1 827 195 883 276 0
4045 2 742 160 817 238 0
4045 3 565 187 601 231 0
4046 1 833 190 891 273 0
4046 2 746 157 822 232 0
4046 3 568 184 606 231 0
4047 1 839 185 900 270 0
4047 2 749 153 826 225 0
4047 3 572 181 612 231 0
4048 1 842 186 902 269 0
4048 2 753 150 830 219 0
4048 3 576 179 615 230 0
4049 1 845 186 903 267 0
4049 2 754 147 827 218 0
4049 3 580 177 618 228 0
4050 1 848 187 905 266 0
4050 2 756 144 824 217 0
4050 3 584 174 621 225 0
4051 1 843 183 900 262 0
4051 2 750 141 821 215 0
4051 3 573 167 612 216 0
4052 1 838 179 895 258 0
4052 2 744 139 818 214 0
4052 3 547 144 589 197 0
4053 1 803 151 861 238 0
4053 2 708 105 774 198 0
4053 3 522 121 566 177 0
4054 1 764 120 830 195 0
4054 2 657 75 719 167 0
4055 1 764 120 830 195 0
4055 2 662 84 718 167 0
4175 1 104 2 244 52 0
4176 1 90 0 296 64 0
4177 1 90 0 299 65 0
4178 1 102 0 316 84 0
4179 1 123 0 336 76 0
4180 1 164 0 364 65 0
4181 1 164 0 367 64 0
4182 1 185 0 406 83 0
4183 1 185 0 408 86 0
4184 1 206 0 443 114 0
4185 1 213 0 443 122 0
4186 1 215 0 443 122 0
4187 1 216 0 450 118 0
4188 1 181 0 446 87 0
4189 1 123 0 388 38 0
4190 1 109 0 379 30 0
4809 5 1881 128 1919 197 0
4810 5 1857 154 1898 223 0
4811 5 1856 157 1897 226 0
4812 5 1775 195 1821 255 0
4813 5 1773 193 1819 262 0
4814 5 1711 236 1767 293 0
4815 5 1696 245 1745 308 0
4816 5 1696 245 1747 306 0
4817 5 1660 259 1721 329 0
4818 5 1662 262 1719 325 0
4819 5 1639 282 1695 345 0
4819 6 1880 291 1919 355 0
4820 5 1628 282 1682 344 0
4820 6 1868 287 1913 346 0
4821 5 1624 283 1679 343 0
4821 6 1873 291 1915 337 0
4822 5 1603 262 1648 321 0
4822 6 1842 265 1905 329 0
4823 5 1585 246 1633 302 0
4823 6 1824 248 1888 315 0
4824 5 1586 245 1633 301 0
4824 6 1819 251 1893 314 0
4825 5 1550 220 1604 276 0
4825 6 1785 222 1856 289 0
4826 5 1543 205 1595 260 0
4826 6 1775 216 1836 274 0
4827 5 1548 204 1596 261 0
4827 6 1777 211 1842 271 0
4828 5 1532 172 1579 228 0
4828 6 1756 172 1816 239 0
4829 5 1512 158 1567 220 0
4829 6 1752 170 1812 233 0
4830 5 1520 159 1568 217 0
4830 6 1748 169 1807 228 0
4831 5 1498 147 1538 205 0
4831 6 1730 162 1793 224 0
4832 5 1498 156 1538 206 0
4832 6 1713 155 1780 219 0
4833 5 1456 131 1500 182 0
4833 7 1873 115 1919 181 0
4833 6 1669 141 1729 214 0
4834 5 1439 122 1482 178 0
4834 7 1853 109 1917 176 0
4834 6 1648 126 1723 191 0
4835 5 1442 123 1483 183 0
4835 7 1854 107 1916 175 0
4835 6 1634 114 1707 180 0
4836 5 1412 100 1456 156 0
4836 7 1819 87 1883 155 0
4836 6 1619 102 1691 169 0
4837 5 1401 84 1447 143 0
4837 7 1806 74 1873 141 0
4837 6 1617 96 1686 158 0
4838 5 1400 85 1449 146 0
4838 7 1806 73 1873 137 0
4838 6 1614 90 1680 146 0
4839 5 1384 55 1437 119 0
4839 7 1790 44 1860 113 0
4839 6 1591 59 1669 124 0
4840 5 1375 45 1426 109 0
4840 7 1783 32 1850 97 0
4840 6 1586 46 1663 113 0
4841 5 1379 44 1428 106 0
4841 7 1783 32 1850 100 0
4841 6 1580 34 1655 103 0
4842 5 1361 20 1415 83 0
4842 7 1767 5 1838 80 0
4842 6 1574 22 1647 93 0
4843 5 1361 21 1415 83 0
4843 7 1767 5 1838 76 0
4843 6 1586 11 1660 78 0
4844 5 1388 0 1435 52 0
4844 7 1808 0 1866 41 0
4844 6 1598 1 1673 65 0
4845 5 1418 0 1464 40 0
4845 7 1833 0 1899 26 0
4845 6 1674 1 1743 50 0
4846 5 1418 0 1464 38 0
4846 7 1833 0 1899 25 0
4846 6 1674 1 1743 50 0
5372 5 1500 5 1545 51 0
5373 5 1499 63 1550 124 0
5373 7 1836 22 1904 98 0
5373 6 1735 38 1813 104 0
5374 5 1499 82 1547 141 0
5374 7 1832 38 1896 112 0
5374 6 1733 61 1814 134 0
5375 5 1494 97 1542 157 0
5375 7 1826 59 1890 129 0
5375 6 1733 78 1814 155 0
5376 5 1492 100 1542 159 0
5376 7 1828 57 1891 129 0
5376 6 1733 99 1808 173 0
5377 5 1487 135 1537 192 0
5377 7 1821 99 1883 165 0
5377 6 1733 119 1802 190 0
5378 5 1479 150 1528 207 0
5378 7 1808 112 1869 180 0
5378 6 1719 122 1799 204 0
5379 5 1478 149 1528 209 0
5379 7 1807 112 1870 180 0
5379 6 1705 125 1795 219 0
5380 5 1460 173 1504 226 0
5380 7 1781 136 1836 193 0
5380 6 1672 149 1767 238 0
5381 5 1452 180 1493 233 0
5381 7 1770 146 1824 207 0
5381 6 1668 161 1749 263 0
5382 5 1447 183 1493 235 0
5382 7 1769 143 1823 206 0
5382 6 1643 168 1739 263 0
5383 5 1430 195 1476 250 0
5383 7 1748 161 1802 226 0
5383 6 1617 175 1728 263 0
5384 5 1426 202 1470 255 0
5384 7 1739 168 1793 234 0
5384 6 1636 180 1729 262 0
5385 5 1420 204 1469 261 0
5385 7 1738 169 1791 233 0
5385 6 1626 191 1716 271 0
5386 5 1404 218 1454 274 0
5386 7 1721 186 1776 246 0
5386 6 1616 201 1702 279 0
5387 5 1397 226 1446 280 0
5387 7 1712 192 1765 256 0
5387 6 1597 214 1691 286 0
5388 5 1396 225 1446 283 0
5388 7 1711 194 1764 255 0
5388 6 1597 214 1680 286 0
5389 5 1381 236 1425 292 0
5389 7 1693 202 1740 262 0
5389 6 1597 214 1669 286 0
5390 5 1369 241 1408 287 0
5390 7 1675 207 1719 266 0
5390 6 1572 222 1654 297 0
5391 5 1370 240 1408 290 0
5391 7 1676 206 1719 265 0
5391 6 1551 227 1626 300 0
5392 5 1330 252 1360 292 0
5392 7 1627 219 1663 271 0
5392 6 1529 232 1597 303 0
5393 5 1330 252 1360 293 0
5393 7 1627 218 1664 269 0
5393 6 1505 239 1572 308 0
5394 5 1282 264 1317 311 0
5394 7 1573 231 1614 285 0
5394 6 1481 246 1548 314 0
5395 5 1264 270 1301 313 0
5395 7 1552 236 1595 289 0
5395 6 1452 250 1527 323 0
5396 5 1266 271 1300 310 0
5396 7 1550 236 1594 291 0
5396 6 1463 249 1531 320 0
5397 5 1239 276 1276 318 0
5397 7 1520 244 1565 293 0
5397 6 1428 258 1503 333 0
5398 5 1228 278 1265 320 0
5398 7 1507 244 1553 295 0
5398 6 1413 261 1489 333 0
5399 5 1230 278 1266 325 0
5399 7 1508 246 1552 300 0
5399 6 1398 265 1475 335 0
5400 5 1209 283 1249 329 0
5400 7 1488 249 1533 305 0
5400 6 1383 268 1461 336 0
5401 5 1208 281 1249 330 0
5401 7 1488 248 1532 302 0
5401 6 1371 273 1442 338 0
5402 5 1184 292 1213 329 0
5402 7 1456 257 1493 308 0
5402 6 1359 278 1422 339 0
5403 5 1158 299 1189 338 0
5403 7 1432 266 1465 316 0
5403 6 1347 283 1403 341 0
5404 5 1155 302 1189 344 0
5404 7 1428 267 1464 317 0
5404 6 1322 291 1382 351 0
5405 5 1112 316 1138 351 0
5405 7 1375 282 1408 320 0
5405 6 1297 300 1361 363 0
5406 5 1088 316 1117 356 0
5406 7 1350 285 1385 322 0
5406 6 1275 300 1329 370 0
5407 5 1088 317 1118 356 0
5407 7 1352 286 1385 324 0
5407 6 1255 303 1314 369 0
5408 5 1052 319 1088 362 0
5408 7 1314 290 1353 342 0
5408 6 1235 306 1299 369 0
5409 5 1051 322 1088 365 0
5409 7 1313 290 1350 341 0
5409 6 1223 306 1284 368 0
5410 5 1025 320 1059 360 0
5410 7 1286 288 1322 337 0
5410 6 1211 306 1268 368 0
5411 5 1006 321 1042 363 0
5411 7 1269 287 1306 341 0
5411 6 1204 306 1259 368 0
5412 5 1010 321 1043 363 0
5412 7 1269 287 1306 342 0
5412 6 1196 306 1248 368 0
5413 5 983 324 1018 370 0
5413 7 1241 291 1280 343 0
5413 6 1155 306 1213 371 0
5414 5 971 323 1012 370 0
5414 7 1231 290 1277 336 0
5414 6 1150 302 1207 370 0
5415 5 971 320 1012 368 0
5415 7 1231 289 1276 336 0
5415 6 1144 299 1201 370 0
5416 5 966 315 1006 360 0
5416 7 1225 281 1270 334 0
5416 6 1139 295 1195 369 0
5417 5 962 312 1002 360 0
5417 7 1222 276 1267 330 0
5417 6 1139 292 1195 363 0
5418 5 960 311 1001 359 0
5418 7 1221 277 1266 333 0
5418 6 1139 288 1195 356 0
5419 5 951 303 995 345 0
5419 7 1215 266 1261 322 0
5419 6 1139 284 1195 348 0
5420 5 954 304 995 359 0
5420 7 1216 266 1260 321 0
5420 6 1139 272 1195 337 0
5421 5 950 280 995 333 0
5421 7 1218 245 1261 298 0
5421 6 1139 261 1195 326 0
5422 5 961 266 999 315 0
5422 7 1226 230 1269 279 0
5422 6 1143 246 1201 312 0
5423 5 970 250 1010 300 0
5423 7 1237 213 1279 264 0
5423 6 1147 230 1206 298 0
5424 5 970 251 1009 299 0
5424 7 1236 213 1278 264 0
5424 6 1161 217 1219 285 0
5425 5 992 222 1033 277 0
5425 7 1262 183 1304 239 0
5425 6 1176 204 1233 271 0
5426 5 992 222 1032 279 0
5426 7 1263 185 1304 242 0
5426 6 1176 205 1229 280 0
5427 5 1000 200 1050 259 0
5427 7 1277 163 1325 214 0
5427 6 1193 186 1251 264 0
5428 5 1004 191 1049 248 0
5428 7 1277 153 1324 205 0
5428 6 1192 178 1249 242 0
5429 5 1005 192 1050 247 0
5429 7 1278 153 1327 208 0
5429 6 1192 178 1249 258 0
5430 5 989 159 1026 194 0
5430 7 1259 127 1294 173 0
5430 6 1167 149 1235 245 0
5431 5 987 159 1026 201 0
5431 7 1260 124 1299 176 0
5431 6 1167 149 1235 245 0
5432 5 961 116 1003 169 0
5432 7 1233 78 1279 131 0
5432 6 1143 104 1212 173 0
5433 5 958 91 999 138 0
5433 7 1230 54 1272 100 0
5433 6 1143 77 1206 140 0
5434 5 956 90 999 136 0
5434 7 1230 54 1272 102 0
5434 6 1143 77 1206 151 0
5435 5 980 28 1019 77 0
5435 7 1268 0 1300 39 0
5435 6 1165 18 1222 66 0
5436 5 1010 13 1044 47 0
5436 7 1280 0 1344 40 0
5437 5 1012 9 1044 47 0
5437 7 1278 0 1342 35 0
8653 5 1147 597 1174 630 0
8654 5 1147 596 1177 630 0
8655 5 1142 550 1182 602 0
8656 5 1134 517 1173 569 0
8657 5 1134 519 1173 575 0
8658 5 1115 473 1155 519 0
8659 5 1098 440 1138 490 0
8660 5 1098 442 1138 491 0
8661 5 1072 406 1113 459 0
8662 5 1074 404 1110 458 0
8663 5 1072 384 1107 439 0
8664 5 1075 374 1112 429 0
8665 5 1075 375 1111 432 0
8666 5 1091 346 1125 401 0
8667 5 1098 333 1135 385 0
8668 5 1098 330 1136 384 0
8669 5 1115 302 1152 355 0
8670 5 1123 287 1156 344 0
8671 5 1123 287 1156 344 0
8672 5 1143 278 1174 319 0
8673 5 1143 278 1172 319 0
8674 5 1169 253 1197 278 0
8675 5 1180 237 1213 273 0
8676 5 1180 237 1205 268 0
8677 5 1193 205 1229 240 0
8678 5 1198 192 1234 229 0
8679 5 1198 192 1233 226 0
8683 6 742 188 759 215 0
8684 6 740 189 754 209 0
8685 6 747 187 762 214 0
8686 6 747 184 765 211 0
8687 6 748 184 765 210 0
8688 6 750 176 767 204 0
8689 6 750 173 767 200 0
8690 6 750 173 767 200 0
8691 6 754 165 773 191 0
8692 6 756 161 774 188 0
8693 6 756 161 774 187 0
8694 6 767 158 784 184 0
8695 6 775 157 789 177 0
8696 6 775 158 788 178 0
8697 6 793 155 808 179 0
8698 6 793 155 808 179 0
8699 6 810 158 827 183 0
8700 6 811 159 826 185 0
8701 6 810 160 826 186 0
8702 6 806 161 823 187 0
8703 6 806 161 823 187 0
8704 6 814 161 831 190 0
8705 6 816 162 835 190 0
8706 6 816 162 835 190 0
8707 6 818 162 836 191 0
8708 6 818 162 836 191 0
8709 6 814 160 834 186 0
8710 6 812 157 830 184 0
8711 6 812 157 830 184 0
8712 6 812 158 829 184 0
8713 6 812 158 829 185 0
8714 6 813 155 831 183 0
8715 6 813 156 830 183 0
8716 6 814 154 831 180 0
8717 6 815 153 832 180 0
8718 6 815 154 833 178 0
8719 6 817 151 834 177 0
8720 6 818 152 834 176 0
8734 6 1310 151 1325 170 0
8735 6 1316 146 1336 171 0
8736 6 1316 147 1334 172 0
8737 6 1312 149 1329 174 0
8738 6 1307 149 1323 173 0
8739 6 1307 147 1323 171 0
8740 6 1294 149 1309 171 0
8741 6 1281 154 1299 172 0
8742 6 1264 156 1283 179 0
8754 5 1375 153 1401 184 0
8754 6 863 171 883 198 0
8755 5 1355 155 1394 189 0
8755 6 851 173 870 196 0
8756 5 1355 155 1390 189 0
8756 6 851 172 870 195 0
8757 5 1335 159 1379 193 0
8757 6 839 171 858 197 0
8758 5 1338 159 1379 193 0
8758 6 840 172 856 196 0
8759 5 1332 163 1375 196 0
8759 6 838 178 853 198 0
8760 5 1335 165 1379 197 0
8760 6 840 175 858 202 0
8761 5 1335 164 1379 197 0
8761 6 842 174 861 201 0
8762 5 1361 166 1402 198 0
8762 6 862 172 880 202 0
8763 5 1374 167 1413 199 0
8763 6 876 172 895 203 0
8764 5 1375 167 1415 199 0
8764 6 874 172 897 201 0
8765 5 1384 158 1428 190 0
8765 6 885 169 902 193 0
8766 5 1386 157 1429 189 0
8766 6 888 167 905 193 0
8767 5 1401 135 1438 156 0
8767 6 896 153 913 183 0
8768 6 895 153 913 178 0
8769 6 907 138 927 166 0
8809 1 1409 0 1440 13 0
8810 1 1405 0 1435 15 0
8811 1 1404 0 1452 15 0
8812 1 1390 0 1440 20 0
8813 1 1382 0 1437 22 0
8814 1 1382 0 1438 23 0
8815 1 1371 0 1432 23 0
8816 1 1370 0 1429 24 0
8817 1 1356 0 1417 27 0
8818 1 1350 0 1409 29 0
8819 1 1348 0 1407 29 0
8820 1 1339 0 1397 31 0
8821 1 1338 0 1398 31 0
8822 1 1332 0 1389 33 0
8823 1 1324 0 1383 34 0
8824 1 1324 0 1383 34 0
8825 1 1313 0 1352 34 0
8825 6 1215 12 1228 23 0
8826 1 1312 0 1371 39 0
8826 6 1215 11 1230 26 0
8827 7 1226 0 1255 27 0
8827 1 1302 0 1338 38 0
8827 6 1210 16 1222 30 0
8828 7 1227 0 1255 29 0
8828 1 1302 0 1357 45 0
8828 6 1209 16 1224 33 0
8829 7 1227 0 1256 30 0
8829 1 1295 0 1351 48 0
8829 6 1204 16 1225 41 0
8830 7 1224 0 1252 33 0
8830 1 1289 0 1348 48 0
8830 6 1201 16 1221 45 0
8831 7 1223 0 1251 34 0
8831 1 1288 0 1346 49 0
8831 6 1202 17 1221 46 0
8832 7 1216 0 1245 31 0
8832 1 1273 0 1308 39 0
8832 6 1194 14 1213 44 0
8833 7 1216 0 1243 28 0
8833 1 1269 0 1329 49 0
8833 6 1194 14 1213 42 0
8834 7 1202 11 1227 41 0
8834 1 1249 13 1307 59 0
8834 6 1177 28 1194 60 0
8835 1 1239 26 1293 67 0
8835 6 1170 35 1189 60 0
8836 1 1239 26 1268 61 0
8836 6 1170 35 1189 61 0
8837 1 1214 35 1272 81 0
8837 6 1159 46 1178 76 0
8838 1 1206 40 1262 83 0
8838 6 1152 50 1172 80 0
8839 1 1211 40 1261 84 0
8839 6 1149 50 1172 80 0
8840 1 1178 61 1235 99 0
8840 6 1140 62 1160 93 0
8841 1 1166 64 1216 102 0
8841 6 1133 68 1154 102 0
8842 1 1165 62 1207 108 0
8842 6 1133 69 1154 104 0
8843 1 1147 78 1199 119 0
8843 6 1126 81 1144 112 0
8844 1 1147 79 1196 120 0
8844 6 1123 81 1143 113 0
8845 1 1135 84 1182 124 0
8845 6 1119 84 1136 115 0
8846 1 1125 90 1177 126 0
8846 6 1116 86 1136 117 0
8847 1 1127 89 1177 126 0
8847 6 1116 86 1138 115 0
8848 1 1110 85 1162 129 0
8849 1 1110 85 1162 129 0
8850 1 1101 83 1149 129 0
8851 1 1103 83 1146 130 0
8852 1 1103 82 1143 131 0
8853 1 1084 81 1134 130 0
8854 1 1083 79 1136 126 0
8855 1 1080 78 1132 126 0
