0 1 0 0 128 164 0
1 1 0 0 153 351 0
2 1 0 0 163 349 0
3 1 0 0 174 347 0
4 1 0 0 213 344 1
5 1 0 0 221 355 1
6 1 0 0 253 366 1
7 1 1 0 291 364 1
8 1 1 0 287 381 1
9 1 2 0 317 398 1
10 1 3 0 305 405 1
11 1 4 0 306 413 1
12 1 5 0 291 403 1
13 1 6 0 294 386 1
14 1 2 0 306 400 1
15 1 2 0 286 393 1
16 1 3 0 283 400 1
17 1 0 0 274 502 1
18 1 7 0 299 525 1
19 1 0 0 349 533 1
20 1 3 0 382 538 1
21 1 6 0 530 526 1
22 1 10 0 582 511 0
23 1 4 5 595 514 0
24 1 12 2 638 490 0
25 1 20 0 648 506 0
26 1 4 0 597 479 0
27 1 4 0 493 457 0
28 1 4 0 510 469 0
29 1 4 0 272 350 0
30 1 4 0 192 281 0
182 1 0 48 197 659 0
183 1 1 2 316 752 0
184 1 4 5 320 752 0
185 1 7 12 503 723 0
186 1 2 0 495 728 0
187 1 2 7 583 705 0
188 1 3 0 623 688 0
189 1 0 0 658 692 0
190 1 12 1 674 668 0
191 1 12 1 677 649 0
192 1 12 1 681 655 0
193 1 12 1 639 628 0
194 1 12 1 623 619 0
195 1 7 1 584 619 0
196 1 1 1 545 609 0
197 1 1 1 526 614 0
198 1 1 1 523 608 0
199 1 1 1 462 618 0
200 1 1 1 456 625 0
201 1 1 1 429 619 0
202 1 1 1 395 618 0
203 1 1 1 408 581 0
204 1 1 1 395 592 0
205 1 1 1 384 611 0
206 1 1 1 399 601 0
207 1 1 1 411 629 0
208 1 1 1 402 631 0
209 1 1 1 423 645 0
210 1 1 1 419 649 0
211 1 1 1 409 662 0
212 1 1 1 399 665 0
213 1 1 1 428 682 0
214 1 1 1 421 682 1
215 1 1 1 433 680 1
216 1 1 1 425 703 1
217 1 1 1 440 690 1
218 1 1 1 433 704 1
219 1 1 1 448 694 1
220 1 1 1 431 703 1
221 1 1 1 449 703 1
222 1 1 1 452 694 1
223 1 1 1 462 709 1
224 1 1 1 477 702 1
225 1 1 1 474 703 1
226 1 1 1 470 705 1
227 1 1 1 466 707 1
228 1 1 1 462 712 1
229 1 1 1 462 712 1
230 1 1 1 462 712 1
231 1 1 1 460 696 1
232 1 1 1 460 696 1
233 1 1 1 423 704 1
234 1 1 1 423 704 1
235 1 1 1 392 687 1
236 1 1 1 385 692 1
237 1 1 1 374 682 1
238 1 1 1 348 702 1
239 1 1 1 340 704 1
240 1 1 1 340 704 1
241 1 1 1 335 719 1
242 1 1 1 323 709 1
243 1 1 1 325 717 0
244 1 1 1 347 717 0
245 1 1 1 351 721 0
246 1 1 1 372 747 0
247 1 1 1 372 747 0
248 1 1 1 392 754 0
249 1 1 1 392 754 0
250 1 1 1 392 754 1
251 1 1 1 378 754 1
252 1 1 1 372 754 1
253 1 1 1 367 760 1
254 1 1 1 337 740 1
255 1 1 1 335 731 1
256 1 1 1 313 686 1
257 1 1 1 291 679 1
258 1 1 1 289 662 1
259 1 1 1 254 604 1
260 1 1 1 219 547 1
261 1 1 1 217 503 1
262 1 1 1 214 460 1
263 1 1 1 168 341 1
264 1 1 1 168 341 1
317 1 0 0 269 840 1
318 1 0 0 295 901 1
319 1 0 0 330 963 1
320 1 0 0 326 973 1
321 1 0 0 422 1077 1
322 1 0 0 422 1077 1
323 1 0 58 444 1076 1
324 1 0 70 466 1076 1
325 1 0 96 485 1076 1
326 1 0 96 485 1076 1
327 1 0 171 492 1076 1
328 1 0 220 494 1076 1
329 1 0 208 484 1076 0
330 1 0 220 455 1076 0
331 1 0 230 444 1076 0
332 1 0 230 444 1076 0
333 1 0 256 424 1076 0
334 1 0 256 397 1076 0
335 1 0 256 397 1076 0
336 1 0 266 352 1076 0
337 1 0 207 332 1017 0
338 1 0 207 323 1002 0
339 1 0 155 259 805 0
340 1 0 155 235 710 0
341 1 0 155 235 710 0
474 2 1139 350 1217 462 0
475 2 1139 350 1224 462 0
476 2 1189 350 1291 465 0
477 2 1241 350 1339 472 0
478 2 1241 363 1339 471 0
479 2 1321 341 1452 451 0
480 2 1321 341 1448 451 0
481 2 1369 292 1503 414 0
482 2 1396 283 1525 400 0
483 2 1396 276 1530 400 0
484 2 1473 253 1614 377 0
485 2 1473 253 1610 385 0
486 2 1538 241 1675 373 0
487 2 1551 241 1694 372 0
488 2 1558 241 1694 377 0
489 2 1579 237 1727 393 0
490 2 1609 261 1752 409 0
491 2 1614 261 1751 417 0
492 2 1693 270 1854 421 0
493 2 1725 266 1886 417 0
493 3 1481 271 1544 373 0
494 2 1764 268 1915 414 0
494 3 1481 283 1581 376 0
495 2 1762 268 1915 422 0
495 3 1481 283 1579 381 0
496 2 1831 268 1916 416 0
496 3 1548 283 1643 386 0
497 2 1841 268 1915 421 0
497 3 1548 288 1636 386 0
498 3 1631 288 1753 396 0
499 3 1688 288 1817 393 0
500 3 1688 278 1810 393 0
501 3 1778 278 1917 390 0
502 3 1803 263 1917 375 0
503 3 1810 263 1917 370 0
504 3 1851 230 1920 347 0
505 3 1853 230 1921 347 0
589 1 0 2 149 110 1
590 1 0 2 161 116 1
591 1 0 2 172 121 1
592 1 0 1 183 142 1
593 1 0 1 194 163 1
594 1 0 0 206 183 1
595 1 0 0 206 183 1
596 1 0 0 238 185 1
597 1 0 0 262 190 1
598 1 0 0 262 190 1
599 1 0 0 277 192 1
600 1 0 0 277 192 0
601 1 0 0 269 187 0
602 1 0 0 269 187 0
603 1 0 0 269 187 0
604 1 0 0 258 187 0
605 1 0 0 252 183 0
606 1 0 0 245 183 0
607 1 0 0 236 185 0
608 1 0 0 229 183 0
609 1 0 0 221 177 0
610 1 0 0 221 177 0
611 1 0 0 221 177 0
612 1 0 0 209 166 0
613 1 0 0 209 166 0
614 1 0 0 209 166 0
615 1 0 0 223 170 0
616 1 0 0 223 170 0
617 1 0 0 228 175 0
618 1 0 0 228 175 0
619 1 0 0 228 175 0
620 1 0 0 250 177 0
621 1 0 0 265 180 0
622 1 0 0 265 180 0
623 1 0 0 284 180 0
624 1 0 0 279 178 0
625 1 0 0 308 163 0
626 1 0 0 321 151 0
627 1 0 0 313 153 1
628 1 0 0 359 143 1
629 1 0 0 359 143 1
630 1 66 0 394 141 1
631 1 94 0 417 131 1
632 1 94 0 417 131 1
633 1 94 0 441 132 1
634 1 94 0 463 127 1
635 1 94 0 463 127 1
636 1 111 0 489 139 1
637 1 111 0 489 139 1
638 1 111 0 489 139 1
639 1 111 0 502 132 1
640 1 111 0 478 132 1
641 1 111 0 463 137 1
642 1 111 0 432 127 1
643 1 111 0 409 129 1
644 1 111 0 407 127 1
645 1 34 0 359 146 1
646 1 34 0 359 146 1
647 1 10 0 338 185 1
648 1 3 0 316 194 1
649 1 3 0 316 194 1
650 1 3 0 277 235 1
651 1 3 0 277 235 1
652 1 3 0 220 274 1
653 1 3 0 232 270 1
654 1 3 0 185 286 1
655 1 3 0 163 291 1
656 1 3 0 164 275 1
673 1 0 0 178 443 1
674 1 0 0 216 447 1
675 1 0 0 219 452 1
676 1 0 0 303 447 1
677 1 0 0 328 445 1
678 1 0 0 321 448 1
679 1 0 0 381 476 1
680 1 0 0 403 465 1
681 1 0 0 403 465 1
682 1 0 0 446 496 1
683 1 0 0 475 508 1
684 1 0 0 475 508 1
685 1 0 0 488 528 1
686 1 0 0 497 547 1
687 1 0 0 497 547 1
688 1 20 0 546 566 1
689 1 41 0 546 578 1
690 1 41 0 546 578 1
691 1 58 0 575 591 1
692 1 73 0 575 590 1
693 1 73 0 592 598 1
694 1 99 0 604 588 1
695 1 111 0 644 564 1
696 1 111 0 650 573 1
697 1 141 0 650 557 1
698 1 151 0 682 540 1
699 1 168 0 709 528 1
700 1 185 0 736 517 1
701 1 218 0 781 494 1
702 1 218 0 771 493 1
703 1 266 0 826 454 1
704 1 266 0 826 454 1
705 1 294 0 873 418 1
706 1 294 0 908 397 1
707 1 294 0 908 397 1
708 1 339 0 975 368 1
709 1 359 0 975 370 1
710 1 361 0 975 343 1
711 1 361 0 1003 331 1
712 1 361 0 1003 331 1
713 1 364 0 977 309 1
714 1 364 0 977 309 1
715 1 386 0 973 270 1
716 1 386 0 953 271 1
717 1 386 0 953 271 1
718 1 386 0 953 271 1
719 1 386 0 953 271 1
720 1 386 0 953 256 1
721 1 386 0 953 256 1
722 1 300 0 899 259 1
723 1 243 0 864 266 1
724 1 243 0 847 270 1
725 1 201 0 817 283 1
726 1 165 0 818 299 1
727 1 146 0 818 295 1
728 1 117 0 815 304 1
729 1 111 0 809 304 1
730 1 59 0 757 304 1
731 1 36 0 732 303 1
732 1 36 0 732 303 1
733 1 56 0 752 303 1
734 1 56 0 786 315 1
735 1 56 0 800 332 1
736 1 56 0 800 332 1
737 1 56 0 800 332 1
738 1 56 0 790 349 1
739 1 56 0 790 349 1
740 1 56 0 779 337 1
741 1 56 0 779 337 1
742 1 56 0 771 313 1
743 1 3 0 737 269 1
744 1 3 0 737 269 1
745 1 3 0 694 243 1
746 1 3 0 651 226 1
747 1 3 0 651 226 1
763 1 0 0 492 246 1
764 1 0 0 497 259 1
765 1 0 0 495 260 1
766 1 0 0 493 261 1
767 1 0 0 491 262 1
768 1 0 0 489 263 1
769 1 0 0 487 264 1
770 1 0 0 496 251 1
771 1 1 0 495 252 1
772 1 1 0 493 253 1
773 1 1 0 490 255 1
774 1 1 0 458 242 1
775 1 1 0 447 242 1
776 1 1 0 446 244 1
777 1 1 0 446 246 1
778 1 1 0 474 254 1
779 1 1 0 512 288 1
780 1 1 0 524 283 1
781 1 1 0 519 284 1
782 1 2 0 515 284 1
783 1 2 0 511 284 1
784 1 2 0 506 285 1
785 1 2 0 502 285 1
786 1 2 0 497 286 1
787 1 2 0 493 286 1
788 1 2 0 505 295 1
789 1 2 0 508 293 1
790 1 2 0 524 307 1
791 1 2 0 515 306 1
792 1 2 0 524 305 1
793 1 2 0 514 304 1
794 1 3 0 505 303 1
795 1 3 0 502 304 1
796 1 3 0 491 302 1
797 1 3 0 480 300 1
798 1 3 0 483 304 1
799 1 3 0 466 297 1
800 1 3 0 452 295 0
801 1 3 0 439 293 0
802 1 3 0 425 292 0
803 1 3 0 425 292 0
804 1 3 0 410 271 0
805 1 3 0 418 270 0
806 1 3 0 418 270 0
807 1 3 0 418 270 0
808 1 3 0 418 270 0
809 1 3 0 427 285 0
810 1 3 0 432 300 0
811 1 3 0 432 300 0
812 1 3 0 447 312 0
813 1 3 0 447 312 0
814 1 3 0 459 331 0
815 1 3 0 461 346 0
816 1 3 0 476 346 0
817 1 3 0 467 353 0
818 1 3 0 467 353 0
819 1 3 0 467 353 1
820 1 3 0 435 339 1
821 1 3 0 430 321 1
822 1 3 0 430 321 1
823 1 3 0 423 297 1
824 1 3 0 423 297 1
825 1 3 0 420 278 1
826 1 3 0 435 271 1
827 1 3 0 435 271 1
828 1 3 0 486 253 1
829 1 3 0 519 254 1
830 1 3 0 519 254 1
831 1 3 0 571 249 1
832 1 3 0 599 256 1
833 1 3 0 599 256 1
834 1 65 0 628 239 1
835 1 65 0 628 239 1
836 1 126 0 657 230 1
837 1 126 0 657 230 1
838 1 126 0 657 230 1
839 1 167 0 706 213 1
840 1 167 0 708 217 1
841 1 206 0 718 229 1
842 1 206 0 744 230 0
843 1 220 0 744 230 0
844 1 247 0 788 247 0
845 1 259 0 788 253 0
846 1 293 0 812 264 0
847 1 310 0 814 268 0
848 1 310 0 826 270 0
849 1 310 0 832 268 0
850 1 310 0 848 273 0
851 1 310 0 848 273 1
852 1 310 0 834 281 1
853 1 310 0 834 281 1
854 1 310 0 814 283 1
855 1 310 0 814 283 1
856 1 310 0 814 283 1
857 1 310 0 820 273 1
858 1 310 0 820 273 1
859 1 310 0 820 273 1
860 1 323 0 830 287 1
861 1 332 0 827 276 1
862 1 363 0 827 287 1
863 1 363 0 838 290 1
864 1 363 0 838 290 1
865 1 380 0 850 285 1
866 1 385 0 849 280 1
867 1 385 0 846 297 1
868 1 385 0 846 297 1
869 1 385 0 846 297 1
870 1 385 0 846 305 1
871 1 385 0 831 321 1
872 1 385 0 831 321 1
873 1 385 0 809 299 1
874 1 385 0 809 299 1
875 1 317 0 749 246 1
876 1 264 0 725 229 1
877 1 264 0 694 232 1
878 1 264 0 711 222 1
879 1 153 0 604 207 1
880 1 153 0 573 215 1
881 1 153 0 573 215 1
882 1 129 0 556 236 1
883 1 102 0 543 239 1
884 1 89 0 517 228 1
885 1 76 0 491 217 1
886 1 76 0 491 217 1
887 1 51 0 420 186 1
888 1 32 0 396 181 1
889 1 32 0 396 181 1
890 1 8 0 326 157 1
891 1 8 0 326 157 1
892 1 3 0 289 164 1
893 1 3 0 289 164 1
894 1 3 0 289 164 1
895 1 3 0 294 188 1
896 1 3 0 294 195 1
897 1 3 0 284 218 1
898 1 3 0 287 198 1
899 1 3 0 270 208 1
900 1 3 0 249 198 1
901 1 3 0 249 198 1
902 1 3 0 249 198 1
903 1 3 0 249 198 1
904 1 3 0 249 198 1
905 1 3 0 249 198 1
906 1 3 0 249 198 1
907 1 3 0 248 164 1
908 1 3 0 238 169 1
909 1 3 0 144 121 1
910 1 3 0 159 125 1
911 1 3 0 175 129 1
912 1 3 0 190 133 1
913 1 3 0 190 142 0
914 1 3 0 190 150 0
915 1 3 0 190 150 0
916 1 3 0 190 150 0
1038 1 0 0 168 149 0
1039 1 0 0 197 102 0
1040 1 0 0 197 102 0
1408 1 2 0 248 276 1
1409 1 2 0 305 297 1
1410 1 2 0 361 317 1
1411 1 0 0 594 454 1
1412 1 0 0 572 486 1
1413 1 0 0 551 474 1
1414 1 0 0 568 474 1
1415 1 0 0 568 474 1
1416 1 0 0 568 474 1
1417 1 0 0 551 488 1
1418 1 0 0 510 467 1
1419 1 0 0 510 467 1
1420 1 0 0 490 443 0
1421 1 0 0 444 414 0
1422 1 0 0 444 414 0
1423 1 0 0 350 375 0
1424 1 0 0 321 351 0
1425 1 0 0 321 351 0
1426 1 0 0 289 310 0
1427 1 0 0 257 268 0
1428 1 0 0 251 260 0
1429 1 0 0 245 253 0
1430 1 0 0 240 246 0
3109 1 272 0 493 98 0
3110 1 231 0 515 129 0
3111 1 233 0 515 127 0
3112 1 177 0 575 167 0
3113 1 197 0 600 174 0
3114 1 197 0 600 174 0
3115 1 240 0 616 190 0
3116 1 240 0 616 190 0
3117 1 240 0 645 195 0
3118 1 240 0 667 201 0
3119 1 240 0 667 201 0
3120 1 277 0 704 213 0
3121 1 277 0 707 217 0
3122 1 277 0 707 217 0
3123 1 267 0 680 224 0
3124 1 267 0 691 220 0
3125 1 267 0 691 220 0
3126 1 209 0 667 210 0
3127 1 209 0 667 210 0
3128 1 209 0 612 210 0
3129 1 82 0 555 193 0
3130 1 82 0 579 191 0
3131 1 3 0 430 169 0
3132 1 3 0 430 171 0
3133 1 3 0 318 150 0
3134 1 3 0 260 144 0
3135 1 3 0 253 144 0
3151 1 2 2 172 153 0
3152 1 2 2 180 140 0
3153 1 2 2 188 127 0
3154 1 2 2 196 114 0
3155 1 2 2 226 85 0
3156 1 2 2 226 85 0
3168 1 415 0 600 83 0
3169 1 415 0 600 83 0
3170 1 332 0 762 167 0
3171 1 417 0 813 198 0
3172 1 417 0 808 196 0
3173 1 507 0 890 232 0
3174 1 507 0 900 242 0
3175 1 507 0 910 237 0
3176 1 449 0 866 287 0
3177 1 414 0 844 307 0
3178 1 414 0 844 307 0
3179 1 329 0 768 288 0
3180 1 291 0 706 261 0
3181 1 252 0 706 264 0
3182 1 70 0 553 239 0
3183 1 41 0 424 234 0
3184 1 41 0 424 234 0
3185 1 2 0 262 224 0
3186 1 2 0 206 225 0
3187 1 2 0 206 225 0
3641 1 0 0 245 102 1
3642 1 0 0 214 103 1
3643 1 0 0 182 103 1
3644 1 0 0 170 114 1
3645 1 0 0 158 124 1
3707 1 0 0 283 90 0
3708 1 0 0 215 102 0
3709 1 0 0 148 114 0
3723 1 0 0 98 146 0
3724 1 0 0 103 151 0
3725 1 0 0 108 156 0
3726 1 0 0 137 156 0
3727 1 0 0 168 208 0
3728 1 0 0 168 208 0
3729 1 0 0 267 253 0
3730 1 0 0 267 253 0
3731 1 0 0 288 253 0
3732 1 0 0 288 253 0
3733 1 0 0 288 253 0
3734 1 0 0 300 270 0
3735 1 0 0 288 288 0
3736 1 0 0 301 285 0
3737 1 0 0 291 293 0
3738 1 0 0 298 281 0
3739 1 0 0 257 225 0
3740 1 0 0 210 200 0
3741 1 0 0 163 175 0
3742 1 0 0 94 154 0
3743 1 0 0 82 161 0
3777 1 0 0 213 132 0
3778 1 0 0 216 142 0
3779 1 0 0 220 152 0
3780 1 0 0 223 161 0
3781 1 0 0 223 161 0
3782 1 0 0 294 181 0
3783 1 0 0 327 178 0
3784 1 0 0 327 178 0
3785 1 0 0 349 188 0
3786 1 0 0 349 188 0
3787 1 0 0 349 188 0
3788 1 0 0 351 169 0
3789 1 0 0 351 169 0
3790 1 0 0 347 167 0
3791 1 0 0 340 155 0
3792 1 0 0 340 155 0
3793 1 0 0 340 155 0
3794 1 0 0 340 155 0
3795 1 0 0 351 154 0
3796 1 0 0 371 164 0
3797 1 0 0 371 166 0
3798 1 0 0 380 161 0
3799 1 0 0 371 161 0
3800 1 0 0 369 149 0
3801 1 0 0 376 140 0
3802 1 0 0 322 140 0
3803 1 0 0 296 137 0
3804 1 0 0 296 106 0
3805 1 0 0 265 96 0
3806 1 0 0 233 86 0
3807 1 0 0 233 86 0
4483 1 686 0 956 108 1
4484 1 662 0 978 119 1
4485 1 638 0 1000 130 1
4486 1 615 0 1023 142 1
4487 1 615 0 1003 147 1
4488 1 615 0 1003 147 1
4489 1 567 0 955 152 1
4490 1 567 0 943 161 1
4491 1 567 0 943 161 1
4492 1 512 0 913 178 1
4493 1 512 0 919 181 1
4494 1 512 0 883 205 1
4495 1 512 0 881 212 1
4496 1 512 0 874 218 1
4497 1 512 0 878 232 1
4498 1 512 0 876 244 1
4499 1 512 0 873 244 1
4500 1 512 0 859 270 1
4501 1 489 0 872 276 1
4502 1 489 0 863 283 1
4503 1 446 0 830 305 1
4504 1 446 0 844 288 1
4505 1 392 0 797 292 1
4506 1 392 0 792 316 1
4507 1 392 0 787 321 0
4508 1 392 0 780 339 0
4509 1 392 0 793 350 0
4510 1 392 0 793 343 0
4511 1 463 0 835 336 0
4512 1 463 0 835 314 0
4513 1 591 0 936 333 0
4514 1 662 0 997 333 0
4515 1 662 0 997 333 0
4516 1 763 0 1108 358 0
4517 1 793 0 1145 380 0
4518 1 793 0 1145 380 0
4519 1 846 0 1215 380 0
4520 1 862 0 1245 380 0
4521 1 862 0 1236 380 1
4522 1 909 0 1275 377 1
4523 1 909 0 1288 373 1
4524 1 909 0 1288 373 1
4525 1 909 0 1321 356 1
4526 1 909 0 1338 360 1
4527 1 909 0 1338 360 1
4528 1 891 0 1338 343 1
4529 1 891 0 1338 343 1
4530 1 855 0 1306 324 1
4531 1 788 0 1285 307 1
4532 1 788 0 1223 293 1
4533 1 742 0 1223 281 1
4534 1 635 0 1115 249 1
4535 1 594 0 1036 227 1
4536 1 594 0 1064 232 1
4537 1 533 0 991 207 1
4538 1 533 0 991 207 1
4539 1 451 0 932 142 1
4540 1 419 0 897 128 1
4541 1 419 0 897 128 1
4583 1 322 0 809 157 0
4584 1 322 0 815 166 0
4585 1 322 0 815 166 0
4586 1 322 0 824 200 0
4587 1 322 0 824 200 0
4588 1 322 0 884 218 0
4589 1 322 0 877 236 0
4590 1 322 0 877 236 0
4591 1 322 0 882 249 0
4592 1 322 0 882 249 0
4593 1 322 0 865 254 0
4594 1 322 0 861 256 0
4595 1 322 0 861 256 0
4596 1 322 0 861 256 0
4597 1 322 0 841 237 1
4598 1 322 0 841 237 1
4599 1 322 0 836 195 1
4600 1 322 0 836 195 1
4601 1 322 0 836 195 1
4602 1 322 0 836 195 1
4603 1 322 0 836 195 1
4604 1 322 0 824 162 1
4605 1 322 0 781 138 1
4606 1 322 0 781 138 1
4734 1 2 0 88 160 1
4735 1 2 0 80 158 1
4736 1 2 0 72 157 1
4737 1 2 0 65 156 1
4738 1 2 0 68 169 1
4739 1 2 0 71 182 1
4740 1 2 0 66 191 1
4741 1 2 0 60 201 1
4742 1 2 0 54 211 1
5915 1 0 1 286 211 1
5916 1 138 1 524 205 1
5917 1 138 1 524 206 1
5918 1 729 1 1022 217 1
5919 1 729 1 1011 215 1
5920 1 1186 1 1506 211 1
5921 1 1373 1 1753 227 1
5922 1 1373 1 1749 232 1
5923 1 1652 1 1920 175 1
5924 1 1747 1 1919 166 1
5925 1 1747 1 1919 166 1
6021 1 1577 0 1864 198 1
6022 1 1613 0 1858 201 1
6023 1 1146 0 1381 154 1
6024 1 982 0 1237 132 1
6025 1 982 0 1237 132 1
6026 1 739 0 1008 123 1
6027 1 613 0 917 116 1
6028 1 613 0 926 109 1
6029 1 426 0 749 120 1
6030 1 322 0 650 113 1
6031 1 322 0 647 116 1
6032 1 111 0 468 130 1
6033 1 36 0 383 120 1
6034 1 36 0 383 120 1
6035 1 2 0 252 157 1
6036 1 2 0 214 169 1
6037 1 2 0 192 157 1
6053 1 0 12 99 327 1
6054 1 0 24 102 334 1
6055 1 0 36 190 414 1
6056 1 0 72 216 467 1
6057 1 0 72 220 453 1
6058 1 0 165 287 542 1
6059 1 0 193 306 586 1
6060 1 0 193 309 582 1
6061 1 0 225 346 600 1
6062 1 0 225 336 592 1
6063 1 0 225 336 592 1
6064 1 0 176 324 563 1
6065 1 0 155 308 537 1
6066 1 0 155 308 537 1
6067 1 0 113 269 504 1
6068 1 0 82 244 497 1
6069 1 0 82 244 497 1
6070 1 0 50 239 461 1
6071 1 0 50 239 461 1
6072 1 0 10 222 419 1
6073 1 0 10 225 405 1
6074 1 0 10 225 405 1
6075 1 0 2 232 387 1
6076 1 0 2 232 387 1
6077 1 0 2 232 362 1
6078 1 0 2 232 362 1
6079 1 0 2 237 356 1
6080 1 0 2 237 356 1
6081 1 0 2 237 356 1
6082 1 0 2 237 356 1
6083 1 0 2 237 356 1
6084 1 0 2 237 356 1
6085 1 0 2 237 356 1
6086 1 0 2 237 356 1
6087 1 0 2 238 376 1
6088 1 0 2 238 376 1
6089 1 0 2 234 411 1
6090 1 0 2 250 423 1
6091 1 0 2 250 423 1
6092 1 0 2 259 442 1
6093 1 0 2 259 442 1
6094 1 0 2 277 454 1
6095 1 0 2 280 429 1
6096 1 0 2 280 429 1
6097 1 0 2 284 420 1
6098 1 0 2 284 420 1
6099 1 0 2 284 420 1
6100 1 0 2 262 440 1
6101 1 0 2 262 440 1
6102 1 0 2 230 409 1
6103 1 1 2 198 332 1
6104 1 0 2 167 293 1
6105 1 0 2 167 293 1
6215 1 2 0 122 192 1
6216 1 0 1 132 204 1
6217 1 0 1 143 215 1
6218 1 0 1 185 236 1
6219 1 0 1 187 244 1
6220 1 0 1 196 239 1
6221 1 0 1 214 235 1
6222 1 0 1 228 228 1
6223 1 0 1 225 227 1
6224 1 0 1 245 232 1
6225 1 0 1 243 230 1
6226 1 0 1 243 230 1
6227 1 0 1 257 229 1
6228 1 0 1 257 229 1
6229 1 0 1 265 236 1
6230 1 0 1 276 245 1
6231 1 0 1 276 245 1
6232 1 0 1 276 245 1
6233 1 0 1 276 245 1
6234 1 0 1 276 245 1
6235 1 0 1 276 245 1
6236 1 0 1 276 245 1
6237 1 0 1 266 237 1
6238 1 0 1 254 229 1
6239 1 0 1 254 229 1
6240 1 0 1 244 219 1
6241 1 0 1 239 221 1
6242 1 0 1 192 200 1
6243 1 0 1 173 194 1
6244 1 0 1 173 194 1
6245 1 0 1 158 189 1
6246 1 0 1 143 184 1
6247 1 0 1 100 160 1
6270 1 0 0 193 358 1
6271 1 0 0 202 357 1
6272 1 0 0 376 396 1
6273 1 91 0 480 399 1
6274 1 91 0 480 399 1
6275 1 371 0 714 400 1
6276 1 526 0 834 381 1
6277 1 526 0 834 381 1
6278 1 766 0 1075 384 1
6279 1 892 0 1188 428 1
6280 1 892 0 1188 428 1
6281 1 1059 0 1399 475 1
6282 1 1146 0 1496 507 1
6283 1 1146 0 1496 507 1
6284 1 1308 19 1682 557 1
6285 1 1388 34 1784 562 1
6286 1 1388 34 1784 562 1
6287 1 1552 55 1918 609 1
6288 1 1552 55 1918 609 1
6289 1 1748 110 1918 654 1
6947 1 1248 0 1694 166 1
6948 1 1248 0 1694 166 1
6949 1 1461 0 1917 243 1
6950 1 1461 0 1917 243 1
6951 1 1625 0 1917 245 1
6952 1 1625 0 1917 245 1
6980 4 741 261 763 330 0
6981 4 741 264 761 337 0
6982 4 720 266 737 342 0
6983 4 717 262 742 341 0
6984 4 642 258 669 338 0
6985 4 635 247 674 338 0
6986 4 494 253 526 336 0
6987 4 492 245 520 329 0
6988 4 337 237 367 315 0
6989 4 340 231 365 308 0
6990 4 203 225 237 301 0
6991 4 201 229 231 312 0
6992 4 41 232 76 301 0
6993 4 41 232 76 301 0
6994 4 41 232 76 301 0
7005 1 1788 0 1920 360 1
7006 1 1788 0 1920 355 1
7007 1 1723 0 1920 343 1
7008 1 1730 0 1920 343 1
7009 1 1716 0 1920 322 1
7010 1 1710 0 1921 329 1
7011 1 1728 0 1920 321 1
7012 1 1722 0 1921 316 1
7013 1 1749 0 1921 321 1
7014 1 1773 0 1921 310 1
7015 1 1762 0 1920 302 1
7027 1 1420 0 1893 259 1
7028 1 1420 0 1888 259 1
7029 1 1057 0 1479 207 1
7030 1 1057 0 1465 217 1
7031 1 782 0 1173 167 1
7032 1 782 0 1173 167 1
7202 1 163 0 920 315 1
7203 1 163 0 920 315 1
7204 1 349 0 1115 347 1
7205 1 349 0 1115 347 1
7206 1 441 0 1168 374 1
7207 1 441 0 1168 374 1
7208 1 431 0 1168 395 1
7209 1 431 0 1168 395 1
7210 1 281 0 1132 425 1
7211 1 281 0 1132 425 1
7212 1 54 0 1011 453 1
7213 1 54 0 1011 453 1
7214 1 2 0 867 461 1
7215 1 2 0 867 461 1
7216 1 2 0 730 454 1
7217 1 2 0 730 454 1
7218 1 2 0 616 389 1
7219 1 2 0 616 389 1
7224 2 677 655 718 713 0
7224 3 767 663 800 693 0
7225 2 677 655 718 713 0
7225 3 767 663 800 693 0
7226 2 700 660 752 714 0
7226 3 800 667 836 698 0
7227 2 700 660 752 714 0
7227 3 800 667 836 698 0
7228 2 720 668 776 724 0
7228 3 827 677 863 708 0
7229 2 720 668 776 724 0
7229 3 827 677 863 708 0
7230 2 745 686 797 741 0
7230 3 848 696 887 729 0
7231 2 745 686 797 741 0
7231 3 848 696 887 729 0
7232 2 764 700 822 754 0
7232 3 874 711 909 738 0
7233 2 764 700 822 754 1
7233 3 874 711 909 738 0
7234 2 794 699 852 753 1
7234 3 901 711 939 741 0
7235 2 794 699 852 753 1
7235 3 904 711 939 743 0
7236 2 826 704 884 758 1
7236 3 939 717 977 745 0
7237 2 826 704 884 758 1
7237 3 939 717 977 745 0
7238 2 847 710 905 764 1
7238 3 963 721 1001 755 0
7239 2 847 710 909 764 1
7239 3 963 721 1001 755 0
7240 2 867 717 925 774 1
7240 3 981 730 1020 766 0
7241 2 867 717 925 775 1
7241 3 981 730 1020 766 0
7242 2 893 721 952 780 1
7242 3 1008 738 1042 772 0
7243 2 893 717 952 776 1
7243 3 1008 738 1042 772 0
7244 2 934 689 1008 762 1
7244 3 1061 716 1090 743 0
7245 2 938 686 1012 759 1
7245 3 1058 716 1089 746 0
7246 2 1014 649 1088 722 1
7246 3 1133 677 1173 708 0
7247 2 1014 649 1083 720 1
7247 3 1133 677 1173 708 0
7248 2 1069 627 1129 697 1
7248 3 1183 654 1224 700 0
7249 2 1069 627 1129 697 0
7249 3 1183 654 1224 700 0
7250 2 1069 627 1129 697 0
7250 3 1183 654 1224 692 0
7251 2 1112 581 1173 640 0
7251 3 1230 607 1272 645 0
7252 2 1114 585 1175 644 0
7252 3 1230 607 1272 645 0
7253 2 1176 579 1237 638 0
7253 3 1293 600 1324 635 0
7254 2 1176 579 1237 638 0
7254 3 1293 600 1324 635 0
7255 2 1236 572 1294 631 0
7255 3 1353 588 1388 625 0
7256 2 1236 572 1294 631 0
7256 3 1355 588 1387 620 0
7257 2 1289 557 1347 616 0
7257 3 1414 575 1445 608 0
7258 2 1291 557 1349 616 0
7258 3 1410 573 1447 604 0
7259 2 1335 564 1393 623 0
7259 3 1455 583 1494 618 0
7260 2 1351 565 1410 628 0
7260 3 1473 585 1515 620 0
7261 2 1351 565 1410 628 0
7261 3 1473 585 1514 624 0
7262 2 1382 579 1441 642 0
7262 3 1512 600 1549 634 0
7263 2 1382 579 1441 642 0
7263 3 1512 600 1549 634 0
7264 2 1443 599 1502 662 0
7264 3 1578 621 1614 655 0
7265 2 1443 599 1502 662 0
7265 3 1578 624 1609 655 0
7266 2 1486 623 1545 686 0
7266 3 1612 646 1661 687 0
7267 2 1486 622 1545 685 0
7267 3 1612 646 1661 687 0
7268 2 1493 651 1560 717 0
7268 3 1626 674 1675 715 0
7269 2 1493 651 1560 717 0
7269 3 1626 674 1675 715 0
7270 2 1510 660 1577 726 0
7270 3 1644 678 1697 721 0
7271 2 1510 660 1577 726 0
7271 3 1644 678 1697 721 0
7272 2 1545 630 1612 696 0
7272 3 1688 648 1738 690 0
7273 2 1545 630 1612 696 0
7273 3 1688 648 1738 690 0
7274 2 1545 630 1612 696 0
7274 3 1688 648 1738 690 0
7275 2 1645 572 1712 638 0
7275 3 1793 590 1841 626 0
7276 2 1645 572 1712 638 0
7276 3 1793 590 1841 626 0
7277 2 1688 543 1761 612 0
7277 3 1845 565 1894 615 0
7278 2 1688 543 1761 612 0
7278 3 1845 565 1894 615 0
7279 2 1727 526 1797 603 0
7279 3 1887 551 1918 596 0
7280 2 1727 526 1797 603 0
7280 3 1887 551 1918 596 0
7281 2 1761 518 1831 595 0
7282 2 1761 518 1831 595 0
7283 2 1779 529 1849 606 0
7284 2 1779 529 1849 606 0
7285 2 1804 553 1874 630 0
7286 2 1804 553 1874 630 0
7287 2 1814 590 1884 667 0
7288 2 1814 590 1884 667 0
7289 2 1824 653 1894 730 0
7290 2 1824 653 1894 730 1
7291 2 1855 681 1919 764 1
7292 2 1855 681 1919 764 1
7293 2 1882 650 1919 738 1
7294 2 1882 650 1919 738 1
7369 4 489 307 529 359 0
7370 4 485 305 529 359 0
7371 4 526 304 575 351 0
7372 4 527 303 573 358 0
7373 4 553 310 599 365 0
7374 4 553 310 599 362 0
7375 4 561 336 605 387 0
7376 4 561 336 605 387 0
7377 4 549 348 593 399 0
7378 4 549 348 593 399 0
7379 4 532 342 576 393 0
7380 4 532 342 576 393 0
7381 4 508 337 552 388 0
7382 4 492 338 536 389 0
7383 4 492 338 536 389 0
7384 4 451 337 495 388 0
7385 4 451 337 495 388 0
7386 4 410 327 454 378 0
7387 4 410 327 454 378 0
7388 4 374 311 418 362 0
7389 4 374 311 418 362 0
7390 4 347 274 396 316 0
7391 4 347 274 396 316 0
7392 4 356 232 405 274 0
7393 4 356 232 405 274 0
7394 4 353 206 403 266 0
7395 4 353 206 403 266 0
7396 4 353 206 403 266 0
7397 4 375 222 428 278 0
7398 4 376 222 428 277 0
7399 4 490 225 529 272 0
7400 4 487 233 531 278 0
7401 4 618 241 658 290 0
7402 4 620 244 655 296 0
7403 4 753 275 795 317 0
7404 4 759 268 793 327 0
7405 4 868 275 893 338 0
7406 4 868 278 890 340 0
7407 4 931 281 968 342 0
7408 4 931 281 968 342 0
7409 4 995 284 1027 336 0
7410 4 995 284 1026 330 0
7411 4 1033 301 1066 343 0
7412 4 1033 301 1066 343 0
7413 4 1065 306 1104 351 0
7414 4 1065 306 1104 351 0
7415 4 1076 324 1120 375 0
7416 4 1076 324 1120 375 0
7417 4 1067 353 1105 395 0
7418 4 1067 353 1105 395 0
7419 4 1037 376 1076 425 0
7420 4 1032 376 1076 426 0
7421 4 984 376 1018 425 0
7422 4 984 376 1018 425 0
7434 1 1584 0 1919 348 1
7435 1 1582 0 1919 373 1
7436 1 1426 1 1919 398 1
7437 1 1426 1 1919 398 1
7438 1 1265 1 1817 398 1
7439 1 1265 1 1817 398 1
7440 1 1087 1 1607 394 1
7441 1 1087 1 1607 394 1
7442 1 882 1 1445 411 1
7443 1 821 1 1361 435 1
7444 1 821 1 1361 435 1
7445 1 628 1 1235 465 1
7445 2 1789 444 1874 575 1
7446 1 628 1 1235 465 1
7446 2 1789 444 1874 575 1
7447 1 475 1 1110 470 1
7447 2 1617 448 1717 574 1
7448 1 475 1 1110 470 1
7448 2 1617 448 1717 574 1
7449 1 319 1 987 452 1
7449 2 1487 432 1589 554 1
7450 1 319 1 987 452 0
7450 2 1487 432 1589 554 1
7451 1 150 1 808 418 0
7451 2 1392 403 1487 519 1
7451 3 1827 482 1905 538 0
7452 1 150 1 791 402 0
7452 2 1390 408 1486 518 1
7452 3 1839 489 1907 516 0
7453 1 52 1 663 379 0
7453 2 1305 359 1401 483 1
7453 3 1720 436 1805 487 0
7454 1 52 1 663 379 0
7454 2 1305 359 1401 483 1
7454 3 1720 436 1805 483 0
7455 1 1 1 584 338 0
7455 2 1238 316 1327 442 1
7455 3 1626 385 1712 427 0
7456 1 1 1 584 338 0
7456 2 1238 316 1327 442 0
7456 3 1633 389 1706 426 0
7457 1 1 1 409 291 0
7457 2 1176 275 1276 405 0
7457 3 1550 343 1640 385 0
7458 1 1 1 409 291 0
7458 2 1176 275 1276 405 0
7458 3 1563 345 1624 385 0
7459 1 1 1 269 236 0
7459 2 1126 239 1223 370 0
7459 3 1495 309 1573 361 0
7460 1 1 1 247 230 0
7460 2 1121 239 1224 366 0
7460 3 1493 310 1571 357 0
7461 2 1096 208 1195 327 0
7461 3 1458 270 1532 317 0
7462 2 1096 208 1195 327 0
7462 3 1459 275 1525 322 0
7463 2 1081 161 1186 297 0
7463 3 1437 234 1518 283 0
7464 2 1081 161 1186 297 0
7464 3 1437 237 1518 288 0
7465 2 1091 144 1187 277 0
7465 3 1437 207 1518 268 0
7466 2 1091 144 1187 277 0
7466 3 1446 201 1532 265 0
7467 2 1108 126 1213 263 0
7467 3 1454 195 1545 263 0
7468 2 1106 129 1216 268 0
7468 3 1451 198 1537 250 0
7469 2 1166 133 1262 269 0
7469 3 1527 201 1608 240 0
7470 2 1166 133 1262 269 0
7470 3 1527 201 1608 240 0
7471 2 1257 166 1353 302 0
7472 2 1257 166 1353 302 0
7475 1 2 0 383 398 1
7476 1 2 0 383 398 1
7477 1 16 0 624 519 1
7478 1 38 0 612 542 1
7479 1 134 0 732 601 1
7480 1 134 0 732 601 1
7481 1 181 0 733 627 1
7482 1 181 0 733 627 1
7483 1 181 0 733 627 1
7484 1 190 0 733 632 1
7485 1 190 0 733 632 1
7486 1 190 0 733 632 1
7487 1 190 0 733 632 1
7488 1 190 0 706 637 1
7489 1 127 0 679 583 1
7490 1 139 0 679 579 1
7491 1 2 0 581 481 1
7492 1 2 0 581 481 1
7493 1 2 0 380 361 1
7494 1 2 0 380 361 1
7833 1 0 10 159 712 0
7834 1 0 10 159 712 0
7835 1 0 10 159 712 0
7836 1 0 10 159 712 0
7837 1 0 10 159 712 0
7838 1 0 10 159 712 0
7839 1 0 10 159 712 0
7840 1 0 10 159 712 0
7841 1 0 10 159 712 0
7842 1 0 10 188 713 0
7843 1 0 10 188 713 0
7844 1 0 10 188 713 0
7845 1 0 10 182 665 0
7846 1 0 10 182 665 0
7847 1 0 10 182 665 0
7848 1 0 10 173 592 1
7849 1 0 10 173 592 1
8187 1 1 675 313 1077 0
8188 1 1 675 313 1077 0
8189 1 1 552 382 1077 0
8190 1 1 552 382 1077 0
8191 1 1 366 406 975 0
8192 1 1 366 406 975 0
8193 1 1 219 392 778 0
8194 1 1 219 392 778 0
8195 1 1 35 267 636 0
8196 1 1 35 284 626 0
8272 5 462 96 562 308 0
8273 5 463 109 559 311 0
8274 5 395 42 546 260 0
8275 5 395 42 546 260 0
8276 5 336 1 543 213 0
8277 5 336 1 543 213 0
8278 5 340 1 542 172 0
8279 5 340 1 542 172 0
8280 5 367 1 578 151 0
8281 5 367 1 578 151 0
8282 5 427 1 652 194 0
8283 5 427 1 652 194 0
8284 5 534 1 736 220 0
8285 5 534 1 736 220 0
8286 5 644 1 835 232 0
8287 5 644 1 835 232 0
8288 5 753 38 944 269 0
8289 5 753 38 944 276 0
8290 5 865 76 1042 324 0
8291 5 865 76 1042 324 0
8292 5 1014 110 1191 358 0
8293 5 1014 110 1199 351 0
8294 5 1146 167 1341 401 0
8295 5 1146 167 1341 401 0
8296 5 1261 224 1456 458 0
8297 5 1261 224 1463 466 0
8298 5 1380 265 1582 507 0
8299 5 1380 265 1582 507 0
8300 5 1463 320 1675 569 0
8301 5 1463 320 1675 569 0
8302 5 1528 404 1773 653 0
8303 5 1528 404 1773 653 0
8304 5 1590 465 1841 736 0
8305 5 1590 465 1841 736 0
8306 5 1647 516 1898 787 0
8307 5 1647 516 1898 787 0
8308 5 1691 554 1919 835 0
8309 5 1691 554 1919 835 0
8310 5 1763 593 1919 868 0
8311 5 1763 593 1919 868 0
8312 5 1819 642 1919 887 0
8313 5 1819 642 1919 887 0
8322 1 1 425 158 723 0
8323 1 9 413 257 710 0
8324 1 3 415 251 712 0
8325 1 181 407 439 690 0
8326 1 181 407 439 690 0
8327 1 353 395 598 665 1
8328 1 359 402 598 659 1
8329 1 473 386 712 643 1
8330 1 473 386 720 631 1
8331 1 569 349 800 610 1
8332 1 569 349 805 616 1
8333 1 663 316 899 583 1
8334 1 663 316 899 583 1
8335 1 744 276 1000 552 1
8336 1 746 247 1001 582 1
8337 1 833 211 1078 514 1
8338 1 833 211 1078 514 1
8339 1 948 189 1191 475 1
8340 1 948 189 1191 475 1
8341 1 1042 156 1279 450 1
8342 1 1042 156 1279 450 1
8343 1 1109 131 1346 431 1
8344 1 1109 131 1343 438 1
8345 1 1166 102 1400 415 1
8346 1 1166 102 1400 415 1
8347 1 1219 77 1453 390 1
8348 1 1219 77 1453 390 1
8349 1 1219 0 1529 351 1
8350 1 1223 0 1529 343 1
8351 1 1271 0 1584 312 1
8352 1 1271 0 1584 312 1
8353 1 1319 0 1674 269 1
8354 1 1319 0 1668 275 1
8355 1 1367 0 1743 215 1
8356 1 1379 0 1743 206 1
8357 1 1379 0 1743 206 1
8358 1 1492 0 1844 124 1
8359 1 1492 0 1857 127 1
8380 1 1356 0 1837 139 0
8381 1 1356 0 1838 166 0
8382 1 1356 0 1810 163 0
8383 1 1356 0 1801 167 0
8384 1 1356 0 1673 123 0
8385 1 1356 0 1675 110 0
8386 1 1278 0 1651 105 0
8387 1 1278 0 1651 105 0
8388 1 1278 0 1659 102 0
8389 1 1278 0 1659 102 0
8960 1 2 0 294 664 1
8961 1 2 0 294 664 1
8962 1 2 0 364 720 1
8963 1 2 0 364 720 1
8964 1 2 0 364 720 1
8965 1 2 0 364 720 1
8966 1 2 0 364 681 1
8967 1 2 0 364 681 1
8968 1 2 0 356 645 1
8969 1 2 0 356 645 1
8970 1 2 0 332 607 1
8971 1 2 0 332 607 1
8972 1 2 0 342 539 1
8973 1 2 0 327 521 1
8974 1 2 0 381 449 1
8975 1 2 0 378 417 1
8976 1 2 0 380 405 1
8977 1 2 0 380 405 1
8978 1 2 0 320 304 0
8979 1 2 0 320 304 0
