0 1 0 0 238 191 0
1 1 0 0 243 191 0
2 1 0 0 240 191 0
3 1 0 0 236 191 0
4 1 0 0 232 191 0
5 1 0 0 229 191 0
6 1 0 0 225 191 0
7 1 0 0 221 191 0
8 1 0 0 217 192 0
9 1 0 0 212 194 0
10 1 0 0 207 196 0
11 1 0 0 203 197 0
12 1 0 0 198 199 0
13 1 0 0 193 201 0
14 1 0 0 189 202 0
15 1 0 0 184 204 0
16 1 0 0 180 204 0
17 1 0 0 176 204 0
18 1 0 0 173 204 0
19 1 0 0 169 204 0
20 1 0 0 165 204 0
21 1 0 0 161 204 0
22 1 0 0 157 204 0
23 1 0 0 153 204 0
24 1 0 0 150 204 0
25 1 0 0 146 204 0
26 1 0 0 145 204 0
27 1 0 0 145 204 0
28 1 0 1 144 205 0
29 1 0 1 144 205 0
30 1 0 1 144 205 0
31 1 0 1 143 205 0
32 1 0 2 143 205 0
33 1 0 2 142 205 0
34 1 0 2 142 205 0
35 1 0 2 142 205 0
36 1 0 3 141 206 0
37 1 0 3 141 206 0
38 1 0 3 140 206 0
39 1 0 3 140 206 0
40 1 0 4 140 207 0
41 1 0 4 139 207 0
42 1 0 4 139 207 0
43 1 0 5 138 208 0
44 1 0 5 138 208 0
45 1 0 5 138 208 0
46 1 0 5 137 208 0
47 1 0 6 137 208 0
48 1 0 7 136 206 0
49 1 0 9 135 205 0
50 1 0 10 134 202 0
51 1 0 12 133 201 0
52 1 0 14 132 199 0
53 1 0 15 131 197 0
54 1 0 17 131 196 0
55 1 0 18 130 193 0
56 1 0 20 129 192 0
57 1 0 21 128 189 0
58 1 0 23 127 188 0
59 1 0 25 126 187 0
60 1 0 26 125 184 0
61 1 0 28 124 183 0
62 1 0 29 123 180 0
63 1 0 31 121 179 0
64 1 0 12 120 177 0
65 1 0 7 138 164 0
66 1 0 7 135 161 0
67 1 0 0 146 159 0
68 1 0 0 149 157 0
69 1 0 0 175 172 0
70 1 0 0 198 170 0
71 1 0 0 198 168 0
72 1 24 0 235 166 0
73 1 33 0 233 165 0
74 1 41 0 273 163 0
75 1 49 0 302 161 0
76 1 71 0 299 151 0
77 1 92 0 354 141 0
78 1 114 0 384 132 0
79 1 135 0 383 122 0
80 1 157 0 436 112 0
81 1 178 0 443 102 0
107 4 0 1 91 226 0
108 4 0 1 93 226 0
109 4 0 1 195 163 0
110 4 0 1 225 158 0
111 4 0 1 220 158 0
112 4 24 1 306 137 0
113 4 24 1 346 119 0
114 4 24 1 344 119 0
441 2 467 170 526 267 0
442 2 479 170 535 258 0
443 2 645 109 705 217 0
444 2 639 126 709 220 0
445 2 719 62 815 171 0
446 2 752 32 845 157 0
447 2 756 40 853 158 0
448 2 799 1 889 137 0
449 2 799 1 887 137 0
450 2 811 1 904 101 0
451 2 796 1 874 78 0
452 2 796 1 873 78 0
1039 5 1126 347 1151 381 0
1039 6 848 339 876 381 0
1040 5 1126 348 1148 383 0
1040 6 852 338 877 375 0
1041 5 1069 369 1104 407 0
1041 6 803 368 832 407 0
1042 5 1069 370 1103 410 0
1042 6 798 368 832 404 0
1043 5 1039 389 1073 432 0
1043 6 765 392 800 428 0
1043 4 1337 440 1377 493 0
1044 5 1024 403 1058 443 0
1044 6 752 404 786 438 0
1044 4 1320 449 1351 504 0
1044 1 1200 461 1233 499 0
1045 5 1023 406 1061 442 0
1045 6 752 402 788 439 0
1045 4 1323 449 1353 503 0
1045 1 1200 461 1232 499 0
1046 5 1003 431 1040 472 0
1046 6 735 430 769 465 0
1046 4 1295 472 1323 517 0
1046 1 1179 486 1211 526 0
1047 5 998 430 1043 470 0
1047 6 732 430 767 472 0
1047 4 1298 468 1323 519 0
1047 1 1178 486 1211 526 0
1048 5 985 462 1030 500 0
1048 6 725 462 759 502 0
1048 4 1272 507 1312 555 0
1048 1 1164 515 1199 552 0
1049 5 985 475 1029 513 0
1049 6 720 472 758 514 0
1049 4 1268 520 1306 571 1
1049 1 1164 532 1199 569 0
1050 5 986 474 1031 514 0
1050 6 722 472 756 514 0
1050 4 1268 523 1306 567 1
1050 1 1164 532 1198 569 0
1051 5 990 492 1031 538 0
1051 6 734 489 768 528 0
1051 4 1268 552 1306 593 1
1051 1 1174 552 1203 592 0
1052 5 992 493 1032 538 0
1052 6 735 490 765 532 0
1052 4 1268 549 1313 597 1
1052 1 1174 552 1203 592 0
1053 5 1013 502 1051 538 0
1053 6 764 496 793 532 0
1053 4 1293 564 1327 611 1
1053 1 1202 562 1227 598 0
1054 5 1035 498 1065 541 0
1054 6 791 492 813 525 0
1054 4 1314 562 1344 610 1
1054 1 1222 569 1245 599 0
1055 5 1035 500 1065 540 0
1055 6 792 496 811 528 0
1055 4 1304 560 1346 612 1
1055 1 1221 569 1245 599 0
1056 5 1089 501 1117 541 0
1056 6 853 490 872 523 0
1056 4 1359 567 1399 622 1
1056 1 1280 577 1297 600 0
1057 5 1086 501 1117 539 0
1057 6 854 492 871 524 0
1057 4 1362 569 1395 617 1
1057 1 1280 577 1300 600 0
1058 5 1124 527 1158 564 0
1058 6 894 521 917 549 0
1058 4 1400 598 1442 646 1
1058 1 1320 598 1349 629 0
1059 5 1132 548 1166 585 0
1059 6 907 542 933 578 0
1059 4 1411 613 1449 670 1
1059 1 1332 618 1360 649 0
1060 5 1134 547 1169 587 0
1060 6 905 544 934 582 0
1060 4 1408 614 1450 662 1
1060 1 1332 618 1364 649 0
1061 5 1134 584 1176 626 0
1061 6 920 581 954 621 0
1061 4 1415 653 1458 704 1
1061 1 1338 653 1374 693 0
1062 5 1132 604 1174 643 0
1062 6 921 600 953 639 0
1062 4 1414 667 1459 721 1
1062 1 1338 672 1377 708 0
1063 5 1135 602 1173 646 0
1063 6 920 599 951 641 0
1063 4 1415 666 1458 719 1
1063 1 1338 672 1377 712 0
1064 5 1128 624 1171 670 0
1064 6 921 621 957 663 0
1064 4 1405 690 1452 743 1
1064 1 1338 697 1377 740 0
1064 14 1082 637 1118 680 0
1065 5 1126 628 1167 672 0
1065 6 922 628 956 669 0
1065 4 1402 699 1445 750 1
1065 1 1338 704 1377 751 0
1065 14 1082 642 1118 687 0
1066 5 1126 630 1166 670 0
1066 6 922 624 956 665 0
1066 4 1405 694 1449 751 1
1066 1 1338 704 1375 751 0
1066 14 1082 642 1121 689 0
1067 5 1126 636 1166 681 0
1067 6 926 630 960 673 0
1067 4 1398 707 1441 766 1
1067 1 1335 716 1372 761 0
1067 14 1082 647 1117 690 0
1068 5 1124 641 1164 683 0
1068 6 926 634 960 675 0
1068 4 1395 714 1437 772 1
1068 1 1335 722 1372 768 0
1068 14 1082 657 1117 697 0
1069 5 1122 642 1163 685 0
1069 6 927 636 957 676 0
1069 4 1393 715 1439 772 1
1069 1 1336 722 1372 768 0
1069 14 1082 657 1117 696 0
1070 5 1125 655 1161 700 0
1070 6 929 642 966 684 0
1070 4 1392 731 1437 794 1
1070 1 1336 742 1372 785 0
1070 14 1082 670 1117 709 0
1071 5 1124 657 1163 704 0
1071 6 934 647 968 687 0
1071 4 1391 740 1441 799 1
1071 1 1336 748 1372 793 0
1071 14 1085 670 1117 709 0
1072 5 1126 660 1164 707 0
1072 6 930 648 969 690 0
1072 4 1394 741 1441 802 1
1072 1 1336 748 1372 793 0
1072 14 1085 674 1117 710 0
1073 5 1126 665 1165 709 0
1073 6 936 652 972 694 0
1073 4 1394 754 1443 812 1
1073 1 1336 758 1372 805 0
1073 14 1085 674 1119 718 0
1074 5 1126 666 1163 712 0
1074 6 938 648 972 690 0
1074 4 1394 763 1439 815 1
1074 1 1336 763 1368 805 0
1074 14 1085 679 1119 718 0
1075 5 1125 666 1162 712 0
1075 6 935 648 970 685 0
1075 4 1394 763 1437 815 1
1075 1 1336 763 1368 805 0
1075 14 1085 679 1119 717 0
1076 5 1117 662 1158 706 0
1076 6 934 643 968 684 0
1076 4 1387 759 1434 818 1
1076 1 1329 761 1363 804 0
1076 14 1082 676 1112 719 0
1077 5 1115 661 1156 702 0
1077 6 933 636 967 676 0
1077 4 1389 760 1430 812 1
1077 1 1325 757 1363 805 0
1077 14 1079 670 1113 708 0
1078 5 1118 654 1157 701 0
1078 6 932 636 966 675 0
1078 4 1386 756 1433 813 1
1078 1 1325 758 1363 805 0
1078 14 1079 670 1113 708 0
1079 5 1118 643 1158 686 0
1079 6 936 621 968 661 0
1079 4 1386 744 1434 799 0
1079 1 1325 743 1363 791 0
1079 14 1082 652 1116 692 0
1080 5 1122 644 1157 687 0
1080 6 935 620 969 662 0
1080 4 1387 744 1431 801 0
1080 1 1325 743 1363 791 0
1080 14 1082 652 1116 694 0
1081 5 1123 634 1158 680 0
1081 6 937 610 970 652 0
1081 4 1391 732 1437 786 0
1081 1 1325 735 1363 779 0
1081 14 1086 645 1119 685 0
1082 5 1118 632 1160 679 0
1082 6 935 610 971 650 0
1082 4 1384 725 1433 781 0
1082 1 1322 730 1363 774 0
1082 14 1086 645 1119 682 0
1083 5 1119 631 1158 677 0
1083 6 932 610 966 648 0
1083 4 1384 724 1434 779 0
1083 1 1322 733 1363 775 0
1083 14 1086 645 1119 680 0
1084 5 1122 627 1161 671 0
1084 6 934 606 968 646 0
1084 4 1387 714 1431 770 0
1084 1 1322 723 1363 767 0
1084 14 1088 639 1119 678 0
1085 5 1126 623 1166 669 0
1085 6 937 600 971 642 0
1085 4 1382 710 1430 762 0
1085 1 1322 723 1363 762 0
1085 14 1092 636 1124 675 0
1086 5 1129 622 1166 668 0
1086 6 938 598 974 638 0
1086 4 1382 705 1429 761 0
1086 1 1325 716 1363 763 0
1086 14 1096 632 1128 671 0
1087 5 1127 620 1167 667 0
1087 6 936 598 972 640 0
1087 4 1384 703 1431 763 0
1087 1 1325 716 1366 759 0
1087 14 1095 632 1128 676 0
1088 5 1134 618 1175 663 0
1088 6 945 591 979 634 0
1088 4 1380 698 1427 760 0
1088 1 1329 712 1368 752 0
1088 14 1105 630 1134 663 0
1089 5 1134 618 1175 664 0
1089 6 945 592 979 634 0
1089 4 1379 698 1425 762 0
1089 1 1329 712 1368 752 0
1089 14 1106 630 1133 663 0
1090 5 1150 610 1188 653 0
1090 6 961 583 991 622 0
1090 4 1389 693 1435 753 0
1090 1 1339 705 1379 745 0
1091 5 1159 599 1198 646 0
1091 6 969 574 999 614 0
1091 4 1391 682 1439 740 0
1091 1 1347 694 1385 731 0
1092 5 1158 598 1198 644 0
1092 6 971 574 1002 612 0
1092 4 1386 679 1439 741 0
1092 1 1347 694 1385 733 0
1099 6 1310 66 1344 113 0
1099 4 1750 176 1817 252 0
1100 6 1310 66 1347 112 0
1100 4 1756 174 1825 234 0
1101 5 1561 14 1606 59 0
1101 6 1331 0 1363 29 0
1101 4 1773 97 1847 169 0
1102 5 1561 14 1605 59 0
1102 6 1331 0 1363 29 0
1102 4 1774 97 1847 175 0
1103 4 1808 52 1880 128 0
1104 4 1835 38 1902 114 0
1105 4 1830 42 1900 114 0
1106 4 1864 15 1918 96 0
1107 4 1871 15 1918 105 0
1108 4 1854 16 1916 116 0
1116 5 1129 592 1164 631 0
1116 6 934 568 963 606 0
1116 4 1273 643 1330 693 0
1117 5 1122 613 1164 656 0
1117 6 928 594 959 639 0
1117 4 1273 664 1330 715 0
1118 5 1123 614 1163 650 0
1118 6 929 594 961 637 0
1118 4 1273 664 1326 715 0
1119 5 1125 639 1169 682 0
1119 6 930 625 963 665 0
1119 4 1273 686 1328 746 0
1119 1 1323 718 1357 752 0
1120 5 1131 640 1169 684 0
1120 6 932 624 966 668 0
1120 4 1273 685 1328 746 0
1120 1 1322 717 1356 754 0
1121 5 1133 661 1178 708 0
1121 6 940 651 974 689 0
1121 4 1273 705 1327 764 0
1121 1 1339 736 1368 777 1
1122 5 1138 670 1179 713 0
1122 6 942 663 977 703 0
1122 4 1273 713 1327 778 0
1122 1 1343 742 1375 781 1
1123 5 1137 671 1180 719 0
1123 6 944 662 978 703 0
1123 4 1273 713 1327 775 0
1123 1 1343 741 1375 780 1
1124 5 1148 684 1192 724 0
1124 6 953 675 987 718 0
1124 4 1273 719 1327 784 0
1124 1 1361 752 1392 790 1
1125 5 1158 686 1197 727 0
1125 6 962 678 993 719 0
1125 4 1273 721 1327 784 0
1125 1 1370 752 1400 790 1
1126 5 1156 680 1201 726 0
1126 6 961 676 993 719 0
1126 4 1273 721 1329 784 0
1126 1 1370 752 1400 790 1
1127 5 1169 671 1212 719 0
1127 6 972 673 1004 710 0
1127 4 1273 709 1329 779 0
1127 1 1382 742 1415 780 1
1128 5 1172 668 1215 713 0
1128 6 973 662 1007 705 0
1128 4 1273 709 1329 774 0
1128 1 1382 742 1420 780 1
1129 5 1171 666 1215 713 0
1129 6 970 662 1007 704 0
1129 4 1273 703 1329 773 0
1129 1 1382 738 1420 780 1
1130 5 1174 658 1218 704 0
1130 6 972 652 1006 694 0
1130 4 1268 694 1323 763 0
1130 1 1387 730 1421 767 1
1131 5 1172 656 1216 706 0
1131 6 974 652 1010 694 0
1131 4 1268 694 1320 766 0
1131 1 1387 730 1421 767 1
1132 5 1183 645 1226 694 0
1132 6 983 638 1017 681 0
1132 4 1268 681 1324 750 0
1132 1 1396 723 1426 761 1
1133 5 1191 639 1231 684 0
1133 6 992 628 1025 670 0
1133 4 1268 675 1327 748 0
1133 1 1407 718 1436 756 1
1134 5 1200 634 1239 681 0
1134 6 998 621 1031 665 0
1134 4 1280 668 1335 740 0
1134 1 1414 713 1442 746 1
1135 5 1198 634 1238 680 0
1135 6 996 620 1032 666 0
1135 4 1280 668 1332 740 0
1135 1 1414 713 1443 749 1
1136 5 1210 623 1252 672 0
1136 6 1012 610 1043 653 0
1136 4 1290 662 1346 731 0
1136 1 1426 706 1458 748 1
1137 5 1217 616 1259 665 0
1137 6 1016 600 1050 646 0
1137 4 1290 656 1352 726 0
1137 1 1427 701 1465 743 1
1138 5 1217 616 1259 665 0
1138 6 1018 604 1051 642 0
1138 4 1294 656 1351 726 0
1138 1 1427 701 1465 743 1
1139 5 1227 605 1270 653 0
1139 6 1028 587 1059 628 0
1139 4 1311 645 1363 719 0
1139 1 1438 694 1472 733 1
1139 7 1675 822 1694 886 0
1140 5 1227 606 1268 653 0
1140 6 1026 588 1058 630 0
1140 4 1311 646 1363 719 0
1140 1 1438 693 1472 734 1
1140 7 1675 822 1694 886 0
1141 5 1239 592 1283 642 0
1141 6 1037 572 1069 618 0
1141 4 1328 637 1384 712 0
1141 1 1447 684 1481 723 1
1141 7 1684 820 1723 874 0
1142 5 1246 586 1288 635 0
1142 6 1044 563 1079 606 0
1142 4 1334 634 1394 707 0
1142 1 1454 681 1489 724 1
1142 7 1688 820 1734 874 0
1143 5 1246 586 1284 632 0
1143 6 1040 564 1079 609 0
1143 4 1334 641 1386 707 0
1143 1 1448 681 1489 720 1
1143 7 1692 810 1741 870 0
1144 5 1254 569 1297 622 0
1144 6 1053 546 1089 586 0
1144 4 1351 623 1413 689 0
1144 1 1455 666 1495 703 1
1144 7 1696 800 1748 867 0
1145 5 1258 556 1303 608 0
1145 6 1054 535 1089 580 0
1145 4 1368 611 1424 679 0
1145 1 1455 657 1495 695 1
1145 7 1696 800 1744 854 0
1146 5 1256 560 1301 608 0
1146 6 1056 534 1086 576 0
1146 4 1359 610 1427 682 0
1146 1 1456 646 1493 685 0
1146 7 1696 800 1752 854 0
1147 5 1259 536 1304 585 0
1147 6 1056 506 1090 543 0
1147 4 1372 593 1438 658 0
1147 1 1456 635 1490 676 0
1147 7 1694 783 1740 837 0
1148 5 1255 535 1303 583 0
1148 6 1056 506 1092 546 0
1148 4 1372 593 1436 658 0
1148 1 1456 635 1490 676 0
1148 7 1694 783 1741 837 0
1149 5 1249 512 1289 555 0
1149 6 1048 472 1080 512 0
1149 4 1372 569 1434 631 1
1149 1 1437 615 1461 651 0
1149 8 1830 826 1881 894 0
1149 7 1668 769 1713 823 0
1150 5 1238 495 1281 537 0
1150 6 1041 455 1072 500 0
1150 4 1363 557 1427 614 1
1150 1 1425 601 1448 635 0
1150 8 1807 819 1869 887 0
1150 7 1648 759 1695 808 0
1151 5 1240 497 1282 538 0
1151 6 1044 456 1069 487 0
1151 4 1370 556 1427 612 1
1151 1 1425 601 1450 635 0
1151 8 1807 819 1870 887 0
1151 7 1648 759 1692 808 0
1152 5 1224 466 1266 507 0
1152 6 1028 423 1053 460 0
1152 4 1342 533 1409 594 1
1152 1 1395 574 1425 611 0
1152 8 1768 806 1835 865 0
1152 7 1613 743 1659 793 0
1153 5 1213 462 1250 514 0
1153 6 1019 419 1041 447 0
1153 4 1334 533 1402 587 1
1153 1 1382 574 1409 607 0
1153 8 1747 806 1815 872 0
1153 7 1601 743 1646 798 0
1154 5 1212 461 1255 513 0
1154 6 1019 419 1043 447 0
1154 4 1334 528 1402 587 1
1154 1 1382 572 1409 608 0
1154 8 1747 806 1815 864 0
1154 7 1601 743 1644 798 0
1155 5 1190 469 1226 517 0
1155 6 991 423 1017 454 0
1155 4 1311 528 1375 595 1
1155 1 1355 578 1382 617 0
1155 8 1722 806 1786 866 0
1155 7 1571 743 1616 795 0
1156 5 1188 467 1226 518 0
1156 6 991 423 1016 454 0
1156 4 1311 528 1375 595 1
1156 1 1355 578 1382 617 0
1156 8 1727 806 1786 866 0
1156 7 1571 743 1619 795 0
1157 5 1166 474 1203 522 0
1157 6 969 430 994 459 0
1157 4 1291 538 1351 604 1
1157 1 1329 584 1357 627 0
1157 8 1698 812 1760 868 0
1157 7 1550 743 1592 795 0
1158 5 1152 479 1189 527 0
1158 6 953 434 979 465 0
1158 4 1277 541 1350 604 1
1158 1 1310 589 1339 626 0
1158 14 1108 482 1134 512 0
1158 8 1681 812 1749 872 0
1158 7 1533 743 1574 792 0
1159 5 1153 478 1188 527 0
1159 6 953 434 979 465 0
1159 4 1278 545 1333 603 1
1159 1 1310 589 1339 626 0
1159 14 1108 482 1134 512 0
1159 8 1681 815 1740 873 0
1159 7 1533 744 1574 791 0
1160 5 1123 479 1157 526 0
1160 6 921 434 948 465 0
1160 4 1245 543 1298 605 1
1160 1 1284 587 1307 623 0
1160 14 1079 484 1108 514 0
1160 8 1650 810 1708 863 0
1160 7 1504 744 1534 796 0
1161 5 1108 480 1141 527 0
1161 6 906 436 932 465 0
1161 4 1230 543 1281 599 1
1161 1 1268 587 1290 622 0
1161 14 1070 484 1096 515 0
1161 8 1629 810 1684 861 0
1161 7 1485 736 1519 798 0
1162 5 1106 482 1143 528 0
1162 6 906 436 933 464 0
1162 4 1230 543 1281 599 1
1162 1 1268 587 1290 622 0
1162 14 1070 484 1097 515 0
1162 8 1630 810 1684 861 0
1162 7 1485 736 1519 798 0
1163 5 1082 483 1115 529 0
1163 6 875 436 903 459 0
1163 4 1191 543 1247 613 1
1163 1 1233 582 1259 620 0
1163 14 1038 487 1070 515 0
1163 8 1592 805 1643 860 0
1163 7 1452 736 1486 796 0
1164 5 1069 484 1102 529 0
1164 6 862 436 890 459 0
1164 4 1173 544 1234 614 1
1164 1 1219 584 1248 621 0
1164 14 1027 487 1057 515 0
1164 8 1581 805 1629 860 0
1164 7 1438 736 1472 796 0
1165 5 1068 483 1103 529 0
1165 6 860 435 891 458 0
1165 4 1173 544 1234 614 1
1165 1 1219 584 1248 621 0
1165 14 1027 487 1055 515 0
1165 8 1581 805 1633 860 0
1165 7 1438 736 1472 796 0
1166 5 1045 484 1082 530 0
1166 6 835 435 866 459 0
1166 4 1148 537 1211 607 1
1166 1 1195 584 1224 622 0
1166 14 1002 487 1036 513 0
1166 8 1554 805 1608 857 0
1166 7 1411 736 1444 796 0
1167 5 1046 484 1082 532 0
1167 6 833 434 866 457 0
1167 4 1148 537 1211 607 1
1167 1 1195 584 1224 622 0
1167 14 1002 487 1036 513 0
1167 8 1554 805 1608 857 0
1167 7 1411 736 1444 796 0
1168 5 1027 477 1066 526 0
1168 6 816 426 845 451 0
1168 4 1129 526 1192 601 1
1168 1 1180 576 1201 616 0
1168 14 986 481 1018 505 0
1168 8 1526 795 1585 852 0
1168 7 1389 736 1422 787 0
1169 5 1019 475 1059 524 0
1169 6 804 423 837 448 0
1169 4 1120 521 1184 595 1
1169 1 1170 572 1192 609 0
1169 14 978 478 1009 503 0
1169 8 1516 795 1578 850 0
1169 7 1384 728 1412 787 0
1170 5 1020 476 1059 522 0
1170 6 804 422 836 447 0
1170 4 1120 521 1184 595 1
1170 1 1170 572 1192 609 0
1170 14 978 478 1009 503 0
1170 8 1516 795 1578 850 0
1170 7 1384 728 1412 787 0
1171 5 1005 466 1044 514 0
1171 6 787 409 820 435 0
1171 4 1105 510 1170 582 1
1171 1 1151 562 1176 601 0
1171 14 965 470 997 492 0
1171 8 1498 781 1555 834 0
1171 7 1363 722 1394 772 0
1172 5 1000 460 1036 509 0
1172 6 776 405 809 429 0
1172 4 1099 502 1163 575 1
1172 1 1144 556 1169 592 0
1172 14 956 465 988 485 0
1172 8 1491 773 1543 824 0
1172 7 1354 722 1382 760 0
1173 5 1000 462 1036 508 0
1173 6 777 405 808 429 0
1173 4 1099 502 1163 575 1
1173 1 1144 556 1169 592 0
1173 14 956 465 988 485 0
1173 8 1491 773 1543 824 0
1173 7 1354 722 1385 760 0
1174 5 982 451 1016 500 0
1174 6 755 396 786 420 0
1174 4 1080 493 1143 568 1
1174 1 1117 544 1144 586 0
1174 14 940 457 968 477 0
1174 8 1465 764 1522 813 0
1174 7 1331 710 1361 749 0
1175 5 984 450 1017 493 0
1175 6 755 396 787 418 0
1175 4 1080 493 1143 568 1
1175 1 1117 544 1144 586 0
1175 14 940 457 968 477 0
1175 8 1469 764 1522 813 0
1175 7 1331 710 1361 749 0
1176 5 947 452 979 493 0
1176 6 720 394 743 416 0
1176 4 1049 493 1104 568 1
1176 1 1083 548 1106 580 0
1176 14 907 454 930 474 0
1176 8 1425 758 1474 809 0
1176 7 1300 700 1323 743 0
1177 5 929 451 959 496 0
1177 6 698 396 723 419 0
1177 4 1026 493 1082 573 1
1177 14 889 453 913 472 0
1177 8 1409 756 1449 804 0
1177 7 1275 700 1299 744 0
1178 5 926 451 959 499 0
1178 6 697 396 722 418 0
1178 4 1026 493 1082 573 1
1178 14 889 453 912 472 0
1178 8 1409 756 1449 804 0
1178 7 1275 700 1299 744 0
1179 5 889 450 923 495 0
1179 6 657 393 681 418 0
1179 4 988 499 1048 574 1
1179 14 850 453 876 472 0
1179 8 1362 748 1406 800 0
1179 7 1236 700 1262 740 0
1180 5 871 448 904 492 0
1180 6 635 390 661 415 0
1180 4 971 492 1035 572 1
1180 14 831 449 857 468 0
1180 8 1347 747 1387 793 0
1180 7 1218 689 1244 737 0
1181 5 869 448 906 491 0
1181 6 636 388 662 414 0
1181 4 971 492 1035 572 1
1181 14 831 449 856 468 0
1181 8 1347 747 1387 793 0
1181 7 1218 689 1244 737 0
1182 5 840 441 879 484 0
1182 6 595 382 627 407 0
1182 4 942 492 1009 572 1
1182 14 794 441 824 461 0
1182 8 1308 733 1351 780 0
1182 7 1184 683 1214 724 0
1183 5 825 433 862 485 0
1183 6 580 379 607 406 0
1183 4 925 482 999 563 1
1183 14 777 437 809 457 0
1183 8 1289 730 1337 775 0
1183 7 1170 675 1200 719 0
1184 5 825 435 863 485 0
1184 6 582 376 608 403 0
1184 4 925 482 999 563 1
1184 14 777 437 809 457 0
1184 8 1289 730 1337 775 0
1184 7 1170 675 1200 719 0
1185 5 804 425 842 472 0
1185 6 551 369 583 396 0
1185 4 911 465 985 550 1
1185 14 751 425 786 452 0
1185 8 1270 713 1314 758 0
1185 7 1146 660 1180 705 0
1186 5 804 425 840 472 0
1186 6 552 366 584 393 0
1186 4 911 466 985 550 1
1186 14 751 425 786 452 0
1186 8 1274 713 1315 758 0
1186 7 1146 660 1181 705 0
1187 5 787 413 828 459 0
1187 6 529 351 566 381 0
1187 4 897 451 971 537 1
1187 14 736 411 769 440 0
1187 8 1255 693 1302 744 0
1187 7 1130 646 1162 691 0
1188 5 787 413 826 461 0
1188 6 529 351 566 381 0
1188 4 897 451 971 537 1
1188 14 736 411 770 440 0
1188 8 1257 693 1302 744 0
1188 7 1130 646 1162 691 0
1189 5 775 403 818 457 0
1189 6 514 348 555 378 0
1189 4 884 436 960 528 1
1189 14 730 407 760 435 0
1189 8 1252 680 1298 730 0
1189 7 1122 632 1158 682 0
1190 5 775 403 818 457 0
1190 6 514 347 555 378 0
1190 4 884 436 960 528 1
1190 14 730 407 759 435 0
1190 8 1252 680 1298 730 0
1190 7 1122 632 1158 682 0
1191 5 790 416 827 458 0
1191 6 528 366 562 391 0
1191 4 890 436 964 528 1
1191 14 744 418 766 443 0
1191 8 1278 677 1314 716 0
1191 7 1146 632 1169 677 0
1192 5 806 427 840 468 0
1192 6 543 384 574 407 0
1192 4 904 446 975 538 1
1192 14 760 429 780 452 0
1192 8 1301 677 1335 718 0
1192 7 1165 632 1190 677 0
1193 5 806 427 840 468 0
1193 6 543 384 573 407 0
1193 4 904 446 975 538 0
1193 14 760 429 780 452 0
1193 8 1301 677 1335 718 0
1193 7 1165 632 1190 677 0
1194 5 839 446 870 487 0
1194 6 586 420 606 442 0
1194 4 931 462 1000 554 0
1194 8 1348 682 1384 727 0
1194 7 1211 641 1235 677 0
1195 5 839 446 870 487 0
1195 6 586 420 608 442 0
1195 4 931 462 1000 554 0
1195 8 1348 682 1384 727 0
1195 7 1211 641 1235 677 0
1196 5 881 467 912 507 0
1196 6 626 452 648 476 0
1196 4 961 480 1032 576 0
1196 8 1400 682 1439 727 0
1196 7 1259 647 1289 693 0
1197 5 881 467 912 507 0
1197 6 626 452 649 476 0
1197 4 961 480 1032 576 0
1197 8 1400 682 1439 727 0
1197 7 1259 647 1289 693 0
1198 5 907 494 945 533 0
1198 6 658 488 686 511 0
1198 4 970 497 1060 600 0
1198 8 1435 686 1492 743 0
1198 7 1300 656 1337 702 0
1199 5 918 514 956 548 0
1199 6 669 512 694 536 0
1199 4 976 511 1062 621 0
1199 8 1458 695 1507 753 0
1199 7 1310 663 1350 716 0
1200 5 918 514 956 548 0
1200 6 665 508 699 547 0
1200 4 976 511 1062 621 0
1200 8 1458 695 1507 753 0
1200 7 1310 663 1350 716 0
1201 5 937 557 971 589 0
1201 6 687 559 724 599 0
1201 4 982 550 1065 661 0
1201 1 1078 605 1116 644 0
1201 8 1475 722 1507 778 0
1201 7 1338 693 1382 748 0
1202 5 937 557 971 589 0
1202 6 687 562 724 608 0
1202 4 982 550 1065 661 0
1202 1 1080 606 1118 645 0
1202 8 1475 722 1507 778 0
1202 7 1338 693 1382 748 0
1203 5 965 599 999 632 0
1203 6 716 606 748 650 0
1203 4 995 589 1074 702 0
1203 1 1104 639 1141 681 0
1203 7 1369 723 1411 778 0
1204 5 977 620 1009 653 0
1204 6 729 633 761 672 0
1204 4 995 608 1074 722 0
1204 1 1120 657 1155 696 0
1204 7 1388 740 1426 789 0
1205 5 988 640 1016 672 0
1205 6 743 655 773 695 0
1205 4 1005 631 1088 744 0
1205 1 1133 677 1165 715 0
1205 7 1408 751 1443 801 0
1206 5 988 640 1016 672 0
1206 6 742 654 775 696 0
1206 4 1005 631 1088 744 0
1206 1 1135 675 1170 720 0
1206 7 1408 751 1443 801 0
1207 6 759 700 793 741 0
1207 4 1012 662 1103 786 0
1207 1 1150 713 1181 755 0
1207 7 1426 783 1476 842 0
1208 6 761 698 796 743 0
1208 4 1012 677 1103 789 0
1208 1 1150 714 1186 759 0
1208 7 1426 783 1476 842 0
1209 6 768 731 808 775 0
1209 4 1012 692 1103 825 0
1209 1 1154 744 1192 788 0
1210 6 770 749 811 790 0
1210 4 1006 709 1098 840 0
1210 1 1154 754 1191 797 0
1211 6 770 750 804 792 0
1211 4 1006 709 1098 840 0
1211 1 1148 750 1190 810 0
1212 6 778 770 816 818 0
1212 4 1005 730 1098 869 0
1212 1 1158 778 1194 821 0
1212 9 364 780 397 820 0
1213 6 784 783 818 827 0
1213 4 1005 748 1098 888 0
1213 1 1165 786 1199 829 0
1213 9 370 794 404 832 0
1214 6 782 788 818 824 0
1214 4 1002 748 1099 886 0
1214 1 1162 791 1193 829 0
1214 9 370 794 402 832 0
1215 6 814 823 841 860 0
1215 4 1024 788 1116 929 0
1215 1 1190 827 1215 865 0
1215 14 989 804 1031 859 0
1215 9 396 828 429 872 0
1216 6 832 844 859 884 0
1216 4 1038 806 1127 947 0
1216 1 1207 849 1233 887 0
1216 14 1007 826 1045 875 0
1216 9 415 850 445 893 0
1217 6 857 868 881 904 0
1217 4 1055 827 1147 977 0
1217 1 1230 873 1256 908 0
1217 14 1026 846 1061 898 0
1217 9 440 876 469 916 0
1218 6 855 866 879 902 0
1218 4 1055 827 1147 977 0
1218 1 1229 873 1252 906 0
1218 14 1026 846 1061 898 0
1218 9 435 876 470 916 0
1219 6 906 910 928 950 0
1219 4 1095 863 1183 1025 0
1219 1 1275 910 1308 954 0
1219 14 1067 893 1098 939 0
1219 9 488 923 522 965 0
1220 6 904 913 933 947 0
1220 4 1095 863 1183 1025 0
1220 1 1278 912 1309 954 0
1220 14 1067 893 1098 939 0
1220 9 488 923 522 965 0
1221 6 954 947 981 984 0
1221 4 1125 894 1230 1068 0
1221 1 1330 943 1366 988 0
1221 14 1107 931 1133 978 0
1221 9 543 963 578 1007 0
1222 6 981 963 1007 999 0
1222 4 1148 910 1248 1079 0
1222 1 1359 961 1396 1003 0
1222 14 1127 944 1153 995 0
1222 9 571 980 604 1026 0
1223 6 1006 982 1031 1018 0
1223 4 1164 920 1263 1079 0
1223 1 1383 973 1431 1016 0
1223 14 1146 957 1171 1007 0
1223 9 596 992 634 1044 0
1224 6 1003 982 1031 1018 0
1224 4 1164 920 1263 1079 0
1224 1 1386 970 1423 1013 0
1224 14 1146 957 1171 1007 0
1224 9 596 992 629 1044 0
1225 6 1056 998 1084 1032 0
1225 4 1195 937 1312 1079 0
1225 1 1443 990 1494 1038 0
1225 9 654 1016 688 1063 0
1226 6 1056 998 1081 1032 0
1226 4 1194 941 1313 1079 0
1226 1 1442 989 1487 1029 0
1226 9 654 1016 688 1063 0
1227 5 1327 960 1360 1002 0
1227 6 1102 1002 1132 1031 0
1227 4 1221 945 1349 1078 0
1227 1 1499 992 1543 1039 0
1227 9 701 1025 743 1068 0
1228 5 1341 957 1380 1001 0
1228 6 1122 998 1151 1029 0
1228 4 1233 945 1359 1078 0
1228 1 1521 987 1563 1036 0
1228 9 729 1021 763 1068 0
1229 5 1355 954 1396 994 0
1229 6 1139 990 1169 1025 0
1229 4 1239 945 1368 1078 0
1229 1 1536 979 1584 1025 0
1229 9 749 1016 782 1065 0
1230 5 1354 952 1395 996 0
1230 6 1135 996 1174 1036 0
1230 4 1241 945 1368 1079 0
1230 1 1536 981 1584 1028 0
1230 9 749 1016 786 1065 0
1231 5 1371 928 1416 967 0
1231 6 1157 967 1196 1008 0
1231 4 1242 927 1367 1079 0
1231 9 787 992 812 1039 0
1232 5 1374 911 1422 953 0
1232 6 1170 947 1204 991 0
1232 4 1233 917 1366 1079 0
1232 9 801 975 827 1014 0
1233 5 1375 912 1425 954 0
1233 6 1167 949 1203 995 0
1233 4 1233 914 1366 1078 0
1233 9 801 975 826 1014 0
1234 5 1383 869 1425 905 0
1234 6 1180 904 1213 943 0
1234 4 1221 875 1346 1060 0
1234 9 823 922 847 958 0
1235 5 1382 840 1428 874 0
1235 6 1186 871 1218 916 0
1235 4 1207 847 1339 1029 0
1235 9 834 888 859 926 0
1236 5 1380 840 1428 876 0
1236 6 1186 870 1217 909 0
1236 4 1207 847 1339 1024 0
1236 9 834 888 859 926 0
1237 5 1382 790 1431 829 0
1237 4 1187 785 1319 970 0
1237 9 855 832 878 867 0
1238 5 1390 771 1434 806 0
1238 4 1180 766 1318 955 0
1238 9 868 816 890 848 0
1239 5 1392 772 1434 806 0
1239 4 1181 764 1309 953 0
1239 9 868 816 889 848 0
1240 5 1422 742 1459 783 0
1240 4 1193 729 1321 920 0
1240 9 908 779 936 821 0
1241 5 1423 742 1459 788 0
1241 4 1188 736 1319 921 0
1241 9 908 779 929 821 0
1242 5 1480 730 1513 770 0
1242 4 1232 706 1352 906 0
1242 9 962 756 999 796 0
1243 5 1515 720 1540 771 0
1243 4 1247 696 1380 897 0
1243 9 994 744 1030 790 0
1244 5 1516 720 1544 764 0
1244 4 1247 694 1373 888 0
1244 9 994 744 1028 790 0
1245 5 1580 714 1611 756 0
1245 4 1287 680 1433 888 0
1245 9 1060 732 1094 775 0
1246 5 1607 710 1638 758 0
1246 4 1314 682 1450 882 0
1246 9 1088 727 1120 769 0
1247 5 1603 710 1642 756 0
1247 4 1304 684 1448 882 0
1247 9 1088 727 1118 769 0
1248 5 1642 702 1685 747 0
1248 4 1320 668 1466 883 0
1248 14 1463 722 1508 782 0
1248 9 1124 718 1158 754 0
1249 5 1630 704 1690 758 0
1249 4 1328 678 1465 878 0
1249 14 1468 719 1512 776 0
1249 9 1124 718 1156 754 0
1250 5 1661 691 1711 738 0
1250 4 1316 657 1470 875 0
1250 14 1479 716 1526 768 0
1250 9 1152 704 1183 747 0
1251 5 1659 693 1709 736 0
1251 4 1316 655 1470 877 0
1251 14 1480 714 1524 764 0
1251 9 1152 704 1181 747 0
1252 5 1662 680 1722 733 0
1252 4 1292 654 1450 874 0
1252 14 1477 704 1519 754 0
1252 9 1165 689 1201 737 0
1253 5 1667 680 1724 727 0
1253 4 1279 656 1438 877 0
1253 14 1474 694 1530 756 0
1253 9 1165 689 1203 730 0
1254 5 1666 678 1723 729 0
1254 6 1511 696 1544 736 0
1254 4 1277 656 1442 877 0
1254 14 1468 697 1514 750 0
1254 9 1165 689 1203 730 0
1255 5 1666 674 1723 721 0
1255 6 1511 696 1550 736 0
1255 4 1252 640 1409 872 0
1255 14 1463 690 1507 746 0
1255 9 1172 679 1208 724 0
1256 5 1665 672 1721 725 0
1256 6 1511 689 1550 736 0
1256 4 1242 642 1407 877 0
1256 14 1464 692 1504 746 0
1256 9 1172 680 1208 724 0
1257 5 1664 660 1719 705 0
1257 6 1511 677 1551 720 0
1257 4 1209 620 1381 850 0
1257 14 1453 672 1495 722 0
1257 9 1176 666 1200 704 0
1258 5 1666 647 1718 691 0
1258 6 1511 664 1551 704 0
1258 4 1194 608 1356 832 0
1258 14 1447 660 1492 705 0
1258 9 1176 654 1200 685 0
1259 5 1667 651 1717 693 0
1259 6 1511 664 1551 706 0
1259 4 1184 622 1350 833 0
1259 14 1448 657 1490 705 0
1259 9 1176 654 1197 685 0
1260 5 1667 606 1715 637 0
1260 6 1516 620 1552 662 0
1260 4 1156 539 1328 769 0
1260 14 1442 609 1482 654 0
1261 5 1668 608 1717 649 0
1261 6 1516 619 1554 658 0
1261 4 1149 546 1317 767 0
1261 14 1442 611 1483 655 0
1262 5 1677 522 1722 569 0
1262 6 1522 546 1556 587 0
1262 4 1102 462 1290 670 0
1262 14 1440 536 1474 575 0
1263 5 1681 474 1731 520 0
1263 6 1529 495 1567 537 0
1263 4 1083 383 1272 621 0
1263 14 1440 490 1477 529 0
1264 5 1684 473 1733 520 0
1264 6 1528 487 1566 537 0
1264 4 1064 394 1272 586 0
1264 14 1440 490 1476 529 0
1265 5 1706 395 1753 437 0
1265 6 1542 407 1587 453 0
1265 4 1060 297 1243 543 0
1265 14 1440 409 1483 448 0
1266 5 1715 360 1765 406 0
1266 6 1551 387 1592 427 0
1266 4 1034 278 1222 526 0
1266 14 1444 379 1489 434 0
1267 5 1714 366 1767 401 0
1267 6 1551 387 1594 427 0
1267 4 1038 278 1217 520 0
1267 14 1442 380 1484 432 0
1268 5 1727 339 1775 397 0
1268 6 1560 360 1604 410 0
1268 4 1007 258 1184 514 0
1268 14 1436 357 1484 412 0
1268 9 1218 346 1253 390 0
1269 5 1723 341 1780 395 0
1269 6 1560 360 1604 407 0
1269 4 1011 259 1174 503 0
1269 14 1434 362 1480 412 0
1269 9 1218 346 1253 390 0
1270 5 1731 335 1783 389 0
1270 6 1560 360 1605 407 0
1270 4 973 256 1146 517 0
1270 14 1420 358 1470 409 0
1270 9 1218 346 1256 390 0
1271 5 1730 336 1783 386 0
1271 6 1560 354 1607 407 0
1271 4 950 259 1125 525 0
1271 14 1414 358 1460 408 0
1271 9 1218 346 1256 390 0
1272 5 1730 332 1784 387 0
1272 6 1560 354 1605 407 0
1272 4 951 259 1125 521 0
1272 14 1414 358 1460 408 0
1272 9 1218 346 1257 390 0
1273 5 1726 329 1780 373 0
1273 6 1554 349 1593 396 0
1273 4 916 264 1081 523 0
1273 14 1386 352 1433 399 0
1273 9 1213 340 1246 391 0
1274 5 1724 319 1777 364 0
1274 6 1545 342 1588 386 0
1274 4 896 255 1074 513 0
1274 9 1208 332 1247 380 0
1275 5 1724 309 1775 347 0
1275 6 1545 330 1585 375 0
1275 4 887 242 1064 498 0
1275 9 1205 316 1239 361 0
1276 5 1722 307 1776 346 0
1276 6 1545 330 1584 375 0
1276 4 882 242 1072 496 0
1276 9 1205 316 1239 361 0
1277 5 1738 262 1789 296 0
1277 6 1553 285 1593 327 0
1277 4 874 180 1055 434 0
1278 5 1755 237 1799 275 0
1278 6 1561 258 1601 310 0
1278 4 876 141 1057 397 0
1279 5 1752 234 1802 270 0
1279 6 1561 258 1600 310 0
1279 4 868 160 1053 401 0
1280 5 1789 183 1834 209 0
1280 6 1584 200 1622 244 0
1280 4 878 65 1070 330 0
1281 5 1784 172 1838 208 0
1281 6 1584 200 1622 244 0
1281 4 874 76 1064 326 0
1282 5 1809 90 1861 128 0
1282 6 1597 109 1644 158 0
1282 4 892 0 1066 226 1
1283 5 1826 31 1878 76 0
1283 6 1612 56 1652 99 0
1283 4 892 0 1058 148 1
1284 5 1826 31 1878 76 0
1284 6 1612 56 1652 99 0
1284 4 892 0 1058 151 1
1356 4 1277 0 1390 164 0
1357 4 1208 10 1335 205 0
1358 4 1208 14 1333 202 0
1359 5 1353 183 1378 216 0
1359 4 1121 81 1254 250 0
1360 5 1323 205 1352 240 0
1360 4 1097 103 1228 286 0
1361 5 1322 206 1353 240 0
1361 4 1091 110 1229 294 0
1362 5 1280 246 1311 280 0
1362 4 1049 152 1185 326 0
1363 5 1262 261 1301 293 0
1363 4 1029 168 1169 351 0
1364 5 1260 260 1302 290 0
1364 4 1030 172 1173 344 0
1365 5 1238 285 1278 318 0
1365 4 1008 194 1151 369 0
1365 9 794 247 836 295 0
1366 5 1232 289 1265 329 0
1366 4 992 205 1141 381 0
1366 9 796 261 835 309 0
1367 5 1228 292 1272 348 0
1367 4 990 200 1140 386 0
1367 9 796 261 832 309 0
1368 5 1219 313 1260 348 0
1368 4 975 222 1122 400 0
1368 9 780 281 822 330 0
1369 5 1218 310 1260 347 0
1369 4 974 234 1126 404 0
1369 9 777 286 818 334 0
1370 5 1210 323 1255 361 0
1370 4 957 239 1105 417 0
1370 9 775 292 815 344 0
1371 5 1210 330 1256 368 0
1371 4 948 244 1100 412 0
1371 9 775 295 815 349 0
1372 5 1208 334 1258 392 0
1372 4 946 242 1100 428 0
1372 9 775 296 815 351 0
1373 5 1211 330 1257 372 0
1373 4 946 240 1100 426 0
1373 9 775 298 815 355 0
1374 5 1216 329 1264 368 0
1374 4 943 236 1096 412 0
1374 9 775 300 820 354 0
1375 5 1218 326 1264 373 0
1375 4 934 246 1096 413 0
1375 9 775 300 823 354 0
1376 5 1218 330 1266 374 0
1376 4 934 242 1094 406 0
1376 9 775 300 824 354 0
1377 5 1223 327 1268 368 0
1377 4 930 235 1092 408 0
1377 9 789 300 830 353 0
1378 5 1225 326 1270 371 0
1378 4 925 228 1093 416 0
1378 9 789 300 830 353 0
1379 5 1228 322 1273 365 0
1379 4 924 234 1084 430 0
1379 14 1080 320 1108 369 0
1379 9 789 295 833 343 0
1380 5 1231 322 1276 363 0
1380 4 924 220 1082 404 0
1380 14 1082 318 1115 369 0
1380 9 789 295 834 343 0
1381 5 1229 320 1274 360 0
1381 4 924 228 1080 406 0
1381 14 1081 318 1115 372 0
1381 9 789 295 834 343 0
1382 5 1236 316 1280 356 0
1382 4 918 213 1080 389 0
1382 14 1095 320 1132 367 0
1382 9 803 290 840 339 0
1383 5 1236 314 1278 368 0
1383 4 910 214 1082 400 0
1383 14 1086 316 1132 376 0
1383 9 803 290 841 339 0
1384 5 1246 311 1288 348 0
1384 6 1084 319 1115 359 0
1384 4 918 203 1076 382 0
1384 14 1120 312 1152 360 0
1384 9 815 281 851 330 0
1385 5 1253 303 1293 340 0
1385 6 1092 313 1121 354 0
1385 4 911 196 1071 373 0
1385 14 1132 309 1161 351 0
1385 9 815 274 856 319 0
1386 5 1252 304 1294 337 0
1386 6 1092 313 1121 354 0
1386 4 906 188 1074 392 0
1386 14 1131 309 1162 352 0
1386 9 815 274 859 319 0
1387 5 1277 282 1313 319 0
1387 6 1120 293 1147 334 0
1387 4 920 178 1077 355 0
1387 14 1165 286 1192 339 0
1387 9 834 253 878 294 0
1388 5 1275 281 1312 317 0
1388 6 1120 293 1147 334 0
1388 4 910 168 1078 350 0
1388 14 1159 283 1190 331 0
1388 9 834 253 877 294 0
1389 5 1294 266 1337 305 0
1389 6 1139 277 1172 316 0
1389 4 920 154 1083 328 0
1389 14 1193 264 1226 316 0
1389 9 855 233 897 284 0
1390 5 1300 258 1340 301 0
1390 6 1149 272 1184 314 0
1390 4 918 154 1074 325 0
1390 14 1204 261 1236 303 0
1390 9 864 233 901 280 0
1391 5 1300 260 1343 301 0
1391 6 1149 272 1183 314 0
1391 4 922 148 1077 320 0
1391 14 1201 260 1236 305 0
1391 9 864 233 901 280 0
1392 5 1305 258 1346 297 0
1392 6 1160 272 1190 313 0
1392 4 898 148 1065 328 0
1392 14 1218 258 1253 300 0
1392 9 864 229 903 277 0
1393 5 1307 256 1349 298 0
1393 6 1164 272 1198 313 0
1393 4 892 148 1050 330 0
1393 14 1223 256 1262 301 0
1393 9 864 230 903 277 0
1394 5 1324 248 1363 290 0
1394 6 1181 263 1212 305 0
1394 4 894 138 1052 328 0
1394 14 1250 248 1282 295 0
1395 5 1325 248 1363 288 0
1395 6 1181 263 1215 305 0
1395 4 884 148 1048 320 0
1395 14 1252 247 1282 292 0
1396 5 1349 229 1389 268 0
1396 6 1207 244 1237 290 0
1396 4 900 133 1059 305 0
1396 14 1281 232 1312 279 0
1397 5 1363 222 1401 259 0
1397 6 1219 237 1248 279 0
1397 4 902 120 1061 298 0
1397 14 1299 223 1328 267 0
1398 5 1361 219 1401 260 0
1398 6 1219 237 1247 279 0
1398 4 894 118 1060 304 0
1398 14 1297 220 1331 270 0
1399 5 1380 207 1421 250 0
1399 6 1234 224 1270 271 0
1399 4 916 113 1073 289 0
1399 14 1318 210 1355 259 0
1400 5 1380 210 1422 250 0
1400 6 1234 224 1269 271 0
1400 4 910 110 1073 289 0
1400 14 1323 210 1355 260 0
1401 5 1404 207 1444 248 0
1401 6 1259 219 1291 267 0
1401 4 932 100 1092 286 0
1401 14 1352 208 1387 255 0
1402 5 1406 204 1444 252 0
1402 6 1259 219 1291 267 0
1402 4 933 110 1087 284 0
1402 14 1353 210 1387 254 0
1403 5 1420 199 1460 241 0
1403 6 1269 214 1306 256 0
1403 4 940 92 1102 278 0
1403 14 1369 202 1404 247 0
1404 5 1441 186 1487 227 0
1404 6 1290 200 1325 248 0
1404 4 953 87 1113 255 0
1404 14 1402 191 1435 237 0
1405 5 1452 177 1496 218 0
1405 6 1300 192 1336 235 0
1405 4 952 69 1118 255 0
1405 14 1411 181 1442 229 0
1406 5 1449 176 1497 219 0
1406 6 1300 192 1336 235 0
1406 4 954 81 1118 251 0
1406 14 1414 183 1451 227 0
1407 5 1465 166 1511 209 0
1407 6 1309 180 1345 229 0
1407 4 948 67 1114 246 0
1407 14 1431 171 1465 219 0
1408 5 1465 162 1505 210 0
1408 6 1309 180 1345 229 0
1408 4 956 67 1105 247 0
1408 14 1428 175 1467 219 0
1409 5 1463 164 1512 212 0
1409 6 1309 180 1345 229 0
1409 4 954 71 1104 250 0
1409 14 1434 175 1469 218 0
1410 5 1466 160 1507 208 0
1410 6 1309 180 1345 229 0
1410 4 932 66 1101 246 0
1410 14 1437 172 1471 212 0
1411 5 1465 162 1510 209 0
1411 6 1309 180 1345 229 0
1411 4 938 67 1097 244 0
1411 14 1437 171 1465 206 0
1412 5 1470 164 1513 206 0
1412 6 1309 180 1345 227 0
1412 4 926 72 1091 242 0
1413 5 1466 161 1514 203 0
1413 6 1312 182 1348 229 0
1413 4 923 76 1091 246 0
1414 5 1465 169 1517 212 0
1414 6 1314 183 1351 230 0
1414 4 911 80 1075 249 0
1414 9 1068 155 1093 202 0
1415 5 1470 176 1517 217 0
1415 6 1314 190 1353 237 0
1415 4 909 71 1071 257 0
1415 9 1068 159 1097 207 0
1416 5 1471 173 1515 218 0
1416 6 1314 190 1353 237 0
1416 4 900 80 1069 259 0
1416 9 1068 159 1097 207 0
1417 5 1482 175 1526 222 0
1417 6 1324 192 1358 240 0
1417 4 896 80 1071 259 0
1417 9 1068 159 1111 210 0
1418 5 1484 173 1536 222 0
1418 6 1330 190 1364 240 0
1418 4 888 82 1067 260 0
1418 9 1079 159 1120 211 0
1419 5 1489 173 1534 221 0
1419 6 1330 190 1369 240 0
1419 4 878 82 1062 259 0
1419 9 1079 159 1126 212 0
1420 5 1487 172 1536 223 0
1420 6 1330 190 1367 240 0
1420 4 878 82 1064 263 0
1420 9 1079 159 1122 212 0
1421 5 1492 169 1544 217 0
1421 6 1335 190 1374 236 0
1421 4 884 76 1050 262 0
1421 14 1535 184 1559 225 0
1421 9 1095 159 1133 212 0
1422 5 1494 170 1539 215 0
1422 6 1335 190 1374 236 0
1422 4 858 60 1036 258 0
1422 14 1535 184 1557 225 0
1422 9 1095 159 1133 212 0
1423 5 1504 168 1548 216 0
1423 6 1341 190 1379 236 0
1423 4 856 74 1037 267 0
1423 14 1545 187 1574 226 0
1423 9 1105 159 1143 212 0
1424 5 1508 171 1554 217 0
1424 6 1345 190 1384 236 0
1424 4 857 74 1036 261 0
1424 14 1555 188 1580 229 0
1424 9 1117 159 1151 212 0
1425 5 1507 172 1559 218 0
1425 6 1345 189 1384 236 0
1425 4 847 72 1034 264 0
1425 14 1555 188 1580 229 0
1425 9 1117 159 1152 212 0
1426 5 1530 169 1569 215 0
1426 6 1361 189 1395 236 0
1426 4 841 70 1029 263 0
1426 14 1570 185 1605 229 0
1426 9 1126 159 1171 209 0
1427 5 1523 168 1570 215 0
1427 6 1361 189 1395 236 0
1427 4 845 70 1027 262 0
1427 14 1570 185 1605 229 0
1427 9 1126 159 1171 209 0
1428 5 1551 155 1587 189 0
1428 6 1380 175 1413 216 0
1428 4 840 42 1028 238 0
1428 14 1591 172 1630 213 0
1428 9 1141 139 1195 186 0
1429 5 1550 154 1591 188 0
1429 6 1380 175 1413 216 0
1429 4 830 44 1014 250 0
1429 14 1591 172 1630 213 0
1429 9 1141 139 1195 186 0
1430 5 1569 140 1602 169 0
1430 6 1392 157 1427 200 0
1430 4 854 18 1026 217 0
1430 14 1612 154 1650 201 0
1430 9 1160 117 1212 161 0
1431 6 1435 88 1468 131 0
1431 4 871 0 1042 125 0
1431 14 1667 85 1700 128 0
1432 6 1435 88 1468 131 0
1432 4 871 0 1047 125 0
1432 14 1667 85 1700 128 0
1433 6 1489 0 1515 50 0
1433 4 916 0 1055 69 0
1433 14 1731 0 1774 41 0
1711 6 1226 123 1269 168 0
1711 13 1359 90 1426 169 0
1712 6 1232 128 1268 174 0
1712 13 1350 92 1424 182 0
1713 5 1389 166 1427 205 0
1713 6 1205 152 1241 195 0
1713 1 1586 242 1628 289 0
1713 14 1429 185 1457 222 0
1713 13 1337 126 1396 203 0
1714 5 1378 170 1417 212 0
1714 6 1195 158 1227 203 0
1714 1 1574 251 1616 298 0
1714 14 1416 193 1447 233 0
1714 13 1324 134 1380 210 0
1715 5 1378 170 1417 212 0
1715 6 1197 157 1228 199 0
1715 1 1574 251 1616 298 0
1715 14 1416 193 1447 230 0
1715 13 1323 133 1382 207 0
1716 5 1364 174 1411 215 0
1716 6 1182 157 1224 198 0
1716 1 1555 256 1605 303 0
1716 14 1410 197 1440 240 0
1716 13 1317 132 1378 208 0
1717 5 1369 174 1412 215 0
1717 6 1182 154 1224 196 0
1717 1 1556 256 1604 303 0
1717 14 1410 197 1443 240 0
1717 13 1326 132 1382 204 0
1718 5 1369 173 1412 215 0
1718 6 1183 154 1226 197 0
1718 1 1557 253 1608 302 0
1718 14 1410 197 1441 240 0
1718 13 1322 135 1381 206 0
1719 5 1395 171 1435 213 0
1719 6 1208 149 1238 190 0
1719 1 1582 256 1624 305 0
1719 14 1434 194 1462 231 0
1719 13 1352 129 1401 203 0
1720 5 1417 165 1452 203 0
1720 6 1231 142 1252 187 0
1720 1 1611 245 1644 298 0
1720 13 1372 125 1424 187 0
1721 13 1411 116 1458 174 0
1722 13 1413 114 1453 183 0
1723 13 1538 78 1582 144 0
1724 13 1535 78 1579 138 0
4558 2 1751 143 1819 206 0
4558 5 1447 97 1502 146 0
4558 6 1271 80 1312 128 0
4558 13 1650 181 1724 258 0
4558 11 1323 96 1361 133 0
4558 10 1459 167 1522 236 0
4559 2 1745 137 1820 190 0
4559 5 1449 89 1505 138 0
4559 6 1271 80 1312 122 0
4559 13 1650 173 1724 249 0
4559 11 1320 92 1360 122 0
4559 10 1459 167 1522 225 0
4560 2 1745 137 1820 190 0
4560 5 1450 88 1505 143 0
4560 6 1271 80 1312 122 0
4560 13 1650 173 1724 249 0
4560 11 1326 88 1363 124 0
4560 10 1452 158 1522 225 0
4561 2 1754 116 1831 173 0
4561 5 1463 67 1514 117 0
4561 6 1278 47 1317 100 0
4561 13 1658 148 1732 228 0
4561 11 1332 70 1374 101 0
4561 10 1470 137 1531 201 0
4562 2 1787 101 1849 160 0
4562 5 1483 53 1533 94 0
4562 6 1298 37 1333 84 0
4562 13 1680 132 1754 213 0
4562 11 1354 51 1386 93 0
4562 10 1484 130 1550 184 0
4563 2 1787 101 1849 160 0
4563 5 1482 56 1535 96 0
4563 6 1298 37 1333 84 0
4563 13 1680 132 1754 213 0
4563 11 1353 51 1384 92 0
4563 10 1484 130 1550 184 0
4564 10 1556 90 1608 139 0
4565 10 1611 63 1663 111 0
4566 10 1611 63 1665 111 0
4567 10 1723 11 1791 67 0
4568 10 1777 0 1851 55 0
4569 10 1777 0 1852 55 0
4996 2 1566 436 1615 498 0
4996 13 1330 475 1379 542 0
4997 2 1477 411 1533 474 0
4997 13 1247 462 1307 513 0
4997 15 1362 438 1412 500 0
4997 10 1111 468 1158 531 0
4998 2 1439 410 1502 482 0
4998 13 1216 462 1278 514 0
4998 15 1332 426 1376 482 0
4998 8 1675 621 1736 677 0
4998 10 1085 469 1133 520 0
4999 2 1437 408 1503 479 0
4999 13 1212 462 1277 508 0
4999 15 1326 428 1380 492 0
4999 8 1675 626 1736 678 0
4999 10 1087 474 1127 518 0
5000 2 1391 417 1459 501 0
5000 5 1001 422 1032 459 0
5000 6 803 415 835 445 0
5000 13 1188 472 1248 526 0
5000 15 1286 432 1340 491 0
5000 8 1627 620 1702 677 0
5000 10 1048 482 1092 532 0
5001 2 1376 428 1450 508 0
5001 5 984 436 1016 470 0
5001 6 790 430 825 459 0
5001 13 1179 482 1230 533 0
5001 15 1274 444 1321 493 0
5001 8 1623 630 1691 684 0
5001 10 1038 498 1081 548 0
5002 2 1381 425 1454 499 0
5002 5 982 436 1020 471 0
5002 6 790 430 825 459 0
5002 13 1179 482 1232 533 0
5002 15 1276 440 1321 493 0
5002 8 1624 628 1689 680 0
5002 10 1038 498 1083 548 0
5003 2 1362 446 1435 526 0
5003 5 963 455 999 494 0
5003 6 768 457 808 489 0
5003 13 1166 504 1219 554 0
5003 15 1255 460 1304 511 0
5003 8 1609 639 1673 696 0
5003 10 1027 519 1076 568 0
5004 2 1366 452 1448 542 0
5004 5 951 466 992 503 0
5004 6 764 465 802 499 0
5004 13 1166 510 1219 562 0
5004 15 1253 468 1301 520 0
5004 8 1606 642 1670 699 0
5004 10 1027 526 1073 580 0
5005 2 1364 450 1446 538 0
5005 5 953 468 991 502 0
5005 6 764 465 801 499 0
5005 13 1166 510 1219 562 0
5005 15 1252 472 1304 523 0
5005 8 1606 647 1670 703 0
5005 10 1027 526 1073 580 0
5006 2 1354 467 1422 547 0
5006 5 938 483 970 522 0
5006 6 747 485 785 522 0
5006 13 1152 530 1205 576 0
5006 15 1242 485 1284 536 0
5006 8 1599 652 1653 709 0
5006 10 1013 544 1061 597 0
5007 2 1338 478 1401 553 0
5007 5 915 496 944 529 0
5007 6 739 496 763 538 0
5007 13 1134 536 1179 584 0
5007 15 1231 494 1275 540 0
5007 8 1577 658 1631 712 0
5007 10 997 556 1041 607 0
5008 2 1340 476 1404 558 0
5008 5 914 496 943 530 0
5008 6 739 496 759 538 0
5008 13 1134 537 1187 584 0
5008 15 1230 493 1269 543 0
5008 8 1576 662 1634 712 0
5008 10 997 559 1043 607 0
5009 2 1295 490 1353 565 0
5009 5 867 502 890 537 0
5009 13 1084 545 1141 590 0
5009 15 1177 501 1218 556 0
5009 8 1526 669 1571 721 0
5009 10 946 564 998 615 0
5010 2 1273 485 1325 555 0
5010 5 837 502 864 534 0
5010 13 1061 542 1109 587 0
5010 15 1158 504 1195 552 0
5010 8 1496 669 1545 719 0
5010 10 924 564 970 614 0
5011 2 1270 490 1328 556 0
5011 5 844 502 865 536 0
5011 13 1061 542 1111 590 0
5011 15 1154 502 1197 553 0
5011 8 1492 667 1542 715 0
5011 10 924 564 969 614 0
5012 2 1218 497 1275 571 0
5012 5 783 505 804 541 0
5012 13 1007 547 1058 599 0
5012 15 1096 516 1144 574 0
5012 8 1428 670 1474 725 0
5012 10 863 570 919 627 0
5013 2 1197 498 1254 570 0
5013 5 757 508 783 542 0
5013 13 985 549 1037 602 0
5013 15 1081 509 1115 559 0
5013 8 1399 672 1445 719 0
5013 10 848 570 889 621 0
5014 2 1198 494 1262 566 0
5014 5 757 508 783 542 0
5014 13 985 549 1037 602 0
5014 15 1072 518 1120 574 0
5014 8 1399 670 1447 715 0
5014 10 848 570 889 621 0
5015 2 1154 502 1221 573 0
5015 5 712 518 741 550 0
5015 1 906 563 944 601 0
5015 13 951 563 1003 612 0
5015 15 1029 517 1075 572 0
5015 8 1355 674 1403 724 0
5015 10 816 578 857 626 0
5016 2 1143 512 1219 586 0
5016 5 697 531 731 563 0
5016 1 895 571 934 611 0
5016 13 943 574 994 623 0
5016 15 1026 530 1070 575 0
5016 8 1340 690 1390 741 0
5016 10 803 591 848 637 0
5017 2 1151 527 1220 612 0
5017 5 697 554 731 586 0
5017 1 902 590 938 629 0
5017 13 947 598 1003 650 0
5017 15 1028 552 1072 600 0
5017 8 1348 704 1393 759 0
5017 10 813 615 850 660 0
5018 2 1156 527 1224 611 0
5018 5 697 554 731 586 0
5018 1 900 590 938 629 0
5018 13 947 598 1003 650 0
5018 15 1030 552 1073 599 0
5018 8 1348 702 1394 759 0
5018 10 813 615 850 660 0
5019 2 1179 575 1244 648 0
5019 5 722 604 753 639 0
5019 1 924 638 967 679 0
5019 13 979 642 1031 701 0
5019 15 1056 599 1098 648 0
5019 8 1375 748 1425 795 0
5019 10 846 661 881 708 0
5020 2 1186 566 1256 662 0
5020 5 722 604 753 639 0
5020 1 924 638 966 679 0
5020 13 979 642 1031 701 0
5020 15 1054 598 1096 668 0
5020 8 1376 750 1426 793 0
5020 10 846 661 881 708 0
5021 2 1205 628 1278 700 0
5021 5 741 666 773 694 0
5021 1 942 697 988 741 0
5021 13 1004 697 1051 757 0
5021 15 1073 655 1121 714 0
5021 8 1401 806 1449 856 0
5022 2 1211 650 1276 732 0
5022 5 748 692 780 720 0
5022 1 942 722 987 758 0
5022 13 1009 725 1058 781 0
5022 15 1079 680 1122 734 0
5022 8 1406 827 1454 882 0
5022 17 266 681 303 724 0
5023 2 1216 642 1284 736 0
5023 5 748 692 780 720 0
5023 1 942 722 987 759 0
5023 13 1009 725 1057 781 0
5023 15 1074 676 1118 731 0
5023 8 1406 826 1452 896 0
5023 17 266 681 305 724 0
5024 2 1215 699 1283 770 0
5024 5 753 741 788 774 0
5024 1 946 769 991 806 0
5024 13 1020 777 1064 830 0
5024 15 1081 730 1123 779 0
5024 8 1410 873 1459 928 0
5024 17 276 733 315 775 0
5025 2 1224 719 1288 790 0
5025 5 759 764 792 803 0
5025 1 948 794 993 831 0
5025 13 1020 804 1064 848 0
5025 15 1084 748 1125 796 0
5025 8 1409 892 1462 953 0
5025 17 286 763 320 802 0
5026 2 1220 715 1290 803 0
5026 5 759 764 790 803 0
5026 1 948 794 991 831 0
5026 13 1020 796 1064 848 0
5026 15 1083 741 1126 805 0
5026 8 1410 890 1456 959 0
5026 17 286 763 318 802 0
5027 2 1238 750 1303 836 0
5027 5 778 795 812 829 0
5027 1 962 824 1005 861 0
5027 13 1036 829 1077 888 0
5027 15 1098 780 1144 846 0
5027 8 1432 930 1480 993 0
5027 16 366 801 414 855 0
5028 2 1238 740 1306 834 0
5028 5 778 795 811 829 0
5028 1 959 824 1005 861 0
5028 13 1036 829 1077 888 0
5028 15 1098 780 1144 846 0
5028 8 1446 946 1490 1014 0
5028 16 366 812 413 855 0
5029 2 1268 774 1322 853 0
5029 5 809 813 836 846 0
5029 1 980 845 1021 886 0
5029 13 1064 850 1110 903 0
5029 15 1120 801 1155 854 0
5029 8 1459 954 1504 1002 0
5029 16 390 836 434 872 0
5030 2 1284 779 1342 870 0
5030 5 827 823 855 851 0
5030 1 994 852 1036 892 0
5030 13 1082 854 1119 913 0
5030 15 1134 809 1171 864 0
5030 8 1472 967 1519 1015 0
5030 16 402 841 452 878 0
5031 2 1284 780 1342 844 0
5031 5 827 825 855 851 0
5031 1 994 852 1029 892 0
5031 13 1082 854 1119 909 0
5031 15 1134 810 1176 864 0
5031 8 1474 968 1523 1020 0
5031 16 402 841 451 878 0
5032 2 1323 805 1379 896 0
5032 5 865 836 892 870 0
5032 1 1025 868 1053 907 0
5032 13 1112 876 1152 927 0
5032 15 1170 831 1204 890 0
5032 8 1504 992 1563 1054 0
5032 16 443 847 483 885 0
5032 17 381 814 423 865 0
5033 2 1345 814 1401 896 0
5033 5 885 840 913 874 0
5033 1 1042 873 1069 913 0
5033 13 1128 882 1168 933 0
5033 15 1187 839 1226 892 0
5033 8 1519 1002 1573 1064 0
5033 16 464 845 504 884 0
5033 17 398 816 440 874 0
5034 2 1342 816 1406 884 0
5034 5 885 840 913 874 0
5034 1 1042 873 1067 913 0
5034 13 1128 882 1168 933 0
5034 15 1180 838 1224 892 0
5034 8 1519 1002 1576 1064 0
5034 16 464 845 501 884 0
5034 17 398 816 441 874 0
5035 2 1397 827 1449 910 0
5035 15 1234 847 1268 898 0
5035 16 512 845 541 882 0
5035 17 441 816 480 862 0
5036 2 1427 838 1475 916 0
5036 15 1258 853 1292 910 0
5036 17 466 817 502 863 0
5037 2 1426 836 1477 916 0
5037 15 1252 856 1294 906 0
5037 17 466 817 500 863 0
5038 2 1491 854 1545 935 0
5038 15 1314 869 1355 925 0
5038 17 514 816 549 858 0
5039 2 1494 855 1547 932 0
5039 15 1314 866 1356 916 0
5039 17 514 816 549 858 0
5040 2 1572 872 1624 950 0
5040 6 848 852 871 885 0
5040 15 1381 890 1419 938 0
5040 17 569 810 611 858 0
5041 2 1614 882 1668 951 0
5041 6 880 849 904 888 0
5041 15 1415 893 1454 937 0
5041 17 599 808 639 852 0
5042 2 1618 882 1671 968 0
5042 6 881 852 905 887 0
5042 15 1417 896 1456 939 0
5042 17 599 808 637 852 0
5043 2 1701 888 1757 964 0
5043 6 941 846 966 885 0
5043 15 1491 900 1530 940 0
5043 17 657 794 693 849 0
5044 2 1738 884 1802 957 0
5044 6 967 842 990 881 0
5044 15 1531 893 1565 939 0
5044 17 679 788 718 838 0
5045 2 1738 886 1802 961 0
5045 6 966 844 990 883 0
5045 15 1523 894 1560 935 0
5045 17 679 788 718 838 0
5046 2 1799 870 1880 947 0
5046 6 1005 827 1033 870 0
5046 15 1576 877 1615 922 0
5046 16 862 802 893 840 0
5046 17 713 771 752 819 0
5047 2 1824 860 1909 943 0
5047 6 1020 818 1051 861 0
5047 15 1595 874 1639 919 0
5047 16 882 793 911 831 0
5047 17 729 763 767 807 0
5048 2 1824 860 1909 943 0
5048 6 1024 821 1053 862 0
5048 15 1599 874 1642 916 0
5048 16 880 795 911 831 0
5048 17 729 763 767 807 0
5049 6 1050 799 1085 842 0
5049 15 1638 845 1678 887 0
5049 16 921 775 952 814 0
5049 17 756 745 790 786 0
5050 6 1065 789 1101 831 0
5050 15 1661 827 1702 867 0
5050 16 939 767 971 805 0
5050 17 769 733 806 774 0
5051 6 1069 787 1102 830 0
5051 15 1660 823 1698 875 0
5051 16 945 763 977 802 0
5051 17 769 733 804 774 0
5052 6 1105 759 1135 802 0
5052 15 1708 789 1747 831 0
5052 16 982 743 1012 781 0
5052 17 800 711 840 749 0
5053 6 1107 763 1132 798 0
5053 15 1707 783 1744 831 0
5053 16 982 747 1012 777 0
5053 17 800 711 840 746 0
5054 6 1139 722 1167 769 0
5054 11 958 714 993 752 0
5054 15 1753 741 1797 783 0
5054 16 1022 710 1053 744 0
5054 17 836 680 867 721 0
5055 6 1154 711 1186 750 0
5055 11 976 709 1011 745 0
5055 15 1782 721 1823 767 0
5055 16 1043 698 1078 732 0
5055 17 849 671 890 722 0
5056 6 1158 709 1188 747 0
5056 11 976 707 1010 742 0
5056 15 1782 721 1824 767 0
5056 16 1044 697 1069 733 0
5056 17 849 671 886 722 0
5057 6 1194 699 1226 738 0
5057 11 1014 697 1046 731 0
5057 15 1834 702 1882 757 0
5057 16 1093 687 1118 724 0
5057 17 881 668 920 716 0
5058 6 1211 696 1245 731 0
5058 11 1036 694 1064 730 0
5058 15 1856 698 1910 749 0
5058 16 1113 682 1136 719 0
5058 17 894 668 936 705 0
5059 5 1460 704 1492 726 0
5059 6 1209 698 1245 732 0
5059 11 1038 694 1064 730 0
5059 15 1856 698 1907 749 0
5059 16 1110 688 1141 720 0
5059 17 894 667 936 706 0
5060 5 1478 709 1516 733 0
5060 6 1227 700 1265 739 0
5060 11 1050 695 1083 732 0
5060 16 1134 690 1168 725 0
5060 12 1406 731 1451 772 0
5060 17 914 671 956 711 0
5061 5 1477 709 1514 731 0
5061 6 1227 698 1265 746 0
5061 11 1047 696 1081 732 0
5061 16 1134 690 1165 723 0
5061 12 1406 731 1448 772 0
5061 17 914 671 953 711 0
5062 5 1494 717 1530 758 0
5062 6 1241 706 1279 749 0
5062 11 1062 701 1096 746 0
5062 16 1154 696 1187 733 0
5062 12 1423 741 1463 778 0
5062 17 928 679 968 719 0
5063 5 1505 725 1542 767 0
5063 6 1250 714 1289 759 0
5063 11 1071 709 1105 746 0
5063 16 1169 705 1199 739 0
5063 12 1434 748 1472 786 0
5063 17 936 681 981 724 0
5064 5 1518 733 1553 777 0
5064 6 1261 722 1299 766 0
5064 11 1080 716 1114 752 0
5064 16 1181 710 1211 745 0
5064 12 1445 758 1484 796 0
5064 17 944 687 989 729 0
5065 5 1519 734 1556 777 0
5065 6 1262 722 1295 766 0
5065 11 1080 714 1115 755 0
5065 16 1180 712 1213 748 0
5065 12 1445 758 1479 796 0
5065 17 944 687 985 728 0
5066 5 1538 750 1576 797 0
5066 6 1276 738 1316 786 0
5066 11 1096 730 1131 769 0
5066 16 1205 727 1236 763 0
5066 12 1458 775 1506 812 0
5066 17 959 701 998 744 0
5067 5 1546 759 1580 801 0
5067 6 1283 746 1323 796 0
5067 11 1103 738 1137 779 0
5067 16 1214 737 1244 773 0
5067 12 1463 782 1507 820 0
5067 17 959 710 1004 754 0
5068 5 1546 762 1585 798 0
5068 6 1283 754 1321 796 0
5068 11 1105 740 1137 778 0
5068 16 1214 736 1245 775 0
5068 12 1463 782 1506 820 0
5068 17 959 710 1004 754 0
5069 5 1567 781 1604 823 0
5069 6 1299 766 1337 809 0
5069 11 1120 756 1154 795 0
5069 16 1238 758 1268 789 0
5069 12 1483 800 1529 839 0
5069 17 976 728 1015 777 0
5070 5 1567 781 1605 825 0
5070 6 1302 770 1338 813 0
5070 11 1120 756 1151 798 0
5070 16 1237 758 1267 791 0
5070 12 1481 807 1529 839 0
5070 17 976 728 1014 777 0
5071 5 1587 790 1628 835 0
5071 6 1316 773 1354 817 0
5071 11 1136 767 1170 807 0
5071 16 1259 769 1292 802 0
5071 12 1497 815 1542 853 0
5071 17 987 738 1027 785 0
5072 5 1592 795 1630 840 0
5072 6 1317 776 1356 821 0
5072 11 1136 767 1171 807 0
5072 16 1266 772 1299 807 0
5072 12 1499 815 1543 857 0
5072 17 987 740 1026 778 0
5073 5 1593 796 1635 838 0
5073 6 1312 784 1358 828 0
5073 11 1136 767 1171 807 0
5073 16 1258 770 1298 812 0
5073 12 1498 817 1543 855 0
5073 17 987 740 1024 778 0
5074 5 1614 800 1653 845 0
5074 6 1333 782 1371 830 0
5074 11 1152 775 1185 815 0
5074 16 1290 781 1319 813 0
5074 12 1516 821 1560 854 0
5074 17 996 745 1038 783 0
5075 5 1631 814 1667 854 0
5075 6 1346 792 1381 833 0
5075 11 1162 783 1195 826 0
5075 16 1303 793 1335 823 0
5075 12 1527 831 1573 863 0
5075 17 1006 756 1047 800 0
5076 5 1622 818 1678 860 0
5076 6 1345 791 1383 832 0
5076 11 1162 783 1195 826 0
5076 16 1303 792 1335 820 0
5076 12 1527 831 1573 863 0
5076 17 1006 756 1047 800 0
5077 5 1654 821 1692 864 0
5077 6 1366 803 1402 852 0
5077 11 1177 802 1211 843 0
5077 16 1326 807 1358 843 0
5077 12 1550 844 1593 885 0
5077 17 1016 769 1051 812 0
5078 5 1652 824 1693 863 0
5078 6 1364 803 1403 855 0
5078 11 1177 802 1211 843 0
5078 16 1326 805 1359 844 0
5078 12 1546 845 1593 884 0
5078 17 1016 769 1051 812 0
5079 5 1656 814 1697 852 0
5079 6 1371 792 1409 849 0
5079 1 1835 841 1877 882 0
5079 11 1177 786 1211 825 0
5079 16 1335 798 1365 830 0
5079 12 1550 832 1595 870 0
5079 17 1015 759 1051 797 0
5080 5 1656 804 1697 844 0
5080 6 1366 783 1407 828 0
5080 1 1830 831 1871 874 0
5080 11 1175 777 1208 819 0
5080 16 1337 792 1366 821 0
5080 12 1548 823 1593 861 0
5080 17 1007 750 1043 788 0
5081 5 1655 800 1696 840 0
5081 6 1370 783 1404 834 0
5081 1 1830 831 1871 874 0
5081 11 1175 777 1208 819 0
5081 16 1335 791 1366 822 0
5081 12 1548 823 1593 861 0
5081 17 1007 750 1043 788 0
5082 5 1650 799 1692 837 0
5082 6 1363 780 1404 825 0
5082 1 1823 831 1871 872 0
5082 11 1165 772 1199 811 0
5082 12 1540 820 1585 861 0
5082 17 996 748 1038 789 0
5083 5 1655 803 1696 839 0
5083 6 1370 782 1407 835 0
5083 1 1829 834 1874 879 0
5083 11 1165 772 1204 814 0
5083 12 1540 820 1585 861 0
5083 17 996 755 1039 789 0
5084 5 1654 804 1695 845 0
5084 6 1365 781 1409 830 0
5084 1 1829 834 1874 879 0
5084 11 1165 772 1204 814 0
5084 12 1546 825 1591 861 0
5084 17 996 755 1039 789 0
5085 5 1678 805 1718 843 0
5085 6 1390 784 1430 832 0
5085 1 1854 839 1900 880 0
5085 11 1181 768 1217 815 0
5085 12 1563 825 1610 861 0
5085 17 1016 750 1054 789 0
5086 5 1694 800 1734 840 0
5086 6 1402 779 1443 826 0
5086 1 1868 834 1913 880 0
5086 11 1188 761 1227 800 0
5086 12 1573 819 1624 855 0
5086 17 1016 741 1065 776 0
5087 5 1694 802 1731 840 0
5087 6 1403 779 1442 822 0
5087 1 1871 834 1912 880 0
5087 11 1188 761 1227 800 0
5087 12 1573 819 1624 855 0
5087 17 1023 741 1065 776 0
5088 5 1715 790 1759 833 0
5088 6 1427 770 1471 815 0
5088 1 1903 827 1920 872 0
5088 11 1202 753 1246 800 0
5088 12 1598 808 1649 847 0
5088 17 1037 730 1079 769 0
5089 5 1715 791 1755 832 0
5089 6 1428 770 1470 822 0
5089 11 1202 753 1246 800 0
5089 12 1600 808 1646 847 0
5089 17 1037 730 1079 769 0
5090 5 1745 787 1786 829 0
5090 6 1457 767 1492 818 0
5090 11 1225 748 1274 793 0
5090 12 1629 807 1673 843 0
5090 17 1059 727 1095 769 0
5091 5 1765 784 1802 829 0
5091 6 1469 763 1512 811 0
5091 11 1238 742 1285 791 0
5091 17 1066 716 1108 753 0
5092 5 1765 784 1802 829 0
5092 6 1470 762 1509 807 0
5092 11 1238 742 1285 791 0
5092 17 1066 716 1108 753 0
5093 5 1802 773 1841 813 0
5093 6 1504 745 1543 790 0
5093 11 1268 728 1313 769 0
5093 17 1095 706 1136 737 0
5094 5 1802 773 1841 813 0
5094 6 1504 745 1543 790 0
5094 11 1268 728 1313 769 0
5094 17 1095 706 1136 737 0
5178 4 1162 424 1201 471 0
5178 1 712 469 753 510 0
5178 13 902 488 945 527 0
5178 10 829 494 882 541 0
5178 3 1094 488 1132 532 0
5179 4 1136 419 1167 460 0
5179 1 683 463 722 498 0
5179 13 875 486 915 517 0
5179 10 808 488 853 528 0
5179 3 1064 482 1100 527 0
5180 4 1136 419 1167 460 0
5180 1 683 463 722 498 0
5180 13 875 486 915 517 0
5180 10 808 488 853 528 0
5180 3 1064 482 1100 527 0
5181 4 1067 396 1099 433 0
5181 1 621 441 659 472 0
5181 13 801 449 849 498 0
5181 10 737 465 786 505 0
5181 3 1004 459 1034 504 0
5182 1 581 422 613 455 0
5182 13 761 426 801 475 0
5182 10 702 448 736 489 0
5183 1 581 422 613 455 0
5183 10 702 448 736 489 0
5297 3 39 0 84 62 0
5298 3 39 0 84 62 0
5299 3 33 40 83 98 0
5300 3 27 57 72 116 0
5301 4 56 0 134 58 0
5301 3 24 79 71 135 0
5302 4 56 0 134 58 0
5302 3 24 79 71 135 0
5303 4 37 13 117 87 0
5303 3 12 106 57 166 0
5304 4 32 28 109 92 0
5304 8 700 0 769 38 0
5304 3 3 118 49 175 0
5305 4 32 28 109 92 0
5305 8 697 0 768 38 0
5305 3 3 118 49 175 0
5306 4 15 44 87 114 0
5306 8 709 0 765 49 0
5306 3 0 136 37 192 0
5307 4 8 51 81 118 0
5307 8 704 0 765 60 0
5307 3 0 149 28 192 0
5308 4 8 51 81 118 0
5308 8 705 0 765 60 0
5308 3 0 149 28 192 0
5309 4 0 62 57 136 0
5309 8 699 0 765 93 0
5310 4 0 62 43 136 0
5310 8 699 0 765 93 0
5311 4 0 62 44 131 0
5311 8 699 0 765 93 0
5312 8 691 0 758 69 0
5313 8 691 0 751 47 0
5314 8 691 0 751 47 0
5341 8 876 77 948 174 0
5342 8 871 84 949 173 0
5343 8 855 91 927 187 0
5344 8 848 93 922 192 0
5345 8 849 90 929 184 0
5346 8 845 82 922 176 0
5347 8 845 82 920 180 0
5348 8 840 65 915 156 0
5349 8 839 50 907 141 0
5350 8 836 38 916 128 0
5351 8 837 31 913 128 0
5352 8 849 38 923 126 0
5353 8 860 47 929 127 0
5354 8 854 41 931 137 0
5355 8 876 35 947 125 0
5356 8 880 31 953 118 0
5357 8 886 29 953 116 0
5358 8 900 16 974 103 0
5359 8 900 16 974 103 0
5360 8 917 2 994 86 0
5361 8 941 2 1010 82 0
5362 8 941 2 1010 82 0
5363 8 975 0 1040 52 0
5364 8 977 0 1046 44 0
5365 8 977 0 1046 42 0
5366 8 994 0 1056 27 0
5367 8 994 0 1056 27 0
5368 8 1007 0 1065 27 0
5369 8 996 0 1065 31 0
5370 8 996 0 1065 31 0
5371 8 991 0 1065 57 0
5372 8 991 0 1061 64 0
5373 8 991 0 1061 64 0
5374 8 982 0 1063 74 0
5375 8 982 0 1063 74 0
5376 8 990 0 1067 81 0
5377 8 992 0 1070 85 0
5378 8 992 0 1070 85 0
5379 8 1010 0 1087 88 0
5380 8 1010 0 1085 88 0
5381 8 1025 0 1104 101 0
5382 8 1028 9 1109 111 0
5383 8 1031 14 1112 116 0
5384 8 1031 14 1112 116 0
5385 8 1035 14 1119 116 0
5386 8 1035 14 1117 116 0
5387 8 1057 0 1135 98 0
5388 8 1072 0 1149 84 0
5389 8 1072 0 1147 84 0
5390 8 1121 0 1191 54 0
5391 8 1121 0 1193 54 0
5398 8 1129 0 1207 43 0
5399 8 1116 0 1199 50 0
5400 8 1116 0 1199 49 0
5401 8 1095 0 1187 64 0
5402 8 1087 0 1178 74 0
5403 8 1090 0 1178 74 0
5404 8 1079 0 1168 78 0
5405 8 1078 0 1168 82 0
5406 8 1057 1 1151 90 0
5407 8 1056 0 1151 90 0
5408 8 1048 1 1134 109 0
5409 8 1032 3 1124 111 0
5410 8 1032 2 1126 113 0
5411 8 1027 12 1113 128 0
5412 8 1020 18 1106 129 0
5413 8 1021 16 1107 128 0
5414 8 1005 10 1091 120 0
5415 8 1006 10 1090 122 0
5416 8 991 0 1075 87 0
5417 8 985 0 1059 50 0
5418 8 985 0 1057 50 0
5490 8 935 0 1025 51 0
5491 8 911 13 1005 103 0
5492 8 907 19 1012 116 0
5493 8 874 111 970 233 0
5494 8 880 111 978 229 0
5495 8 851 173 945 301 0
5496 8 840 194 936 314 0
5497 8 842 194 938 314 0
5498 8 830 234 918 352 0
5499 8 812 248 913 360 0
5500 8 817 240 913 366 0
5501 8 805 277 896 395 0
5502 8 794 308 892 414 0
5503 8 796 326 886 429 0
5504 8 790 327 886 435 0
5505 8 781 373 878 490 0
5506 8 781 407 871 518 0
5507 8 780 408 870 527 0
5508 8 757 465 856 577 0
5509 8 754 485 848 597 0
5510 8 754 487 850 599 0
5511 8 745 511 844 616 0
5512 8 742 504 834 632 0
5513 8 742 502 836 630 0
5514 8 745 505 844 620 0
5515 8 745 498 845 620 0
5516 8 762 499 856 605 0
5517 8 771 497 867 614 0
5518 8 771 494 871 614 0
5519 8 784 490 883 616 0
5520 8 797 494 891 618 0
5521 8 797 494 890 616 0
5522 8 805 497 908 612 0
5523 8 811 504 911 614 0
5524 8 808 500 907 622 0
5525 8 818 518 918 634 0
5526 8 821 514 920 640 0
5527 8 825 524 924 632 0
5528 8 830 520 931 640 0
5529 8 834 520 937 642 0
5530 8 852 526 944 660 0
5531 8 846 524 940 658 0
5532 8 864 534 958 668 0
5533 8 868 538 962 672 0
5534 8 862 534 956 668 0
5535 8 877 552 968 678 0
5536 8 876 554 972 676 0
5537 8 892 562 988 684 0
5538 8 902 566 998 694 0
5539 8 910 568 1006 696 0
5540 8 902 564 1000 692 0
5541 8 911 573 1011 701 0
5542 8 918 580 1010 709 0
5543 8 926 576 1025 698 0
5544 8 938 574 1034 703 0
5545 8 934 574 1032 703 0
5546 8 945 577 1039 698 0
5547 8 952 573 1048 697 0
5548 8 948 574 1044 696 0
5549 8 956 562 1054 679 0
5550 8 952 560 1048 685 0
5551 8 956 548 1052 673 0
5552 8 954 537 1042 663 0
5553 8 956 537 1048 659 0
5554 8 954 518 1046 635 0
5555 8 962 506 1050 617 0
5556 8 960 502 1048 627 0
5557 8 969 456 1060 573 0
5558 8 964 459 1060 579 0
5559 8 996 379 1083 487 0
5560 8 1028 311 1106 423 0
5561 8 1028 311 1106 423 0
5562 8 1098 161 1176 261 0
5563 8 1145 77 1225 191 0
5564 8 1142 77 1217 191 0
5774 3 4 0 73 63 0
5775 3 9 0 70 67 0
5776 3 42 0 112 71 0
5777 3 56 6 117 74 0
5778 3 60 23 122 84 0
5779 3 60 23 117 84 0
5780 4 77 0 151 30 0
5780 3 45 49 105 111 0
5781 4 77 0 146 28 0
5781 3 45 49 105 111 0
5782 4 72 0 138 28 0
5782 3 45 50 105 111 0
5783 4 79 0 150 28 0
5783 3 45 50 97 111 0
5784 4 79 0 147 32 0
5784 3 45 50 100 111 0
5785 4 89 0 129 32 0
5785 3 52 53 116 117 0
5786 3 56 53 100 114 0
5787 3 57 53 104 114 0
5809 4 0 0 65 55 0
5810 4 0 0 60 50 0
5811 4 0 0 60 50 0
5812 4 0 0 49 48 0
5813 4 0 0 43 44 0
5814 4 0 0 43 44 0
5815 4 0 0 29 42 0
5816 4 0 0 28 42 0
5856 4 0 0 69 54 0
5857 4 0 0 75 54 0
5858 4 0 0 74 54 0
5859 4 0 0 74 54 0
5860 4 0 0 71 54 0
5861 4 0 0 70 54 0
5862 4 0 0 67 54 0
5863 4 0 0 67 54 0
5864 4 0 0 58 59 0
5865 4 0 0 58 58 0
5866 4 0 0 58 58 0
5867 4 0 0 58 58 0
5868 4 0 0 58 58 0
5869 4 0 0 58 58 0
5870 4 0 0 58 58 0
5871 4 0 0 58 58 0
5872 4 0 0 51 55 0
5873 4 0 0 37 49 0
5931 4 7 0 41 33 0
5932 4 7 0 41 33 0
5933 4 7 0 41 33 0
5934 4 7 0 43 33 0
5935 4 7 0 41 33 0
5936 4 7 0 42 35 0
5937 4 7 0 45 35 0
5938 4 7 0 41 35 0
5939 4 7 0 43 35 0
5940 4 7 0 45 36 0
5941 4 7 0 41 38 0
5942 4 7 0 40 38 0
5943 4 7 0 39 38 0
5944 4 7 0 37 39 0
5945 4 7 0 38 39 0
5946 4 1 0 38 37 0
5947 4 1 0 37 37 0
5948 4 1 0 26 31 0
6019 14 923 1 1025 100 0
6019 11 1021 0 1155 84 0
6020 14 925 13 1018 133 0
6020 11 1008 0 1144 109 0
6021 14 925 1 1016 135 0
6021 11 1003 0 1151 109 0
6022 14 931 25 1018 177 0
6022 11 999 1 1140 168 0
6023 14 939 29 1026 180 0
6023 11 1003 1 1140 171 0
6024 14 940 28 1025 182 0
6024 11 1001 1 1140 174 0
6025 14 955 25 1035 175 0
6025 11 1009 0 1147 165 0
6026 14 962 11 1042 166 0
6026 11 1013 0 1144 154 0
6027 14 959 11 1042 166 0
6027 11 1014 0 1151 156 0
6028 14 974 0 1065 128 0
6028 11 1026 0 1162 118 0
6029 14 986 0 1066 113 0
6029 11 1043 0 1162 108 0
6030 14 986 0 1066 113 0
6030 11 1043 0 1162 108 0
6031 14 1022 0 1083 90 0
6031 11 1058 0 1185 78 0
6032 14 1040 0 1097 46 0
6032 11 1068 0 1162 62 0
6033 14 1040 0 1097 46 0
6033 11 1068 0 1162 62 0
6066 3 0 0 27 33 0
6067 3 0 0 28 26 0
6126 11 763 0 883 65 0
6127 14 1074 0 1149 44 0
6127 11 769 0 901 86 0
6128 14 1053 0 1140 63 0
6128 11 776 0 909 98 0
6129 14 1049 0 1150 68 0
6129 11 774 0 916 110 0
6130 14 1016 0 1111 92 0
6130 11 780 0 923 133 0
6131 14 1004 0 1103 103 0
6131 11 780 0 914 148 0
6132 14 998 0 1095 106 0
6132 11 788 1 925 149 0
6133 14 986 0 1064 108 0
6133 11 796 2 936 166 0
6134 14 984 0 1066 111 0
6134 11 788 2 930 167 0
6135 14 966 0 1056 115 0
6135 11 806 2 952 171 0
6136 14 965 0 1050 110 0
6136 11 815 4 958 176 0
6137 14 962 0 1048 106 0
6137 11 813 6 960 169 0
6138 14 952 0 1034 95 0
6138 11 835 4 973 168 0
6139 14 948 0 1030 89 0
6139 11 842 1 981 166 0
6140 14 954 0 1030 88 0
6140 11 845 2 987 167 0
6141 14 971 0 1028 65 0
6141 11 856 0 999 157 0
6142 11 860 0 999 145 0
6143 11 860 0 999 146 0
6144 11 880 0 1008 129 0
6145 11 887 0 1014 126 0
6146 11 895 0 1022 123 0
6147 11 902 0 1028 116 0
6148 11 902 0 1028 116 0
6149 11 911 0 1043 102 0
6150 11 911 0 1043 106 0
6151 11 921 0 1052 91 0
6152 11 928 0 1053 83 0
6153 11 928 0 1053 81 0
6154 11 934 0 1045 70 0
6155 11 934 0 1045 63 0
6156 11 934 0 1039 63 0
6157 11 934 0 1039 36 0
6158 11 934 0 1039 37 0
6483 3 236 1 274 51 0
6484 3 249 1 289 46 0
6485 3 249 1 289 46 0
6486 3 255 1 297 36 0
6487 3 255 1 297 36 0
6488 3 255 1 297 30 0
6528 3 107 0 154 38 0
6529 3 107 0 154 38 0
6530 3 107 0 154 38 0
6531 3 96 0 142 40 0
6532 3 96 0 144 40 0
6533 3 87 0 137 41 0
6534 3 87 0 136 41 0
6535 3 90 0 136 41 0
6536 3 90 0 136 41 0
6537 3 90 0 136 41 0
6538 3 90 0 136 41 0
6539 3 90 0 136 41 0
6540 3 90 0 136 41 0
6541 3 92 0 138 38 0
6542 3 92 0 138 31 0
6543 3 92 0 138 30 0
6544 3 88 0 138 25 0
7532 4 4 0 67 58 0
7532 3 16 70 61 131 0
7533 4 22 0 83 57 0
7533 3 38 70 85 127 0
7534 4 27 0 90 56 0
7534 3 38 70 85 127 0
7535 4 52 0 119 55 0
7535 3 69 69 113 127 0
7536 4 54 0 122 54 0
7536 3 69 69 113 127 0
7537 4 66 0 136 52 0
7537 3 86 69 128 127 0
7538 4 66 0 137 52 0
7538 3 86 69 128 125 0
7539 4 66 0 138 51 0
7539 3 86 69 128 123 0
7540 4 66 0 138 50 0
7540 3 86 69 128 123 0
7541 4 66 0 139 48 0
7541 3 86 69 128 123 0
7542 4 66 1 140 47 0
7542 3 86 69 128 123 0
7543 4 66 1 140 47 0
7543 3 86 69 128 123 0
7544 4 66 1 140 47 0
7544 3 86 69 128 123 0
7545 4 66 1 137 59 0
7545 3 86 78 132 137 0
7546 4 72 1 137 66 0
7546 3 91 81 130 140 0
7547 4 72 1 137 66 0
7547 3 91 81 130 140 0
7548 4 79 7 146 81 0
7548 3 100 93 142 152 0
7549 4 82 4 154 94 0
7549 3 100 93 142 152 0
7550 4 88 15 162 92 0
7550 3 106 103 155 164 0
7551 4 88 24 162 101 0
7551 3 109 109 154 165 0
7552 4 90 20 164 106 0
7552 3 109 109 154 165 0
7553 4 89 34 159 105 0
7553 3 109 114 154 169 0
7554 4 88 28 164 112 0
7554 3 109 114 154 169 0
7555 4 96 34 166 109 0
7555 3 109 120 158 175 0
7556 4 96 32 169 108 0
7556 3 116 120 158 175 0
7557 4 94 34 167 111 0
7557 3 117 120 156 175 0
7558 4 102 32 172 116 0
7558 3 118 120 158 175 0
7559 4 98 32 176 116 0
7559 3 118 120 158 175 0
7560 4 96 34 175 113 0
7560 3 118 120 158 175 0
7561 4 94 32 163 109 0
7561 3 109 122 156 172 0
7562 4 92 32 170 116 0
7562 3 109 122 156 172 0
7563 4 82 31 145 113 0
7563 3 92 122 143 178 0
7564 4 77 30 145 116 0
7564 3 90 121 135 178 0
7565 4 76 30 154 118 0
7565 3 90 121 135 178 0
7566 4 66 30 125 114 0
7566 3 75 121 125 178 0
7567 4 62 32 131 120 0
7567 3 75 121 125 178 0
7568 4 58 32 134 120 0
7568 3 75 121 125 178 0
7569 4 54 30 124 118 0
7569 3 68 121 119 182 0
7570 4 52 30 124 118 0
7570 3 68 121 119 182 0
7571 4 54 30 123 116 0
7571 3 68 121 119 182 0
7572 4 53 30 120 118 0
7572 3 68 121 119 179 0
7573 4 50 32 130 120 0
7573 3 68 121 119 179 0
7574 4 52 24 130 112 0
7574 3 68 121 119 179 0
7575 4 54 29 122 113 0
7575 3 68 117 119 172 0
7576 4 54 28 127 116 0
7576 3 68 117 119 172 0
7577 4 56 18 125 104 0
7577 3 68 110 124 167 0
7578 4 60 20 128 104 0
7578 3 68 110 124 167 0
7579 4 56 24 132 108 0
7579 3 68 110 124 167 0
7580 4 91 31 151 109 0
7580 3 107 114 150 166 0
7581 4 93 28 147 105 0
7581 3 107 114 150 166 0
7582 4 175 45 213 117 0
7582 3 183 135 226 174 0
7583 4 226 56 258 121 0
7583 3 234 137 277 184 0
7584 4 226 55 255 121 0
7584 3 234 137 274 184 0
7585 4 312 75 346 144 0
7585 3 320 160 359 206 0
7586 4 311 73 347 140 0
7586 3 320 160 358 206 0
7587 4 367 85 412 155 0
7587 8 0 10 114 167 0
7587 3 376 162 415 210 0
7588 4 391 81 433 152 0
7588 8 0 4 136 160 0
7588 3 401 161 438 205 0
7589 4 391 80 434 159 0
7589 8 0 14 136 154 0
7589 3 401 161 438 205 0
7590 4 437 69 478 142 0
7590 8 57 18 193 147 0
7590 3 439 151 478 197 0
7591 4 433 74 481 134 0
7591 8 62 27 199 142 0
7591 3 439 151 478 197 0
7592 4 464 80 516 149 0
7592 8 114 47 258 178 0
7592 3 476 157 515 206 0
7593 4 478 90 529 157 0
7593 8 124 57 286 193 0
7593 3 486 168 523 214 0
7594 4 475 90 529 159 0
7594 8 125 62 283 190 0
7594 3 486 168 523 214 0
7595 4 489 94 543 168 0
7595 8 138 72 309 217 0
7595 3 492 177 537 223 0
7596 4 487 96 544 171 0
7596 8 137 72 310 217 0
7596 3 492 177 537 223 0
7597 4 492 96 550 175 0
7597 8 135 68 311 236 0
7597 3 497 181 539 228 0
7598 4 490 102 554 176 0
7598 8 132 76 316 234 0
7598 3 497 181 539 228 0
7599 4 508 100 562 175 0
7599 8 138 68 315 246 0
7599 7 375 291 407 338 0
7599 3 509 186 551 231 0
7600 4 511 99 568 169 0
7600 8 136 66 317 251 0
7600 7 383 290 414 338 0
7600 3 514 181 556 231 0
7601 4 512 98 569 171 0
7601 8 138 68 316 255 0
7601 7 383 290 414 338 0
7601 3 514 181 556 231 0
7602 4 515 92 578 167 0
7602 8 133 59 303 239 0
7602 7 389 284 423 329 0
7602 3 523 174 563 225 0
7603 4 508 92 574 162 0
7603 8 121 68 289 224 0
7603 7 389 284 423 329 0
7603 3 523 174 563 225 0
7604 4 512 92 578 162 0
7604 8 118 70 294 226 0
7604 7 389 284 423 329 0
7604 3 523 174 563 225 0
7605 4 511 83 570 156 0
7605 8 97 50 275 218 0
7605 7 384 277 420 319 0
7605 3 517 167 560 216 0
7606 4 507 84 565 154 0
7606 8 78 44 263 216 0
7606 7 380 277 416 322 0
7606 3 512 161 560 215 0
7607 4 510 86 566 150 0
7607 8 83 46 263 218 0
7607 7 380 277 416 322 0
7607 3 512 161 560 215 0
7608 4 502 80 559 151 0
7608 8 57 39 249 213 0
7608 7 377 268 411 316 0
7608 3 508 158 554 206 0
7609 4 504 82 562 148 0
7609 8 53 50 247 212 0
7609 7 377 268 411 316 0
7609 3 508 158 554 206 0
7610 4 498 74 556 144 0
7610 8 30 36 229 211 0
7610 7 375 264 411 312 0
7610 3 508 157 554 207 0
7611 4 502 72 562 142 0
7611 8 18 38 234 212 0
7611 7 375 264 411 309 0
7611 3 508 154 554 204 0
7612 4 504 72 562 140 0
7612 8 22 38 230 210 0
7612 7 375 264 411 309 0
7612 3 508 151 554 200 0
7613 4 510 64 566 134 0
7613 8 15 20 225 199 0
7613 7 380 254 418 305 0
7613 3 510 143 553 200 0
7614 4 510 70 564 134 0
7614 8 14 18 225 203 0
7614 7 378 254 416 302 0
7614 3 510 143 558 194 0
7615 4 517 64 574 136 0
7615 15 211 163 250 216 0
7615 8 18 6 234 195 0
7615 7 391 248 428 293 0
7615 3 524 137 568 186 0
7616 4 532 58 584 126 0
7616 15 211 159 254 213 0
7616 8 36 14 243 194 0
7616 7 398 244 438 286 0
7616 3 531 137 576 186 0
7617 4 524 58 588 126 0
7617 15 211 159 255 213 0
7617 8 28 14 242 194 0
7617 7 398 244 435 292 0
7617 3 531 137 576 186 0
7618 4 541 49 599 125 0
7618 15 236 156 277 205 0
7618 8 35 0 253 188 0
7618 7 413 239 448 286 0
7618 3 548 133 588 181 0
7619 4 550 52 606 114 0
7619 15 236 151 277 201 0
7619 8 41 0 263 177 0
7619 7 419 236 452 286 0
7619 3 552 131 590 180 0
7620 4 548 52 604 116 0
7620 15 236 151 277 201 0
7620 8 46 12 266 190 0
7620 7 419 236 452 286 0
7620 3 552 131 590 180 0
7621 4 560 50 614 119 0
7621 8 51 0 276 175 0
7621 7 424 234 456 282 0
7621 3 560 127 598 175 0
7622 4 556 50 614 116 0
7622 8 51 0 278 175 0
7622 7 424 233 460 281 0
7622 3 560 127 598 175 0
7623 4 573 55 623 125 0
7623 8 76 0 303 183 0
7623 7 440 241 469 289 0
7623 3 572 144 607 181 0
7624 4 580 60 631 133 0
7624 8 97 0 315 187 0
7624 7 445 245 479 293 0
7624 3 582 142 615 181 0
7625 4 586 70 638 139 0
7625 8 118 0 329 200 0
7625 7 453 249 484 292 0
7625 3 586 145 621 185 0
7626 4 586 70 642 134 0
7626 8 114 0 326 197 0
7626 7 453 249 484 292 0
7626 3 586 145 621 185 0
7627 4 593 72 642 140 0
7627 8 143 0 357 207 0
7627 7 457 254 491 301 0
7627 3 590 148 624 193 0
7628 4 596 72 648 136 0
7628 8 156 1 371 208 0
7628 7 457 254 491 301 0
7628 3 590 148 624 193 0
7629 4 594 74 646 136 0
7629 8 152 6 372 208 0
7629 7 457 254 491 301 0
7629 3 590 148 624 193 0
7630 4 598 74 648 142 0
7630 8 188 2 399 216 0
7630 7 460 254 496 301 0
7630 3 596 151 631 204 0
7631 4 594 76 648 138 0
7631 8 197 2 400 214 0
7631 7 460 254 496 301 0
7631 3 596 151 631 204 0
7632 4 599 73 650 144 0
7632 8 222 0 434 218 0
7632 3 596 151 634 206 0
7633 4 599 78 649 138 0
7633 8 239 0 453 219 0
7633 3 596 152 633 206 0
7634 4 594 78 652 138 0
7634 8 239 0 453 219 0
7634 3 596 152 633 206 0
7635 4 590 80 636 146 0
7635 8 265 0 481 228 0
7635 3 585 156 614 207 0
7636 4 582 78 628 144 0
7636 8 275 0 500 223 0
7636 3 579 156 611 205 0
7637 4 580 82 632 146 0
7637 8 275 0 500 223 0
7637 3 579 156 611 205 0
7638 4 557 74 601 135 0
7638 8 297 0 522 216 0
7638 3 558 153 586 206 0
7639 4 556 80 604 132 0
7639 8 297 0 522 216 0
7639 3 558 153 586 206 0
7640 4 517 68 555 135 0
7640 8 297 0 522 197 0
7640 3 520 152 548 194 0
7641 8 272 0 510 172 0
7642 8 272 0 505 172 0
7643 8 234 0 468 116 0
7644 13 35 177 91 224 0
7644 15 46 121 86 173 0
7644 8 242 0 463 103 0
7645 13 35 172 93 224 0
7645 15 46 121 83 173 0
7645 8 242 0 463 103 0
7646 13 11 167 61 216 0
7646 15 9 115 48 162 0
7646 8 254 0 451 80 0
7647 13 11 167 62 216 0
7647 15 9 115 45 162 0
7647 8 254 0 451 80 0
7648 13 0 172 42 223 0
7648 15 0 117 31 166 0
7649 13 0 172 43 223 0
7649 15 0 118 31 166 0
7655 7 36 192 72 239 0
7656 7 8 185 46 235 0
7657 7 8 185 46 235 0
7658 4 140 0 184 45 0
7658 3 134 76 168 128 0
7659 4 140 0 184 45 0
7659 3 134 76 168 128 0
7660 4 80 0 123 36 0
7660 3 73 58 112 114 0
7661 4 50 0 95 39 0
7661 3 43 51 82 107 0
7662 4 50 0 95 39 0
7662 3 43 51 82 107 0
7699 3 164 2 213 52 0
7700 3 164 2 210 52 0
7701 3 164 6 213 60 0
7702 3 164 6 211 64 0
7703 3 164 6 211 64 0
7704 3 166 10 214 66 0
7705 3 166 10 214 66 0
7706 3 168 10 214 66 0
7707 7 19 119 63 178 0
7707 3 171 10 213 66 0
7708 7 19 120 63 178 0
7708 3 173 10 215 66 0
7709 7 19 120 63 178 0
7709 3 173 10 215 66 0
7710 7 19 120 63 178 0
7710 3 173 10 215 66 0
7711 7 19 113 66 169 0
7711 3 173 6 215 60 0
7712 7 19 113 66 169 0
7712 3 173 6 215 60 0
7713 7 19 113 66 169 0
7713 3 173 6 215 60 0
7714 7 22 109 69 166 0
7714 3 173 1 215 54 0
7715 7 22 109 69 166 0
7715 3 173 1 215 54 0
7716 7 23 109 68 166 0
7716 3 176 1 215 54 0
7717 7 23 109 68 166 0
7717 3 176 1 215 54 0
7718 7 23 109 68 166 0
7718 3 176 1 215 54 0
7719 7 23 109 68 166 0
7719 3 176 1 215 54 0
7720 7 22 101 69 153 0
7720 3 176 1 215 46 0
7721 7 22 101 69 153 0
7721 3 176 1 215 46 0
7722 7 22 101 66 152 0
7722 3 176 1 215 44 0
7723 7 22 101 66 152 0
7723 3 176 1 215 44 0
7724 7 25 95 64 149 0
7724 3 182 1 219 39 0
7725 7 25 95 64 149 0
7725 3 182 1 219 39 0
7726 7 25 95 64 149 0
7726 3 182 1 219 39 0
7727 7 25 89 69 144 0
7727 3 182 1 219 33 0
7728 7 25 91 66 144 0
7728 3 182 1 219 33 0
7729 7 25 91 66 144 0
7729 3 182 1 219 33 0
7730 7 15 82 58 140 0
7730 3 178 1 215 26 0
7731 7 16 82 61 138 0
7731 3 175 0 212 25 0
7732 7 12 79 51 135 0
7732 3 171 0 206 21 0
7733 7 9 79 51 135 0
7733 3 171 0 206 21 0
7734 7 9 79 51 135 0
7734 3 171 0 206 21 0
7735 7 4 71 48 128 0
7736 7 4 71 48 128 0
7737 7 0 70 43 123 0
7738 7 0 68 43 120 0
7739 7 0 68 43 120 0
7740 7 0 63 36 120 0
7741 7 0 63 32 118 0
7742 7 0 63 32 118 0
7743 7 0 58 34 118 0
7744 7 0 62 36 118 0
7745 7 0 62 32 115 0
7746 7 0 63 32 115 0
7747 7 0 63 30 115 0
7748 7 0 66 25 116 0
7749 7 0 66 25 115 0
7750 7 0 66 24 115 0
7751 7 0 68 21 118 0
7752 7 0 68 22 118 0
7765 3 116 0 158 30 0
7766 3 108 0 151 32 0
7767 3 103 0 141 41 0
7768 3 103 0 145 41 0
7769 3 98 0 140 44 0
7770 3 98 0 139 44 0
7771 3 99 0 137 51 0
7772 3 99 0 136 51 0
7773 3 96 0 137 51 0
7774 3 90 0 131 54 0
7775 3 90 0 133 54 0
7776 3 84 0 128 49 0
7777 3 84 0 128 49 0
7778 3 84 0 126 49 0
7779 3 81 0 125 49 0
7780 3 81 0 124 49 0
7781 3 80 0 121 50 0
7782 3 77 0 121 50 0
7783 3 77 0 119 50 0
7784 3 77 0 120 50 0
7785 3 77 0 120 50 0
7786 3 71 0 113 47 0
7787 3 73 0 113 44 0
7788 3 73 0 113 44 0
7789 3 73 0 113 39 0
7790 3 73 0 113 39 0
7791 3 76 0 113 35 0
7792 3 76 0 113 32 0
7793 3 76 0 113 33 0
7794 3 77 0 110 28 0
7795 3 79 0 110 28 0
7796 3 79 0 110 28 0
7797 3 81 0 112 26 0
7798 3 81 0 112 25 0
7799 3 87 0 119 24 0
7902 4 254 0 314 47 0
7902 7 133 206 177 258 0
7902 3 270 87 300 133 0
7903 4 254 0 314 47 0
7903 7 136 196 175 258 0
7903 3 272 75 302 126 0
7904 4 254 0 314 47 0
7904 7 136 196 175 258 0
7904 3 272 75 302 126 0
7905 4 246 0 302 32 0
7905 7 123 184 162 236 0
7905 3 259 59 291 111 0
7906 4 239 0 289 32 0
7906 7 114 179 151 229 0
7906 3 253 54 281 103 0
7907 4 239 0 289 32 0
7907 7 114 179 151 229 0
7907 3 253 54 281 103 0
7908 7 92 166 126 218 0
7908 3 235 41 261 90 0
7909 7 81 157 120 207 0
7909 3 222 37 251 84 0
7910 7 81 157 120 207 0
7910 3 222 37 251 84 0
7911 7 60 144 101 199 0
7911 3 206 25 234 71 0
7912 7 60 144 101 199 0
7912 3 206 25 234 71 0
7913 7 20 129 56 180 0
8026 14 1073 0 1151 38 0
8027 14 1073 0 1152 38 0
8028 14 1086 0 1166 38 0
8029 14 1098 0 1173 33 0
8030 14 1098 0 1173 33 0
8087 3 0 50 37 107 0
8088 3 0 50 35 107 0
8089 4 0 0 65 43 0
8089 3 0 50 35 107 0
8090 4 0 0 65 43 0
8090 3 0 50 35 107 0
8091 4 0 0 61 43 0
8091 3 0 50 35 107 0
8092 4 0 0 54 41 0
8092 3 0 50 40 104 0
8093 4 0 0 62 41 0
8093 3 0 51 40 104 0
8094 4 0 0 63 41 0
8094 3 0 42 43 103 0
8095 4 0 0 61 41 0
8095 3 0 42 41 100 0
8096 4 0 0 58 41 0
8096 3 0 42 40 100 0
8097 4 0 0 60 30 0
8097 3 0 34 40 91 0
8098 3 0 34 35 91 0
8099 3 0 29 32 92 0
8159 4 0 20 40 99 0
8160 4 0 24 38 102 0
8161 4 1 35 63 107 0
8161 3 12 111 70 169 0
8162 4 3 37 67 113 0
8162 3 12 111 70 169 0
8163 4 5 40 70 114 0
8163 3 16 111 69 169 0
8164 4 10 42 72 116 0
8164 3 20 118 66 176 0
8165 4 11 45 75 117 0
8165 3 20 118 66 176 0
8166 4 11 48 78 118 0
8166 3 23 118 68 180 0
8167 4 12 47 75 121 0
8167 3 22 123 68 182 0
8168 4 12 48 75 121 0
8168 3 24 123 68 182 0
8169 4 0 42 62 117 0
8169 3 8 117 66 174 0
8170 4 0 42 62 117 0
8170 3 8 117 66 174 0
8171 4 0 26 32 104 0
8292 3 0 0 29 51 0
8293 3 0 0 29 51 0
8294 3 0 0 26 51 0
8295 3 0 0 25 51 0
8296 3 0 0 23 51 0
8297 3 0 0 25 51 0
8298 3 0 0 25 52 0
8299 3 0 0 23 52 0
8300 3 0 0 23 52 0
8301 3 8 0 42 36 0
8302 3 8 0 40 36 0
8303 3 26 0 60 32 0
8304 3 26 0 55 29 0
8305 3 26 0 55 29 0
8306 3 12 0 41 26 0
8307 3 5 0 39 26 0
8308 3 5 0 37 26 0
8309 3 0 0 28 29 0
8310 3 0 0 29 29 0
