0 1 667 359 814 541 0
0 2 1461 420 1630 668 0
1 1 664 356 805 532 0
1 2 1461 402 1630 651 0
2 1 660 355 796 527 0
2 2 1454 383 1625 572 0
3 1 649 346 771 524 0
3 2 1446 363 1618 572 0
4 1 630 330 765 511 0
4 2 1438 344 1612 572 0
5 1 617 319 754 495 0
5 2 1438 318 1598 545 0
6 1 607 298 733 477 0
6 2 1418 282 1607 526 1
7 1 598 283 725 455 0
7 2 1416 255 1590 490 1
8 1 594 253 733 424 1
8 2 1416 226 1577 458 1
9 1 594 227 729 396 1
9 2 1416 185 1574 430 1
10 1 594 193 731 363 1
10 2 1416 162 1575 394 1
11 1 600 163 731 327 1
11 2 1416 140 1579 376 1
12 1 602 130 741 308 1
12 2 1416 119 1583 360 1
13 1 612 112 745 285 1
13 2 1416 97 1587 342 1
14 1 620 108 758 270 1
14 2 1416 76 1591 325 1
15 1 616 105 755 289 1
15 2 1422 77 1598 327 1
16 1 622 115 762 283 1
16 2 1429 78 1607 330 1
17 1 628 134 770 288 1
17 2 1435 79 1614 332 1
18 1 627 117 766 299 1
18 2 1441 81 1621 335 1
19 1 634 121 773 303 1
19 2 1447 82 1628 337 1
20 1 648 123 781 309 1
20 2 1454 83 1637 339 1
21 1 658 134 793 306 1
21 2 1460 85 1644 342 1
22 1 671 144 808 317 1
22 2 1467 95 1652 353 1
23 1 684 166 834 344 1
23 2 1475 105 1660 365 1
24 1 690 166 830 345 1
24 2 1488 114 1660 365 1
25 1 701 173 839 347 1
25 2 1492 117 1676 378 1
26 1 707 177 848 363 1
26 2 1496 119 1692 389 1
27 1 718 179 860 353 0
27 2 1500 122 1708 402 1
28 1 722 180 861 353 0
28 2 1504 124 1724 414 1
29 1 728 178 867 358 0
29 2 1518 122 1717 397 1
30 1 733 168 874 354 0
30 2 1532 121 1710 382 1
31 1 738 157 880 335 0
31 2 1546 120 1704 367 1
32 1 740 142 883 318 0
32 2 1544 101 1725 354 1
33 1 750 120 900 286 0
33 2 1542 83 1746 341 1
34 1 781 117 913 297 0
34 2 1540 64 1767 328 1
35 1 825 91 949 260 0
35 2 1571 64 1767 328 1
36 1 877 62 994 237 0
36 2 1620 49 1809 320 1
36 3 0 134 78 281 0
37 1 930 42 1051 204 0
37 2 1620 49 1860 307 1
37 3 0 74 112 298 0
38 1 968 23 1094 187 0
38 2 1675 25 1884 289 1
38 3 0 40 145 305 0
39 1 998 4 1132 167 0
39 2 1712 25 1902 282 1
39 3 0 7 178 312 0
40 1 1016 0 1147 160 0
40 2 1750 25 1920 276 1
40 3 0 5 198 292 0
41 1 1036 0 1170 147 0
41 2 1761 25 1920 276 1
41 3 0 3 217 272 0
42 1 1052 0 1186 146 0
42 2 1772 25 1920 276 1
42 3 0 1 237 252 0
43 1 1058 0 1197 136 0
43 2 1783 25 1920 276 1
43 3 0 1 237 234 0
44 1 1069 0 1208 136 0
44 2 1788 29 1920 277 1
44 3 0 1 237 216 0
45 1 1083 0 1220 125 0
45 2 1792 32 1920 277 1
45 3 0 1 237 189 0
46 1 1087 0 1227 122 0
46 2 1796 35 1920 277 1
46 3 0 1 237 163 0
47 1 1087 0 1227 117 0
47 2 1801 38 1921 277 1
47 3 0 1 234 158 0
48 1 1094 0 1231 110 0
48 2 1805 41 1920 277 1
48 3 0 1 231 154 0
49 1 1099 0 1236 107 0
49 2 1809 44 1920 277 1
49 3 0 1 228 149 0
50 1 1104 0 1241 104 0
50 2 1809 37 1920 270 1
50 3 0 1 225 144 0
51 1 1106 0 1241 99 0
51 2 1808 31 1920 263 1
51 3 0 1 222 140 0
52 1 1109 0 1242 93 0
52 2 1807 24 1920 256 1
52 3 0 1 219 135 0
53 1 1109 0 1242 82 0
53 2 1807 18 1920 250 1
53 3 0 1 201 120 0
54 1 1109 0 1242 56 0
54 2 1806 11 1920 243 1
54 3 0 1 183 105 0
55 1 1118 0 1221 51 0
55 2 1806 5 1920 237 1
55 3 0 1 168 99 0
56 1 1137 0 1211 30 0
56 2 1805 0 1920 231 1
56 3 0 1 154 93 0
57 2 1805 0 1920 224 1
57 3 0 1 149 89 0
58 2 1805 0 1920 218 1
58 3 0 1 139 76 0
59 2 1805 0 1920 211 1
59 3 0 1 139 59 0
60 2 1805 0 1920 205 1
60 3 0 1 130 51 0
61 2 1805 0 1920 198 1
61 3 0 1 130 36 0
62 2 1805 0 1920 192 1
63 2 1805 0 1920 185 1
64 2 1805 0 1920 179 1
65 2 1805 0 1920 171 1
66 2 1805 0 1920 164 1
67 2 1805 0 1920 156 1
68 2 1805 0 1920 149 1
69 2 1805 0 1920 141 1
70 2 1805 0 1920 134 1
71 2 1805 0 1920 124 1
72 2 1805 0 1920 114 1
73 2 1797 0 1917 112 1
74 2 1790 0 1914 110 1
75 2 1782 0 1911 109 1
76 2 1774 0 1907 107 1
77 2 1766 0 1904 105 1
78 2 1758 0 1901 103 1
79 2 1750 0 1897 101 1
80 2 1748 0 1893 102 1
81 2 1745 0 1888 103 1
82 2 1742 0 1883 104 1
83 2 1739 0 1878 105 1
84 2 1736 0 1873 106 1
85 2 1733 0 1868 107 1
86 2 1730 0 1863 108 1
87 2 1728 0 1859 109 1
88 2 1725 0 1854 109 1
89 2 1722 0 1849 110 1
90 2 1719 0 1844 111 1
91 2 1674 0 1797 106 1
92 2 1619 0 1750 106 1
93 1 656 0 761 55 0
93 2 1569 0 1705 111 1
94 1 629 0 716 55 0
94 2 1520 0 1660 115 1
95 1 579 0 691 68 0
95 2 1485 0 1637 138 1
96 1 541 0 660 87 0
96 2 1450 0 1608 146 1
97 1 527 0 631 99 0
97 2 1423 0 1586 154 1
98 1 473 0 610 110 0
98 2 1404 0 1565 154 1
99 1 466 0 588 123 0
99 2 1383 0 1553 175 1
100 1 444 0 578 128 0
100 2 1368 0 1542 175 1
101 1 436 0 564 128 0
101 2 1360 0 1530 175 1
102 1 424 0 555 133 0
102 2 1350 0 1518 175 1
103 1 413 0 547 139 0
103 2 1341 0 1506 175 1
104 1 401 0 538 144 0
104 2 1331 0 1494 175 1
105 1 395 0 536 141 0
105 2 1324 0 1496 175 1
106 1 389 0 534 139 0
106 2 1318 0 1500 175 1
107 1 388 0 531 139 0
107 2 1315 0 1499 175 1
108 1 386 0 528 139 0
108 2 1313 0 1500 175 1
109 1 384 0 525 140 0
109 2 1311 0 1500 175 1
110 1 383 0 523 140 0
110 2 1308 0 1499 175 1
111 1 381 0 519 140 0
111 2 1305 0 1496 176 1
112 1 379 0 516 141 0
112 2 1302 0 1493 176 1
113 1 378 0 514 141 0
113 2 1299 0 1489 177 1
114 1 376 0 511 142 0
114 2 1296 0 1486 178 1
115 1 374 0 508 142 0
115 2 1293 0 1483 178 1
116 1 371 0 505 147 0
116 2 1285 0 1483 178 1
117 1 368 0 503 153 0
117 2 1281 0 1479 178 1
118 1 365 0 501 158 0
118 2 1278 0 1476 178 1
119 1 362 0 498 164 0
119 2 1275 0 1474 178 1
120 1 359 0 496 169 1
120 2 1271 0 1470 178 1
121 1 359 6 497 176 1
121 2 1271 0 1469 172 1
122 1 359 13 499 184 1
122 2 1271 0 1468 166 1
123 1 359 20 500 192 1
123 2 1271 0 1467 160 1
124 1 359 27 502 199 1
124 2 1271 0 1466 153 1
125 1 359 34 503 207 1
125 2 1271 0 1465 147 1
126 1 359 53 503 237 1
126 2 1267 0 1460 147 1
127 1 359 60 503 242 1
127 2 1263 0 1455 147 1
128 1 359 67 503 248 1
128 2 1258 0 1449 147 1
129 1 343 67 488 248 1
129 2 1254 0 1444 147 1
130 1 327 67 472 248 1
130 2 1230 0 1433 147 1
131 1 311 67 456 248 1
131 2 1206 0 1422 147 1
132 1 303 79 442 256 1
132 2 1200 0 1405 144 1
133 1 295 92 427 264 1
133 2 1193 0 1387 140 1
134 1 283 101 417 277 1
134 2 1174 0 1366 140 1
135 1 272 113 400 293 1
135 2 1159 0 1364 162 1
136 1 264 124 400 292 1
136 2 1150 0 1364 162 1
137 1 264 129 400 315 1
137 2 1140 0 1364 162 1
138 1 271 129 408 313 1
138 2 1140 0 1353 181 1
139 1 278 129 416 311 1
139 2 1146 0 1363 180 1
140 1 290 129 432 310 1
140 2 1152 0 1374 180 1
141 1 302 128 448 309 1
141 2 1157 0 1383 179 1
142 1 318 128 455 306 1
142 2 1163 0 1393 178 1
143 1 336 134 476 309 1
143 2 1173 0 1393 178 1
144 1 349 143 492 324 1
144 2 1183 0 1393 178 1
145 1 359 160 503 337 1
145 2 1196 0 1430 205 1
146 1 377 160 517 340 1
146 2 1211 0 1431 205 1
147 1 386 169 524 338 1
147 2 1228 0 1454 206 1
148 1 396 160 536 334 1
148 2 1236 0 1453 196 1
149 1 396 148 540 319 1
149 2 1244 0 1453 186 1
150 1 396 124 539 294 1
150 2 1252 0 1452 176 1
151 1 396 102 546 263 1
151 2 1252 0 1461 154 1
152 1 396 79 548 251 1
152 2 1276 0 1486 146 1
153 1 406 69 556 239 1
153 2 1288 0 1486 119 1
154 1 406 57 556 237 1
154 2 1302 0 1486 119 1
155 1 406 53 556 228 1
155 2 1311 0 1498 113 1
156 1 414 41 563 217 1
156 2 1319 0 1510 106 1
157 1 422 29 570 207 1
157 2 1328 0 1522 100 1
158 1 430 16 577 195 1
158 2 1336 0 1533 93 1
159 1 435 11 583 190 1
159 2 1339 0 1536 94 1
160 1 440 6 589 185 1
160 2 1343 0 1540 95 1
161 1 442 5 590 181 1
161 2 1346 0 1543 96 1
162 1 443 3 590 177 1
162 2 1349 0 1547 97 1
163 1 444 2 590 174 1
163 2 1348 0 1541 96 1
164 1 445 0 590 169 1
164 2 1347 0 1534 96 1
165 1 447 0 590 166 1
165 2 1346 0 1528 95 1
166 1 435 0 577 166 1
166 2 1345 0 1522 95 1
167 1 425 0 556 166 1
167 2 1343 0 1515 94 1
168 1 401 3 542 173 1
168 2 1316 0 1503 81 1
169 1 378 3 510 170 1
169 2 1284 0 1471 80 1
170 1 352 3 480 170 1
170 2 1266 0 1471 80 1
171 1 320 3 445 170 1
171 2 1239 0 1418 70 1
172 1 291 12 402 170 1
172 2 1200 0 1359 62 1
173 1 245 26 338 184 1
173 2 1151 0 1317 55 1
174 1 183 48 259 200 1
174 2 1086 0 1233 42 1
175 1 104 75 162 226 1
176 1 21 106 90 246 1
177 1 0 133 30 271 1
189 1 0 62 30 163 1
190 1 0 46 43 148 1
191 1 0 38 57 128 1
192 1 0 0 72 128 1
193 1 0 0 72 117 1
194 1 0 0 89 100 1
195 1 0 0 101 85 1
196 1 5 0 109 77 1
197 1 16 0 118 71 1
198 1 27 0 127 65 1
199 1 38 0 136 59 1
200 1 44 0 145 57 1
201 1 50 0 155 54 1
202 1 61 0 160 43 1
203 1 71 0 165 32 1
204 1 83 0 165 24 1
205 1 94 0 165 15 1
216 1 1476 6 1574 131 1
217 1 1617 57 1715 176 1
218 1 1727 116 1819 241 1
219 1 1810 153 1897 292 1
220 1 1854 189 1922 310 1
221 1 1879 218 1919 336 1
222 1 1896 248 1919 364 1
222 3 992 0 1188 69 0
223 3 992 0 1217 106 0
224 3 1034 0 1245 123 0
225 3 966 0 1251 144 0
226 3 964 0 1252 173 0
227 3 953 0 1244 192 0
228 3 942 0 1235 211 0
229 1 1890 377 1918 496 0
229 3 928 0 1220 224 0
230 1 1874 385 1918 510 0
230 3 904 0 1187 240 0
231 1 1859 402 1919 520 0
231 3 880 0 1167 250 0
232 1 1839 411 1917 521 0
232 3 855 0 1147 260 0
233 1 1820 421 1901 528 0
233 3 828 2 1120 267 0
234 1 1798 432 1883 549 0
234 3 800 7 1093 274 0
235 1 1775 439 1864 545 0
235 3 773 12 1066 281 0
236 1 1761 439 1855 578 0
236 3 762 12 1052 288 0
237 1 1755 434 1855 572 0
237 3 751 12 1038 295 0
238 1 1748 443 1856 572 0
238 3 743 18 1032 299 0
239 1 1738 440 1842 570 0
239 3 736 23 1028 301 1
240 1 1728 438 1828 569 0
240 3 728 28 1023 303 1
241 1 1719 436 1816 568 0
241 3 721 33 1019 306 1
242 1 1713 436 1815 575 0
242 3 713 38 1014 308 1
243 1 1708 436 1816 582 0
243 3 706 43 1010 311 1
244 1 1701 436 1808 581 0
244 3 705 34 1007 314 1
245 1 1694 436 1801 581 0
245 3 704 26 1005 318 1
246 1 1687 436 1793 580 0
246 3 702 17 1001 321 1
247 1 1680 436 1786 579 0
247 3 701 8 999 324 1
248 1 1673 436 1778 579 0
248 3 700 9 997 327 1
249 1 1666 436 1770 578 0
249 3 699 10 994 330 1
250 1 1659 436 1763 578 0
250 3 698 11 992 333 1
251 1 1650 438 1756 577 0
251 3 697 26 992 347 1
252 1 1640 441 1748 577 0
252 3 696 41 993 360 1
253 1 1632 446 1739 577 0
253 3 694 56 993 374 1
254 1 1632 446 1739 590 0
254 3 693 71 993 388 1
255 1 1628 444 1736 588 0
255 3 692 86 994 402 1
256 1 1625 441 1733 586 0
256 3 684 77 986 395 1
257 1 1622 439 1731 585 0
257 3 676 68 979 389 1
258 1 1619 436 1729 583 0
258 3 668 59 971 383 1
259 1 1616 434 1727 582 0
259 3 660 50 963 376 1
260 1 1613 432 1725 581 0
260 3 652 41 956 370 1
261 1 1610 429 1723 579 0
261 3 644 32 948 364 1
262 1 1610 429 1721 575 0
262 3 636 23 940 358 1
263 1 1610 429 1718 571 0
263 3 628 14 932 351 1
264 1 1610 429 1716 567 0
264 3 620 15 925 345 1
265 1 1595 419 1700 559 0
265 3 612 16 917 338 1
266 1 1587 410 1692 565 0
266 3 604 17 909 332 1
267 1 1576 401 1685 543 0
267 3 596 18 902 326 1
268 1 1576 393 1687 535 0
268 3 596 14 899 320 0
269 1 1576 386 1689 529 0
269 3 596 11 896 316 0
270 1 1576 379 1689 529 0
270 3 596 7 893 310 0
271 1 1576 371 1689 529 0
271 3 596 3 891 304 0
272 1 1580 373 1693 529 0
272 3 596 0 888 300 0
273 1 1584 374 1697 528 0
273 3 601 3 892 302 0
274 1 1588 376 1701 528 0
274 3 605 6 896 304 0
275 1 1592 377 1704 527 0
275 3 610 9 900 306 0
276 1 1596 379 1708 527 0
276 3 614 12 903 308 0
277 1 1600 380 1712 527 0
277 3 619 15 907 310 0
278 1 1604 382 1716 527 0
278 3 624 18 912 312 0
279 1 1602 380 1715 524 0
279 3 628 21 915 314 0
280 1 1600 378 1714 522 0
280 3 624 22 912 314 0
281 1 1598 376 1712 519 0
281 3 619 24 909 315 0
282 1 1596 373 1711 516 0
282 3 615 26 906 316 0
283 1 1594 371 1710 513 0
283 3 611 28 903 317 0
284 1 1592 369 1708 511 0
284 3 606 30 899 318 0
285 1 1591 367 1708 508 0
285 3 602 31 897 318 0
286 1 1589 365 1707 506 0
286 3 597 33 893 319 0
287 1 1587 363 1706 503 0
287 3 593 35 890 320 0
288 1 1585 361 1704 501 0
288 3 589 37 888 321 0
289 1 1581 356 1699 495 0
289 3 584 39 884 322 0
290 1 1577 350 1694 489 0
290 3 576 39 877 321 0
291 1 1573 345 1689 484 0
291 3 569 39 872 319 0
292 1 1569 340 1683 478 0
292 3 561 39 865 317 0
293 1 1565 335 1678 473 0
293 3 553 39 858 316 0
294 1 1561 329 1673 467 0
294 3 545 39 851 314 0
295 1 1557 324 1668 461 0
295 3 527 35 828 312 0
296 1 1553 319 1663 456 0
296 3 508 31 803 309 0
297 1 1537 308 1643 450 0
297 3 490 27 779 306 0
298 1 1507 304 1608 420 0
298 3 472 23 755 304 0
299 1 1467 295 1539 389 0
299 3 424 23 675 302 0
300 1 1390 278 1461 366 0
300 3 349 23 576 294 0
301 1 1316 263 1372 346 0
301 3 259 23 482 300 0
302 1 1229 240 1285 314 0
302 3 174 23 370 297 0
303 1 1138 221 1197 295 0
303 3 77 23 282 290 0
304 1 1050 201 1132 284 0
304 3 7 16 212 296 0
305 1 986 189 1061 287 0
305 2 1870 169 1917 389 1
305 3 0 16 147 298 0
306 1 920 178 1003 282 0
306 2 1823 145 1917 369 1
306 3 0 16 79 298 0
307 1 849 169 936 269 0
307 2 1775 120 1918 351 1
307 3 0 16 29 298 0
308 1 787 155 862 258 0
308 2 1716 104 1879 324 1
309 1 712 143 790 241 0
309 2 1662 87 1826 301 1
310 1 634 134 716 221 0
310 2 1592 43 1778 275 1
311 1 560 124 645 222 0
311 2 1536 19 1734 255 1
312 1 494 119 590 229 0
312 2 1480 10 1675 245 1
313 1 440 106 535 244 0
313 2 1440 1 1638 226 1
314 1 391 97 488 233 0
314 2 1394 1 1595 213 1
315 1 340 90 451 221 0
315 2 1341 1 1571 202 1
316 1 307 78 415 224 0
316 2 1320 1 1540 202 1
317 1 280 74 387 216 0
317 2 1310 1 1502 161 1
318 1 258 64 374 195 0
318 2 1295 1 1505 139 1
319 1 241 33 368 173 0
319 2 1283 1 1475 101 1
320 1 228 23 344 160 0
320 2 1264 1 1472 90 1
321 1 228 6 335 151 0
321 2 1264 1 1472 69 1
322 1 228 6 354 138 0
322 2 1280 1 1472 56 0
323 1 238 0 361 129 0
323 2 1288 1 1471 46 0
324 1 244 0 368 126 0
324 2 1295 0 1475 46 0
325 1 250 0 376 122 0
325 2 1299 0 1475 41 0
326 1 255 0 382 119 0
327 1 261 0 390 115 0
328 1 267 0 397 112 0
329 1 269 0 400 113 0
330 1 271 0 403 114 0
331 1 272 0 405 115 0
332 1 274 0 408 117 0
333 1 276 0 411 118 0
334 1 278 0 414 119 0
335 1 278 0 416 123 0
336 1 278 0 418 128 0
337 1 278 0 420 133 0
338 1 278 0 422 137 0
339 1 278 0 424 142 0
340 1 280 0 426 141 0
341 1 282 0 427 141 0
342 1 284 0 429 141 0
343 1 286 0 431 140 0
344 1 288 0 432 140 0
345 1 290 0 434 140 0
346 1 295 0 438 139 0
347 1 301 0 442 137 0
348 1 306 0 446 136 1
349 1 311 0 450 135 1
350 1 322 0 459 136 1
351 1 333 0 469 137 1
352 1 346 0 480 139 1
352 2 1366 0 1434 42 0
353 1 359 0 492 141 1
353 2 1374 0 1448 51 0
354 1 359 0 506 142 1
354 2 1386 0 1461 59 0
355 1 381 0 518 142 1
355 2 1386 0 1536 59 0
356 1 409 0 539 136 1
356 2 1397 0 1540 67 0
357 1 437 0 560 130 1
357 2 1431 0 1589 78 0
358 1 500 0 594 115 1
358 2 1476 0 1622 93 0
359 1 571 0 678 109 1
359 2 1558 5 1706 99 0
360 1 651 0 783 111 1
360 2 1621 0 1772 106 0
361 1 767 0 892 93 1
361 2 1732 20 1864 177 0
362 1 906 0 1024 96 1
362 2 1842 24 1917 217 0
363 1 1044 0 1155 99 1
364 1 1172 0 1284 105 1
365 1 1300 0 1412 111 1
366 1 1384 0 1487 117 1
367 1 1468 1 1561 124 1
368 1 1500 0 1605 126 1
369 1 1510 0 1624 134 1
370 1 1510 0 1632 130 1
371 1 1510 0 1625 127 1
372 1 1510 0 1618 124 1
373 1 1505 0 1616 124 1
374 1 1500 0 1614 124 1
375 1 1487 0 1608 150 1
376 1 1487 5 1606 158 1
377 1 1487 11 1604 167 1
378 1 1487 17 1602 175 1
379 1 1496 30 1609 195 1
380 1 1496 48 1626 204 1
381 1 1512 72 1635 239 1
382 1 1527 101 1644 262 1
383 1 1538 127 1661 290 1
384 1 1562 157 1667 312 1
385 1 1573 188 1688 348 1
386 1 1589 216 1699 375 1
387 1 1605 242 1707 404 1
388 1 1626 269 1724 428 1
389 1 1671 293 1754 425 1
390 1 1714 310 1790 448 1
391 1 1750 323 1827 460 1
392 1 1764 333 1853 469 1
393 1 1771 333 1861 491 1
394 1 1768 332 1854 490 1
395 1 1765 332 1846 491 1
396 1 1744 332 1828 487 1
396 4 1748 0 1880 59 0
397 1 1723 327 1809 485 1
397 4 1721 0 1856 72 0
398 1 1697 323 1787 478 1
398 4 1693 0 1832 85 0
399 1 1679 329 1762 462 1
399 4 1664 0 1806 111 0
400 1 1649 323 1742 452 1
400 4 1631 0 1771 122 0
401 1 1622 338 1694 411 1
401 4 1583 0 1723 110 0
402 1 1586 328 1637 390 1
402 4 1525 0 1650 98 0
403 4 1430 0 1558 81 0
404 4 1321 0 1428 64 0
405 4 1199 0 1294 56 0
406 4 1073 0 1179 45 0
407 4 950 0 1051 40 0
408 1 1031 73 1100 169 1
408 2 1837 232 1920 441 0
408 4 846 0 949 45 0
409 1 955 73 1030 179 1
409 2 1784 176 1920 403 0
409 4 741 0 862 57 0
410 1 886 60 979 183 1
410 2 1735 139 1895 382 0
410 4 670 0 790 72 0
410 3 0 1 122 91 0
411 1 837 60 931 184 1
411 2 1705 115 1877 344 0
411 4 562 0 722 93 0
411 3 0 1 87 126 0
412 1 787 60 889 191 1
412 2 1664 90 1842 320 0
412 4 520 0 649 97 0
412 3 0 1 48 145 0
413 1 745 52 861 192 1
413 2 1640 69 1824 289 0
413 4 480 0 601 106 0
414 1 713 48 833 177 1
414 2 1629 43 1795 249 0
414 4 428 0 544 122 0
415 1 682 29 811 171 1
415 2 1598 14 1788 229 0
415 4 386 0 511 120 0
416 1 653 12 788 147 1
416 2 1590 0 1759 191 0
416 4 346 0 470 111 0
417 1 650 6 769 128 1
417 2 1576 0 1748 159 0
417 4 315 0 436 91 0
418 1 647 0 749 108 1
418 2 1563 0 1737 128 0
418 4 284 0 403 72 0
419 1 617 0 726 95 1
419 2 1563 0 1736 114 0
419 4 257 0 363 62 0
420 1 617 0 727 88 1
420 2 1551 0 1736 114 0
420 4 230 0 334 48 0
421 1 591 0 704 81 1
421 2 1539 0 1717 96 0
421 4 219 0 309 47 0
422 1 577 0 689 80 1
422 2 1532 0 1716 89 0
422 4 196 0 293 48 0
423 1 563 0 675 73 1
423 2 1526 0 1717 82 0
423 4 176 0 275 48 0
424 1 550 0 662 67 1
424 2 1526 0 1717 82 0
424 4 157 0 258 48 0
425 1 536 0 647 61 1
425 2 1513 0 1696 78 0
425 4 137 0 241 47 0
426 1 516 0 626 54 1
426 2 1506 0 1680 66 0
426 4 115 0 209 50 0
427 1 496 0 605 48 1
427 2 1499 0 1664 53 0
427 4 94 0 188 52 0
428 1 476 0 583 42 1
428 2 1488 0 1645 41 0
428 4 73 0 166 54 0
429 1 476 0 563 43 1
429 2 1476 0 1625 29 0
429 4 51 0 150 54 0
430 1 466 0 552 41 1
430 2 1466 0 1625 29 0
430 4 41 0 139 56 0
431 1 457 0 543 40 1
431 2 1459 0 1606 31 0
431 4 31 0 128 59 0
432 1 447 0 532 39 1
432 2 1452 0 1587 34 0
432 4 21 0 117 61 0
433 1 441 0 528 37 1
433 2 1448 0 1586 31 0
433 4 17 0 114 60 0
434 1 435 0 524 36 1
434 2 1445 0 1587 28 0
434 4 14 0 113 60 0
435 1 429 0 520 34 1
435 2 1441 0 1587 25 0
435 4 10 0 111 59 0
436 1 429 0 520 34 1
436 2 1441 0 1568 16 0
436 4 8 1 110 58 0
437 1 429 0 520 34 1
437 2 1441 0 1568 16 0
437 4 6 1 110 57 0
438 4 4 2 110 56 0
439 4 1 3 109 55 0
440 4 0 3 110 53 0
441 4 7 3 115 54 0
442 4 14 2 121 54 0
443 4 21 2 126 55 0
444 4 29 1 133 54 0
445 4 36 1 138 55 0
446 4 43 0 144 55 0
447 4 51 0 150 56 0
448 4 51 0 157 54 0
449 4 63 0 167 54 0
450 4 75 0 177 54 0
451 4 77 0 180 60 0
452 4 79 0 184 66 0
453 1 518 0 599 21 1
453 2 1510 0 1568 15 0
453 4 81 0 187 71 0
454 1 518 0 599 30 1
454 2 1510 0 1570 19 0
454 4 84 0 191 77 0
455 1 518 0 600 40 1
455 2 1510 0 1572 24 0
455 4 84 0 198 84 0
456 1 518 0 601 43 1
456 2 1510 0 1574 28 0
456 4 82 0 197 90 0
457 1 518 0 602 46 1
457 2 1513 0 1575 28 0
457 4 81 0 198 97 0
458 1 517 0 603 46 1
458 2 1507 0 1574 28 0
458 4 78 0 194 97 0
459 1 515 0 603 46 1
459 2 1505 0 1593 26 0
459 4 74 0 190 98 0
460 1 513 0 602 46 1
460 2 1503 0 1612 23 0
460 4 71 0 187 98 0
461 1 510 0 597 46 1
461 2 1501 0 1631 21 0
461 4 68 0 183 98 0
462 1 507 0 591 47 1
462 2 1498 0 1632 20 0
462 4 65 0 180 99 0
463 1 493 0 583 47 1
463 2 1493 0 1632 13 0
463 4 57 0 171 95 0
464 1 479 0 574 46 1
464 4 48 0 162 92 0
465 1 470 0 549 37 1
465 4 38 0 151 89 0
466 1 449 0 527 25 1
466 4 21 0 120 94 0
467 1 430 0 504 24 1
467 4 8 0 109 91 0
468 1 413 0 487 26 1
468 4 0 0 90 93 0
469 1 400 0 469 25 1
469 4 0 0 77 93 0
470 1 390 0 469 25 1
470 4 0 0 66 93 0
471 1 382 0 453 22 1
471 4 0 0 66 92 0
472 1 382 0 456 22 1
472 4 0 0 66 90 0
473 1 382 0 460 22 1
473 4 0 0 65 88 0
474 1 390 0 459 22 1
474 4 1 0 66 86 0
475 1 405 0 460 14 1
475 4 0 0 65 80 0
476 1 405 0 468 14 1
476 4 0 0 70 78 0
477 1 416 0 472 11 1
477 4 0 0 75 76 0
478 1 426 0 476 8 1
478 4 0 0 80 73 0
479 4 0 0 87 72 0
480 2 1400 0 1564 28 0
480 4 0 0 89 70 0
481 2 1403 0 1564 25 0
481 4 0 0 91 65 0
482 2 1406 0 1564 22 0
482 4 0 0 97 63 0
483 2 1406 0 1564 25 0
483 4 6 0 97 57 0
484 2 1406 0 1564 28 0
484 4 12 0 97 51 0
485 2 1406 0 1564 31 0
485 4 18 0 97 45 0
486 2 1406 0 1564 34 0
486 4 24 0 97 39 0
487 2 1406 0 1564 38 0
487 4 30 0 97 33 0
488 2 1406 0 1564 41 0
488 4 36 1 97 28 0
489 2 1406 0 1564 44 0
489 4 42 1 97 22 0
490 2 1406 0 1564 47 0
490 4 48 1 97 15 0
491 2 1410 0 1574 47 0
492 2 1407 0 1571 44 0
493 2 1405 0 1570 40 0
494 2 1402 0 1567 37 0
495 2 1396 0 1567 25 0
496 2 1384 0 1523 21 0
497 2 1384 0 1523 21 0
560 2 1252 1 1400 47 0
561 1 280 0 419 55 1
561 2 1274 1 1448 72 0
562 1 305 0 435 53 1
562 2 1291 1 1472 81 0
562 4 0 0 20 54 0
563 1 326 0 457 86 1
563 2 1302 1 1507 112 0
563 4 0 0 51 100 0
564 1 356 0 492 102 1
564 2 1329 1 1529 126 0
564 4 0 0 82 122 0
565 1 383 0 523 122 1
565 2 1359 1 1553 152 0
565 4 15 0 109 148 0
566 1 404 0 546 132 1
566 2 1374 1 1573 161 0
566 4 26 0 131 158 0
567 1 424 0 568 142 1
567 2 1391 1 1593 165 0
567 4 38 0 155 167 0
568 1 450 0 585 153 1
568 2 1407 1 1612 168 0
568 4 62 0 175 171 0
569 1 474 0 617 161 1
569 2 1436 1 1636 188 0
569 4 81 0 207 173 0
570 1 503 0 642 163 1
570 2 1460 1 1648 191 0
570 4 101 0 221 173 0
571 1 533 0 667 163 1
571 2 1487 1 1671 199 0
571 4 127 0 242 167 0
572 1 556 0 697 160 1
572 2 1502 1 1692 207 0
572 4 148 0 265 167 0
573 1 580 0 716 158 1
573 2 1518 1 1713 216 0
573 4 163 0 293 156 0
574 1 601 0 744 154 1
574 2 1540 1 1723 220 0
574 4 191 0 313 149 0
575 1 619 0 760 157 1
575 2 1553 1 1758 240 0
575 4 204 0 333 148 0
576 1 635 0 776 158 1
576 2 1567 14 1770 258 0
576 4 216 0 348 142 0
577 1 635 0 776 161 1
577 2 1567 20 1770 264 0
577 4 227 0 355 141 0
578 1 635 0 785 163 1
578 2 1567 26 1770 270 0
578 4 225 0 353 142 0
579 1 635 0 794 165 1
579 2 1567 32 1770 276 0
579 4 223 0 350 142 0
580 1 635 4 786 170 1
580 2 1567 38 1761 282 0
580 4 220 0 346 143 0
581 1 635 7 779 174 1
581 2 1567 43 1753 286 0
581 4 218 0 344 144 0
582 1 635 11 772 178 1
582 2 1567 49 1744 292 0
582 4 216 0 341 145 0
583 1 618 21 753 183 1
583 2 1540 50 1744 291 0
583 4 214 0 338 146 0
584 1 606 25 748 188 1
584 2 1530 51 1736 292 0
584 4 201 0 331 152 0
585 1 593 33 737 193 1
585 2 1520 52 1727 292 0
585 4 188 0 323 158 0
586 1 579 40 725 196 1
586 2 1509 53 1718 292 0
586 4 175 0 315 164 0
587 1 566 45 710 201 1
587 2 1496 48 1706 288 0
587 4 164 3 300 176 0
588 1 554 51 696 207 1
588 2 1483 44 1693 285 0
588 4 153 7 284 188 0
589 1 541 56 681 212 1
589 2 1470 40 1681 282 0
589 4 142 10 268 200 0
590 1 523 62 666 224 1
590 2 1459 31 1667 275 0
590 4 125 23 260 215 0
591 1 508 72 650 238 1
591 2 1447 23 1652 269 0
591 4 110 37 237 229 0
592 1 491 74 639 244 1
592 2 1436 15 1638 263 0
592 4 92 47 224 243 0
593 1 470 84 614 246 1
593 2 1414 11 1609 255 0
593 4 77 61 192 249 0
594 1 454 92 584 254 1
594 2 1393 1 1608 256 0
594 4 58 75 174 272 0
595 1 424 100 559 262 1
595 2 1367 1 1568 233 0
595 4 33 94 149 288 0
596 1 389 107 538 269 1
596 2 1347 1 1539 226 0
596 4 19 108 124 296 0
597 1 368 112 512 267 1
597 2 1318 1 1505 215 0
597 4 0 117 99 306 0
598 1 337 116 482 265 1
598 2 1279 1 1506 215 0
598 4 0 126 74 313 0
599 1 315 116 459 277 1
599 2 1257 1 1473 207 0
599 4 0 140 56 322 0
600 1 294 116 438 289 1
600 2 1236 1 1442 198 0
600 4 0 154 38 331 0
601 1 272 128 415 276 1
601 2 1221 1 1431 184 0
601 4 0 166 23 332 0
602 1 259 128 398 285 1
602 2 1197 1 1431 184 0
603 1 248 128 389 290 1
603 2 1187 1 1425 182 0
604 1 238 128 380 295 1
604 2 1176 1 1419 179 0
605 1 236 128 378 294 1
605 2 1166 1 1413 177 0
606 1 234 128 376 294 1
606 2 1156 1 1408 174 0
607 1 232 128 373 293 1
607 2 1156 1 1408 174 0
608 1 229 128 370 292 1
608 2 1156 1 1408 173 0
609 1 229 130 372 293 1
609 2 1156 1 1408 173 0
610 1 229 133 374 295 1
610 2 1156 1 1408 172 0
611 1 229 135 376 297 1
611 2 1156 1 1408 172 0
612 1 230 136 377 296 1
612 2 1156 1 1408 172 0
613 1 231 138 378 296 1
613 2 1156 1 1408 171 0
614 1 232 139 380 294 1
614 2 1156 1 1408 171 0
615 1 233 141 381 294 1
615 2 1156 1 1408 170 0
616 1 233 141 380 294 1
616 2 1156 1 1408 170 0
617 1 233 141 380 294 1
617 2 1156 1 1408 169 0
618 1 233 141 379 294 1
618 2 1156 1 1408 169 0
619 1 232 141 378 294 1
619 2 1156 1 1408 168 0
620 1 232 141 378 294 1
620 2 1156 1 1408 168 0
621 1 232 141 377 294 1
621 2 1156 1 1408 168 0
622 1 232 141 377 294 1
622 2 1156 1 1408 167 0
623 1 231 141 375 294 1
623 2 1156 1 1408 167 0
624 1 231 141 375 294 1
624 2 1156 1 1408 166 0
625 1 231 141 374 294 1
625 2 1156 1 1408 166 0
626 1 230 141 373 294 1
626 2 1156 1 1408 165 0
627 1 230 141 372 294 1
627 2 1156 1 1408 165 0
628 1 230 141 372 294 1
628 2 1156 1 1408 165 0
629 1 230 141 372 294 1
629 2 1156 1 1408 164 0
630 1 229 141 370 294 1
630 2 1156 1 1408 164 0
631 1 229 141 370 294 1
631 2 1156 1 1408 163 0
632 1 229 141 369 294 1
632 2 1156 1 1408 163 0
633 1 229 141 369 294 1
633 2 1156 1 1408 162 0
634 1 228 141 367 294 1
634 2 1156 1 1408 162 0
635 1 228 141 367 295 1
635 2 1156 1 1408 161 0
636 1 228 140 367 294 1
636 2 1156 1 1408 161 0
637 1 228 140 367 294 1
637 2 1156 1 1408 161 0
638 1 228 140 367 295 1
638 2 1156 1 1408 160 0
639 1 228 139 367 294 1
639 2 1156 1 1408 160 0
640 1 228 139 367 294 1
640 2 1156 1 1408 159 0
641 1 228 139 367 295 1
641 2 1156 1 1408 159 0
642 1 228 139 367 295 1
642 2 1156 1 1408 158 0
643 1 228 138 367 294 1
643 2 1156 1 1408 158 0
644 1 228 138 367 294 1
644 2 1156 1 1408 158 0
645 1 228 138 367 295 1
645 2 1156 1 1408 157 0
646 1 228 137 367 294 1
646 2 1156 1 1408 157 0
647 1 228 137 367 294 1
647 2 1156 1 1408 156 0
648 1 228 137 367 295 1
648 2 1156 1 1408 156 0
649 1 228 136 367 294 1
649 2 1156 1 1408 155 0
650 1 228 136 367 294 1
650 2 1156 1 1408 155 0
651 1 228 136 367 295 1
651 2 1156 1 1408 154 0
652 1 228 135 367 294 1
652 2 1156 1 1408 154 0
653 1 228 135 367 294 1
653 2 1156 1 1408 154 0
654 1 228 135 367 295 1
654 2 1156 1 1408 153 0
655 1 228 135 367 295 1
655 2 1156 1 1408 153 0
656 1 228 134 367 294 1
656 2 1156 1 1408 152 0
657 1 228 134 367 295 1
657 2 1156 1 1408 152 0
658 1 228 134 367 295 1
658 2 1156 1 1408 151 0
659 1 228 133 367 294 1
659 2 1156 1 1408 151 0
660 1 228 133 367 294 1
660 2 1156 1 1408 151 0
661 1 228 133 367 295 1
661 2 1156 1 1408 150 0
662 1 228 132 367 294 1
662 2 1156 1 1408 150 0
663 1 228 132 367 294 1
663 2 1156 1 1408 149 0
664 1 228 132 367 295 1
664 2 1156 1 1408 149 0
665 1 228 131 367 294 1
665 2 1156 1 1408 148 0
666 1 228 131 367 294 1
666 2 1156 1 1408 148 0
667 1 228 131 367 295 1
667 2 1156 1 1408 147 0
668 1 221 131 360 295 1
668 2 1156 1 1392 148 0
669 1 213 131 351 296 1
669 2 1156 1 1377 149 0
670 1 205 131 342 296 1
670 2 1156 1 1361 149 0
671 1 184 140 314 296 1
671 2 1119 1 1327 132 0
672 1 159 149 272 303 1
672 2 1077 1 1284 138 0
673 1 122 148 242 311 1
673 2 1043 1 1283 138 0
674 1 78 150 192 308 1
674 2 992 1 1241 154 0
675 1 42 149 167 313 1
675 2 949 1 1149 153 0
676 1 20 141 137 305 1
676 2 904 1 1115 144 0
677 1 0 134 108 298 1
677 2 858 1 1080 136 0
678 1 0 165 60 276 1
678 2 818 1 1031 124 0
679 2 767 1 1015 100 0
680 2 716 1 947 116 0
681 2 673 1 888 122 1
682 2 631 1 831 127 1
683 2 582 1 788 143 1
684 2 538 1 743 156 1
685 2 477 1 694 177 1
686 2 438 1 661 177 1
687 2 405 1 623 194 1
688 2 377 1 592 210 1
689 2 349 1 561 226 1
690 2 320 1 542 239 1
691 2 292 1 523 253 1
692 2 273 4 503 257 1
693 2 254 7 483 261 1
694 2 233 12 458 263 1
695 2 212 18 434 266 1
696 2 201 18 404 270 1
697 2 182 26 396 276 1
698 2 163 34 387 282 1
699 2 144 43 379 289 1
700 2 155 49 379 298 1
701 2 167 55 380 308 1
702 2 167 93 367 320 1
713 2 737 52 925 295 1
714 1 1 1 46 72 0
714 2 795 42 1022 233 1
715 1 8 1 87 78 0
715 2 836 44 1080 255 1
716 1 8 1 88 76 0
716 2 832 42 1074 247 1
717 1 8 1 89 71 0
717 2 829 40 1068 239 1
718 1 0 1 79 66 0
718 2 825 38 1062 232 1
719 1 0 0 69 64 0
719 2 825 22 1050 220 1
720 1 0 0 59 63 0
720 2 806 12 1039 204 1
721 1 0 0 48 60 0
721 2 788 1 1029 188 1
722 1 0 0 33 60 0
722 2 774 1 1014 181 1
723 1 0 0 19 53 0
723 2 760 1 999 174 1
724 2 751 1 991 159 1
725 2 742 1 983 144 1
726 2 747 1 984 129 1
727 2 752 1 984 114 1
728 2 741 1 959 114 1
729 2 730 1 933 115 1
730 2 719 1 908 115 1
731 2 666 1 854 116 1
732 2 608 1 790 116 1
733 2 553 1 737 117 1
734 2 475 1 672 134 1
735 2 422 1 649 141 1
736 2 401 1 613 135 1
737 2 389 1 608 112 1
738 2 377 1 603 89 1
739 2 395 1 619 83 1
740 2 413 1 634 76 1
741 2 444 1 648 63 1
742 2 493 1 681 66 1
743 2 519 1 740 93 1
744 2 561 1 778 93 1
745 2 589 1 806 113 1
746 2 616 1 834 133 1
747 2 628 1 844 165 1
748 2 645 1 864 194 1
749 2 655 43 874 248 1
750 2 652 86 872 304 1
751 2 692 127 916 351 1
752 2 788 167 987 402 1
753 2 902 223 1098 453 1
754 1 134 0 229 103 0
754 2 972 237 1202 469 1
755 1 134 0 230 127 0
755 2 948 275 1176 506 1
756 1 93 74 192 224 0
756 2 924 314 1149 543 1
757 1 44 128 160 282 0
757 2 883 373 1114 596 1
758 1 29 159 131 325 0
758 2 861 373 1114 596 1
759 1 29 181 131 346 0
759 2 872 370 1119 598 1
760 1 29 191 138 359 0
760 2 883 367 1125 600 1
761 1 29 191 148 369 0
761 2 894 364 1130 602 1
762 1 29 208 161 376 0
762 2 894 353 1135 590 1
763 1 29 202 163 370 0
763 2 894 342 1139 579 1
764 1 29 197 164 365 0
764 2 894 330 1144 566 1
765 1 29 192 165 361 0
765 2 894 319 1149 555 1
766 1 29 187 167 356 0
766 2 894 308 1153 543 1
767 1 29 182 168 351 0
767 2 894 297 1158 532 1
768 1 29 176 169 345 0
768 2 894 285 1157 519 1
769 1 29 171 171 341 0
769 2 894 273 1157 507 1
770 1 29 166 172 336 0
770 2 894 261 1157 495 1
771 1 29 161 173 331 0
771 2 894 250 1156 484 1
772 1 29 143 180 307 0
772 2 914 226 1161 460 1
773 1 29 125 187 282 0
773 2 934 202 1166 437 1
774 1 44 110 183 271 0
774 2 934 175 1169 403 1
775 1 60 96 181 261 0
775 2 934 149 1173 369 1
776 1 55 94 178 256 0
776 2 934 120 1173 369 1
777 1 50 92 175 252 0
777 2 934 82 1169 326 1
778 1 46 91 174 248 0
778 2 934 56 1169 300 1
779 1 46 84 158 240 0
779 2 934 39 1171 272 1
780 1 46 75 157 233 0
780 2 934 16 1170 234 1
781 1 46 67 156 226 0
781 2 934 7 1168 209 1
782 1 46 58 156 218 0
782 2 934 0 1167 185 1
783 1 46 46 156 199 0
783 2 934 0 1167 158 1
784 1 46 33 156 179 0
784 2 934 0 1167 131 1
785 1 46 16 167 163 0
785 2 934 0 1167 104 1
786 1 46 8 167 154 0
786 2 956 0 1166 83 1
787 1 46 0 167 144 0
787 2 978 0 1165 61 1
788 1 46 0 167 122 0
788 2 978 0 1165 37 1
789 1 44 0 160 109 0
790 1 41 0 153 96 0
791 1 60 0 151 67 0
792 1 60 0 141 42 0
793 1 67 0 123 24 0
797 1 38 0 118 22 0
798 1 44 0 118 22 1
799 1 50 0 118 22 1
800 1 50 0 122 32 1
801 1 55 0 122 37 1
802 1 47 0 122 45 1
803 1 59 0 132 45 1
804 1 59 0 139 45 1
805 1 70 0 141 45 1
806 1 70 0 148 45 1
807 1 70 0 154 45 1
808 1 72 0 166 48 1
809 1 74 0 178 52 1
810 1 86 0 189 52 1
811 1 93 0 200 62 1
812 1 104 0 211 62 1
813 1 113 0 223 69 1
813 2 1078 0 1195 29 1
814 1 125 0 241 69 1
814 2 1085 0 1245 37 1
815 1 135 0 257 69 1
815 2 1094 0 1253 40 1
816 1 145 0 262 69 1
816 2 1103 0 1262 43 0
817 1 145 0 266 69 1
817 2 1111 0 1269 46 0
818 1 145 0 270 69 1
818 2 1120 0 1277 49 0
819 1 145 0 275 69 1
819 2 1128 0 1285 51 0
820 1 152 0 277 69 1
820 2 1128 0 1285 57 0
821 1 160 0 280 68 1
821 2 1128 0 1285 62 0
822 1 166 0 284 68 1
822 2 1132 0 1293 63 0
823 1 172 0 287 68 1
823 2 1136 0 1301 65 0
824 1 178 0 291 68 1
824 2 1140 0 1309 66 0
825 1 185 0 296 68 1
825 2 1143 0 1316 68 0
826 1 191 0 300 68 1
826 2 1147 0 1325 69 0
827 1 197 0 304 68 1
827 2 1151 0 1333 71 0
828 1 203 0 307 68 1
828 2 1155 0 1341 72 0
829 1 203 0 315 63 1
829 2 1162 0 1350 76 0
830 1 203 0 324 58 1
830 2 1170 0 1361 80 0
831 1 214 0 324 58 1
831 2 1177 0 1370 83 0
832 1 224 0 324 58 1
832 2 1184 0 1380 87 0
833 1 235 0 334 55 1
833 2 1192 0 1390 91 0
834 1 246 0 343 51 1
834 2 1199 0 1400 94 0
835 1 257 0 353 48 1
835 2 1207 0 1410 98 0
836 1 268 0 363 45 0
836 2 1214 0 1420 102 0
837 1 313 0 391 39 0
837 2 1244 0 1460 102 0
838 2 1310 0 1511 126 0
839 2 1376 0 1562 150 0
840 2 1441 0 1627 153 0
841 1 585 0 687 34 0
841 2 1516 0 1697 174 0
842 1 621 0 735 31 0
842 2 1569 0 1738 177 0
843 1 664 0 776 39 0
843 2 1600 0 1782 187 0
844 1 699 0 812 42 0
844 2 1622 0 1806 191 0
845 1 718 0 830 43 0
845 2 1654 0 1826 182 0
846 1 735 0 851 52 0
846 2 1665 0 1836 185 0
847 1 744 0 850 52 0
847 2 1676 0 1846 188 0
847 4 412 0 497 19 1
848 1 750 0 862 62 0
848 2 1675 0 1846 185 0
848 4 412 0 502 24 1
849 1 755 0 873 71 0
849 2 1674 0 1845 182 0
849 4 412 0 508 28 1
850 1 753 0 869 73 0
850 2 1673 0 1844 179 0
850 4 412 0 513 32 1
851 1 752 0 866 74 0
851 2 1671 0 1843 176 0
851 4 412 0 518 37 1
852 1 751 0 864 76 0
852 2 1670 0 1842 173 0
852 4 412 0 523 41 1
853 1 750 0 861 77 0
853 2 1669 0 1841 170 0
853 4 407 0 519 45 1
854 1 748 0 857 79 0
854 2 1668 0 1840 167 0
854 4 402 0 515 49 1
855 1 747 0 854 80 0
855 2 1666 0 1839 164 0
855 4 386 0 514 49 1
856 1 746 0 851 82 0
856 2 1665 0 1838 161 0
856 4 371 0 514 49 1
857 1 745 0 849 83 0
857 2 1664 0 1837 158 0
857 4 362 0 504 63 1
858 1 743 0 845 85 0
858 2 1663 0 1837 155 0
858 4 349 0 504 63 1
859 1 736 0 845 88 0
859 2 1661 0 1835 152 0
859 4 349 0 504 76 1
860 1 728 0 843 91 0
860 2 1660 0 1834 149 0
860 4 341 0 491 81 1
861 1 721 0 843 94 0
861 2 1659 0 1833 146 0
861 4 339 0 489 83 1
862 1 713 0 842 97 0
862 2 1658 0 1833 143 0
862 4 337 0 487 85 1
863 1 711 0 840 98 0
863 2 1655 0 1830 140 0
863 4 335 0 485 87 1
864 1 709 0 837 98 0
864 2 1652 0 1828 138 0
864 4 333 0 483 89 1
865 1 708 0 836 99 0
865 2 1650 0 1827 135 0
865 4 330 0 480 91 1
866 1 706 0 833 99 0
866 2 1647 0 1824 132 0
866 4 328 0 478 93 1
867 1 704 0 831 100 0
867 2 1645 0 1824 132 0
867 4 326 0 476 95 1
868 1 702 0 828 100 0
868 2 1644 0 1824 132 0
868 4 323 0 475 96 1
869 1 700 0 826 101 0
869 2 1643 0 1824 132 0
869 4 320 0 473 97 1
870 1 698 0 823 101 0
870 2 1641 0 1824 132 0
870 4 318 0 472 99 1
871 1 696 0 822 101 0
871 2 1640 0 1821 129 0
871 4 315 0 470 100 1
872 1 694 0 821 101 0
872 2 1640 0 1818 126 0
872 4 312 0 468 101 1
873 1 693 0 821 101 0
873 2 1639 0 1815 123 0
873 4 309 0 466 102 1
874 1 691 0 820 101 0
874 2 1638 0 1812 119 0
874 4 306 0 464 103 1
875 1 689 0 818 101 0
875 2 1637 0 1809 116 0
875 4 304 0 463 104 1
876 1 688 0 818 101 0
876 2 1637 0 1807 113 0
876 4 301 0 461 105 1
877 1 686 0 817 101 0
877 2 1636 0 1803 110 0
877 4 301 0 461 105 1
878 1 684 0 816 101 0
878 2 1635 0 1800 107 0
878 4 301 0 461 105 1
879 1 684 0 816 101 0
879 2 1635 0 1800 107 0
879 4 301 0 461 104 1
880 1 684 0 816 101 0
880 2 1635 0 1800 107 0
880 4 301 0 461 104 1
881 1 684 0 816 101 0
881 2 1635 0 1801 108 0
881 4 301 0 461 104 1
882 1 685 0 817 101 0
882 2 1635 0 1801 108 0
882 4 301 0 461 104 1
883 1 685 0 818 101 0
883 2 1635 0 1801 108 0
883 4 301 0 460 104 1
884 1 685 0 818 101 0
884 2 1635 0 1801 108 0
884 4 301 0 460 104 1
885 1 685 0 818 101 0
885 2 1635 0 1801 109 0
885 4 301 0 460 103 1
886 1 685 0 818 101 0
886 2 1635 0 1801 109 0
886 4 301 0 460 103 1
887 1 685 0 818 101 0
887 2 1635 0 1801 109 0
887 4 301 0 460 103 1
888 1 685 0 818 101 0
888 2 1635 0 1801 109 0
888 4 301 0 460 103 1
889 1 685 0 818 101 0
889 2 1635 0 1802 110 0
889 4 301 0 460 103 1
890 1 685 0 818 101 0
890 2 1635 0 1802 110 0
890 4 301 0 459 103 1
891 1 686 0 820 101 0
891 2 1635 0 1802 110 0
891 4 301 0 459 102 1
892 1 686 0 820 101 0
892 2 1635 0 1802 110 0
892 4 301 0 459 102 1
893 1 686 0 820 101 0
893 2 1635 0 1802 111 0
893 4 301 0 459 102 1
894 1 686 0 820 101 0
894 2 1635 0 1802 111 0
894 4 301 0 459 102 1
895 1 686 0 820 101 0
895 2 1635 0 1802 111 0
895 4 301 0 459 102 1
896 1 686 0 820 101 0
896 2 1635 0 1802 111 0
896 4 301 0 459 102 1
897 1 686 0 820 101 0
897 2 1635 0 1802 112 0
897 4 301 0 459 101 1
898 1 686 0 820 101 0
898 2 1635 0 1803 112 0
898 4 301 0 458 101 1
899 1 687 0 822 101 0
899 2 1635 0 1803 112 0
899 4 301 0 458 101 1
900 1 687 0 822 101 0
900 2 1635 0 1803 112 0
900 4 301 0 458 101 1
901 1 687 0 822 101 0
901 2 1635 0 1803 113 0
901 4 301 0 458 101 1
902 1 687 0 822 101 0
902 2 1635 0 1803 113 0
902 4 301 0 458 101 1
903 1 687 0 822 101 0
903 2 1635 0 1803 113 0
903 4 301 0 458 100 1
904 1 687 0 822 101 0
904 2 1635 0 1803 113 0
904 4 301 0 458 100 1
905 1 687 0 822 101 0
905 2 1635 0 1803 114 0
905 4 301 0 457 100 1
906 1 687 0 822 101 0
906 2 1635 0 1804 114 0
906 4 301 0 457 100 1
907 1 687 0 823 101 0
907 2 1635 0 1804 114 0
907 4 301 0 457 100 1
908 1 688 0 824 101 0
908 2 1635 0 1804 114 0
908 4 301 0 457 100 1
909 1 688 0 824 101 0
909 2 1635 0 1804 115 0
909 4 301 0 457 99 1
910 1 688 0 824 101 0
910 2 1635 0 1804 115 0
910 4 301 0 457 99 1
911 1 688 0 824 101 0
911 2 1635 0 1804 115 0
911 4 301 0 457 99 1
912 1 688 0 824 101 0
912 2 1635 0 1804 116 0
912 4 301 0 456 99 1
913 1 688 0 824 101 0
913 2 1635 0 1804 116 0
913 4 301 0 456 99 1
914 1 688 0 824 101 0
914 2 1635 0 1804 116 0
914 4 301 0 456 99 1
915 1 688 0 825 101 0
915 2 1635 0 1805 116 0
915 4 301 0 456 98 1
916 1 688 0 825 101 0
916 2 1635 0 1805 117 0
916 4 301 0 456 98 1
917 1 689 0 826 101 0
917 2 1635 0 1805 117 0
917 4 301 0 456 98 1
918 1 689 0 826 101 0
918 2 1635 0 1805 117 0
918 4 301 0 456 98 1
919 1 689 0 826 101 0
919 2 1635 0 1805 117 0
919 4 301 0 455 98 1
920 1 689 0 826 101 1
920 2 1635 0 1805 118 0
920 4 301 0 455 98 1
921 1 689 0 826 101 1
921 2 1635 0 1805 118 0
921 4 301 0 455 97 1
922 1 689 0 826 101 1
922 2 1635 0 1805 118 0
922 4 301 0 455 97 1
923 1 689 0 826 101 1
923 2 1635 0 1805 118 0
923 4 301 0 455 97 1
924 1 689 0 827 101 1
924 2 1635 0 1806 119 0
924 4 301 0 455 97 1
925 1 689 0 827 101 1
925 2 1635 0 1806 119 0
925 4 301 0 455 97 1
926 1 690 0 828 101 1
926 2 1635 0 1806 119 0
926 4 301 0 454 97 1
927 1 690 0 828 101 1
927 2 1635 0 1806 119 0
927 4 301 0 454 96 1
928 1 690 0 828 101 1
928 2 1635 0 1806 120 0
928 4 301 0 454 96 1
929 1 690 0 828 101 1
929 2 1635 0 1806 120 0
929 4 301 0 454 96 1
930 1 690 0 828 101 1
930 2 1635 0 1806 120 0
930 4 301 0 454 96 1
931 1 690 0 828 101 1
931 2 1635 0 1806 120 0
931 4 301 0 454 96 1
932 1 690 0 829 101 1
932 2 1635 0 1807 121 0
932 4 301 0 454 96 1
933 1 690 0 829 101 1
933 2 1635 0 1807 121 0
933 4 301 0 453 95 1
934 1 690 0 829 101 1
934 2 1635 0 1807 121 0
934 4 301 0 453 95 1
935 1 691 0 830 101 1
935 2 1635 0 1807 121 0
935 4 301 0 453 95 1
936 1 691 0 830 101 1
936 2 1635 0 1807 122 0
936 4 301 0 453 95 1
937 1 691 0 830 101 1
937 2 1635 0 1807 122 0
937 4 301 0 453 95 1
938 1 691 0 830 101 1
938 2 1635 0 1807 122 0
938 4 301 0 453 95 1
939 1 692 0 832 99 1
939 2 1636 0 1806 122 0
939 4 301 0 453 94 1
940 1 692 0 834 97 1
940 2 1637 0 1805 122 0
940 4 301 0 452 94 1
941 1 693 0 836 95 1
941 2 1638 0 1805 122 0
941 4 301 0 452 94 1
942 1 694 0 838 93 1
942 2 1639 0 1804 122 0
942 4 301 0 452 94 1
943 1 695 0 840 91 1
943 2 1640 0 1803 122 0
943 4 301 0 452 94 1
944 1 696 0 842 89 1
944 2 1641 0 1802 122 0
944 4 301 0 452 94 1
945 1 695 0 841 89 1
945 2 1642 0 1801 122 0
945 4 301 0 452 93 1
946 1 695 0 841 89 1
946 2 1643 0 1800 122 0
946 4 301 0 452 93 1
947 1 695 0 840 89 1
947 2 1643 0 1798 122 0
947 4 301 0 451 93 1
948 1 694 0 839 89 1
948 2 1644 0 1797 122 0
948 4 301 0 451 93 1
949 1 694 0 839 89 1
949 2 1644 0 1797 122 0
949 4 301 0 451 93 1
950 1 694 0 838 89 1
950 2 1643 0 1796 122 0
950 4 301 0 451 93 1
951 1 694 0 838 89 1
951 2 1643 0 1795 122 0
951 4 301 0 451 92 1
952 1 693 0 837 89 1
952 2 1643 0 1795 122 0
952 4 301 0 451 92 1
953 1 693 0 837 88 1
953 2 1642 0 1793 122 0
953 4 301 0 451 92 1
954 1 693 0 836 88 1
954 2 1642 0 1793 122 0
954 4 301 0 451 92 1
955 1 692 0 835 88 1
955 2 1641 0 1791 122 0
955 4 301 0 450 92 1
956 1 692 0 835 88 1
956 2 1641 0 1791 122 0
956 4 301 0 450 92 1
957 1 692 0 835 88 1
957 2 1640 0 1789 122 0
957 4 301 0 450 91 1
958 1 692 0 834 88 1
958 2 1640 0 1789 122 0
958 4 301 0 450 91 1
959 1 691 0 833 88 1
959 2 1639 0 1787 122 0
959 4 301 0 450 91 1
960 1 691 0 833 88 1
960 2 1639 0 1787 121 0
960 4 301 0 450 91 1
961 1 691 0 833 88 1
961 2 1638 0 1785 121 0
961 4 301 0 450 91 1
962 1 686 0 827 87 1
962 2 1638 0 1785 121 0
962 4 301 0 449 91 0
963 1 682 0 823 86 1
963 2 1637 0 1783 121 0
963 4 301 0 449 90 0
964 1 677 0 817 86 1
964 2 1637 0 1783 121 0
964 4 301 0 449 90 0
965 1 673 0 813 85 1
965 2 1632 0 1781 121 0
965 4 301 0 449 90 0
966 1 668 0 807 85 1
966 2 1628 0 1781 121 0
966 4 301 0 449 90 0
967 1 664 0 803 84 1
967 2 1623 0 1780 121 0
967 4 301 0 449 90 0
968 1 659 0 797 84 1
968 2 1619 0 1779 121 0
968 4 301 0 449 90 0
969 1 655 0 793 83 1
969 2 1614 0 1778 121 0
969 4 293 0 436 91 0
970 1 655 0 774 84 1
970 2 1591 0 1766 122 0
970 4 285 0 424 92 0
971 1 644 0 763 89 1
971 2 1582 0 1759 117 0
971 4 272 0 412 92 0
972 1 634 0 753 94 1
972 2 1573 0 1751 112 0
972 4 258 0 399 96 0
973 1 608 0 742 90 1
973 2 1563 0 1750 115 0
973 4 259 0 401 96 0
974 1 608 0 740 87 1
974 2 1563 0 1750 119 0
974 4 260 0 403 96 0
975 1 608 0 738 83 1
975 2 1563 0 1749 123 0
975 4 261 0 406 96 0
976 1 610 0 743 84 1
976 2 1563 0 1749 127 0
976 4 263 0 409 97 0
977 1 611 0 746 85 1
977 2 1563 0 1749 131 0
977 4 264 0 411 97 0
978 1 613 0 751 86 1
978 2 1563 0 1749 135 0
978 4 265 0 414 97 0
979 1 614 0 754 87 1
979 2 1563 0 1748 138 0
979 4 266 0 416 97 0
980 1 617 0 757 89 1
980 2 1563 0 1748 142 0
980 4 268 0 419 97 0
981 1 620 0 759 91 1
981 2 1563 0 1748 146 0
981 4 269 0 422 97 0
982 1 623 0 762 93 1
982 2 1563 0 1748 150 0
982 4 270 0 424 97 0
983 1 626 0 764 95 1
983 2 1563 0 1747 154 0
983 4 271 0 426 97 0
984 1 629 0 767 97 1
984 2 1563 0 1747 158 0
984 4 272 0 429 97 0
985 1 632 0 770 99 1
985 2 1563 0 1747 162 0
985 4 274 0 432 97 0
986 1 635 0 772 102 1
986 2 1563 0 1747 166 0
986 4 275 0 434 97 0
987 1 646 0 781 106 1
987 2 1570 1 1753 186 0
987 4 286 0 441 92 0
988 1 658 0 790 111 1
988 2 1577 3 1760 206 0
988 4 296 0 447 87 0
989 1 670 0 800 116 1
989 2 1584 5 1766 226 0
989 4 315 0 463 87 0
990 1 686 0 814 122 1
990 2 1587 16 1778 240 0
990 4 330 0 478 85 0
991 1 700 0 830 125 1
991 2 1603 36 1785 257 0
991 4 345 0 488 78 0
992 1 716 0 848 125 1
992 2 1603 36 1799 266 0
992 4 362 0 504 78 0
993 1 728 0 868 127 1
993 2 1628 58 1816 275 0
993 4 379 0 517 73 0
994 1 747 0 878 133 1
994 2 1628 71 1816 291 0
994 4 394 0 533 70 0
995 1 757 0 891 135 1
995 2 1648 77 1828 297 0
995 4 410 0 548 64 0
996 1 767 0 905 137 1
996 2 1667 84 1839 305 0
996 4 421 0 559 60 0
997 1 778 0 913 143 1
997 2 1675 97 1848 325 0
997 4 432 0 571 57 0
998 1 790 0 921 148 1
998 2 1682 110 1856 345 0
998 4 452 0 585 60 0
999 1 798 0 933 149 1
999 2 1689 123 1860 350 0
999 4 472 0 599 63 0
1000 1 812 0 934 149 1
1000 2 1695 136 1864 355 0
1000 4 478 0 607 61 0
1001 1 816 5 947 159 1
1001 2 1695 145 1864 371 0
1001 4 483 0 613 59 0
1002 1 816 9 943 162 1
1002 2 1695 153 1864 367 0
1002 4 486 0 619 60 0
1003 1 816 12 949 165 1
1003 2 1704 153 1864 382 0
1003 4 489 0 625 62 0
1004 1 816 15 943 171 1
1004 2 1695 148 1864 381 0
1004 4 486 0 622 62 0
1005 1 814 17 943 175 1
1005 2 1695 165 1864 384 0
1005 4 483 0 620 62 0
1006 1 812 18 942 177 1
1006 2 1695 154 1864 387 0
1006 4 479 0 616 62 0
1007 1 809 20 941 180 1
1007 2 1695 171 1864 394 0
1007 4 476 0 613 62 0
1008 1 807 22 941 184 1
1008 2 1690 172 1863 393 0
1008 4 473 0 610 62 0
1009 1 807 25 934 190 1
1009 2 1686 173 1864 393 0
1009 4 470 0 607 62 0
1010 1 807 28 928 196 1
1010 2 1681 175 1864 394 0
1010 4 467 0 604 62 0
1011 1 794 28 927 196 1
1011 2 1681 175 1864 405 0
1011 4 463 0 601 62 0
1012 1 790 28 923 195 1
1012 2 1676 175 1859 405 0
1012 4 460 0 598 62 0
1013 1 785 29 918 195 1
1013 2 1671 176 1855 406 0
1013 4 457 0 595 62 0
1014 1 781 30 913 195 1
1014 2 1666 177 1850 407 0
1014 4 454 0 592 62 0
1015 1 777 30 909 195 1
1015 2 1661 177 1846 407 0
1015 4 450 0 588 62 0
1016 1 772 31 904 195 1
1016 2 1656 178 1842 408 0
1016 4 447 0 585 62 0
1017 1 768 32 899 195 1
1017 2 1651 179 1837 409 0
1017 4 442 0 578 62 0
1018 1 763 32 894 194 1
1018 2 1646 179 1833 408 0
1018 4 438 0 572 62 0
1019 1 759 33 890 194 1
1019 2 1641 180 1828 409 0
1019 4 433 0 564 62 0
1020 1 754 34 885 195 1
1020 2 1636 181 1824 410 0
1020 4 428 0 557 62 0
1021 1 750 34 880 194 1
1021 2 1631 181 1820 410 0
1021 4 423 0 550 63 0
1022 1 745 35 875 194 1
1022 2 1626 182 1815 411 0
1022 4 419 0 543 63 0
1023 1 741 36 871 194 1
1023 2 1621 182 1811 411 0
1023 4 414 0 536 63 0
1024 1 736 36 865 193 1
1024 2 1616 183 1806 412 0
1024 4 409 0 529 63 0
1025 1 732 37 861 194 1
1025 2 1611 184 1802 412 0
1025 4 404 0 521 63 0
1026 1 722 34 854 191 1
1026 2 1611 184 1802 412 0
1026 4 403 0 505 62 0
1027 1 712 30 848 188 1
1027 2 1610 184 1800 412 0
1027 4 402 0 488 61 0
1028 1 711 30 847 188 1
1028 2 1610 184 1800 412 0
1028 4 400 0 485 60 0
1029 1 709 30 845 188 1
1029 2 1609 184 1798 412 0
1029 4 397 0 481 60 0
1030 1 707 29 843 187 1
1030 2 1609 184 1798 412 0
1030 4 395 0 478 59 0
1031 1 706 29 841 188 1
1031 2 1608 184 1797 412 0
1031 4 392 0 474 59 0
1032 1 704 28 839 187 1
1032 2 1608 184 1796 412 0
1032 4 390 0 471 58 0
1033 1 703 28 838 187 1
1033 2 1607 184 1795 412 0
1033 4 387 0 467 58 0
1034 1 701 28 836 188 1
1034 2 1607 184 1795 412 0
1034 4 386 0 465 57 0
1035 1 700 27 835 187 1
1035 2 1606 184 1793 412 0
1035 4 385 0 464 56 0
1036 1 698 27 833 187 1
1036 2 1606 184 1793 412 0
1036 4 385 0 463 54 0
1037 1 696 27 831 187 1
1037 2 1606 184 1793 412 0
1037 4 384 0 462 53 0
1038 1 695 26 829 187 1
1038 2 1605 184 1791 412 0
1038 4 383 0 460 52 0
1039 1 693 26 827 187 1
1039 2 1605 184 1791 412 0
1039 4 383 0 460 51 0
1040 1 692 25 826 186 1
1040 2 1604 184 1789 412 0
1040 4 382 0 458 50 0
1041 1 690 25 824 187 1
1041 2 1604 184 1789 412 0
1041 4 381 0 457 49 0
1042 1 689 25 823 187 1
1042 2 1603 184 1788 412 0
1042 4 380 0 455 48 0
1043 1 687 24 821 186 1
1043 2 1603 184 1787 412 0
1043 4 380 0 455 46 0
1044 1 686 24 820 187 1
1044 2 1602 184 1786 412 0
1044 4 379 0 453 45 0
1045 1 684 23 818 186 1
1045 2 1602 184 1786 412 0
1045 4 378 0 452 44 0
1046 1 682 23 815 186 1
1046 2 1601 184 1784 412 0
1046 4 386 0 451 43 0
1047 1 682 22 817 183 1
1047 2 1603 184 1787 411 0
1047 4 384 0 450 43 0
1048 1 681 21 817 180 1
1048 2 1606 183 1790 409 0
1048 4 383 0 450 43 0
1049 1 680 19 817 176 1
1049 2 1608 183 1793 407 0
1049 4 381 0 449 43 0
1050 1 680 18 818 174 1
1050 2 1610 183 1796 406 0
1050 4 380 0 448 43 0
1051 1 680 19 818 175 1
1051 2 1608 185 1795 407 0
1051 4 379 0 448 44 0
1052 1 680 19 817 175 1
1052 2 1607 186 1795 406 0
1052 4 379 0 448 44 0
1053 1 680 20 817 176 1
1053 2 1605 188 1795 407 0
1053 4 378 0 447 45 0
1054 1 680 21 816 176 1
1054 2 1604 190 1795 407 0
1054 4 377 0 446 46 0
1055 1 680 21 816 176 1
1055 2 1603 191 1795 407 0
1055 4 376 0 445 46 0
1056 1 680 22 815 177 1
1056 2 1601 193 1795 407 0
1056 4 376 0 446 47 0
1057 1 680 22 814 177 1
1057 2 1600 195 1795 408 0
1057 4 375 0 445 48 0
1058 1 680 23 814 178 1
1058 2 1598 196 1795 407 0
1058 4 374 0 444 49 0
1059 1 680 24 813 179 1
1059 2 1597 198 1795 408 0
1059 4 373 0 443 49 0
1060 1 680 24 813 179 1
1060 2 1595 197 1793 407 0
1060 4 372 0 443 44 0
1061 1 679 23 812 179 1
1061 2 1594 196 1792 406 0
1061 4 373 0 442 43 0
1062 1 678 23 811 179 1
1062 2 1593 195 1791 406 0
1062 4 374 0 442 43 0
1063 1 677 22 810 178 1
1063 2 1591 195 1789 406 0
1063 4 376 0 442 43 0
1064 1 676 21 809 177 1
1064 2 1590 194 1788 406 0
1064 4 377 0 441 42 0
1065 1 675 20 809 176 1
1065 2 1588 193 1786 405 0
1065 4 378 0 440 42 0
1066 1 674 20 808 176 1
1066 2 1587 192 1785 404 0
1066 4 379 0 439 41 0
1067 1 674 19 809 177 1
1067 2 1586 191 1784 404 0
1067 4 379 0 439 41 0
1068 1 673 19 809 178 1
1068 2 1584 191 1782 404 0
1068 4 379 0 439 41 0
1069 1 672 18 809 179 1
1069 2 1583 190 1781 404 0
1069 4 378 0 438 42 0
1070 1 671 18 809 180 1
1070 2 1581 189 1778 403 0
1070 4 378 0 438 42 0
1071 1 670 17 809 181 1
1071 2 1580 188 1777 403 0
1071 4 377 0 437 42 0
1072 1 669 17 809 182 1
1072 2 1578 187 1775 402 0
1072 4 377 0 436 42 0
1073 1 668 18 807 183 1
1073 2 1577 187 1774 402 0
1073 4 374 0 436 44 0
1074 1 667 20 805 184 1
1074 2 1576 186 1773 402 0
1074 4 371 0 436 46 0
1075 1 666 21 803 184 1
1075 2 1574 185 1771 401 0
1075 4 367 0 434 47 0
1076 1 665 23 801 186 1
1076 2 1573 184 1770 401 0
1076 4 364 0 434 49 0
1077 1 664 24 799 186 1
1077 2 1571 183 1768 400 0
1077 4 361 0 434 51 0
1078 1 664 26 798 187 1
1078 2 1570 183 1767 400 0
1078 4 358 0 433 53 0
1079 1 663 27 796 188 1
1079 2 1569 182 1766 400 0
1079 4 355 0 433 54 0
1080 1 662 29 794 189 1
1080 2 1567 181 1764 399 0
1080 4 352 0 432 56 0
1081 1 661 30 792 189 1
1081 2 1566 180 1763 399 0
1081 4 348 0 431 58 0
1082 1 660 32 790 191 1
1082 2 1564 179 1761 398 0
1082 4 345 0 431 60 0
1083 1 659 33 789 191 1
1083 2 1563 179 1760 399 0
1083 4 342 0 430 62 0
1084 1 658 35 787 193 1
1084 2 1561 178 1758 398 0
1084 4 339 0 430 63 0
1085 1 657 36 785 193 1
1085 2 1560 177 1757 397 0
1085 4 336 0 429 65 0
1086 1 656 38 783 194 1
1086 2 1559 176 1756 397 0
1086 4 333 0 429 67 0
1087 1 655 39 781 195 1
1087 2 1557 175 1754 396 0
1087 4 329 0 428 69 0
1088 1 654 40 779 195 1
1088 2 1556 175 1753 397 1
1088 4 326 0 427 70 0
1089 1 630 47 753 202 1
1089 2 1533 163 1730 388 1
1089 4 303 0 409 84 0
1090 1 605 53 726 207 1
1090 2 1509 152 1705 381 1
1090 4 281 0 393 97 0
1091 1 581 59 701 213 1
1091 2 1486 141 1682 373 1
1091 4 258 0 375 110 0
1092 1 556 65 674 219 1
1092 2 1463 130 1659 366 1
1092 4 235 0 357 124 0
1093 1 507 81 609 216 1
1093 2 1427 118 1612 345 1
1093 4 187 0 319 148 0
1094 1 447 96 542 227 1
1094 2 1364 97 1567 337 1
1094 4 124 0 261 178 0
1095 1 394 120 487 266 1
1095 2 1301 86 1530 333 1
1095 4 79 30 212 217 0
1096 1 329 154 434 278 1
1096 2 1240 74 1491 333 1
1096 4 25 68 157 231 0
1097 1 285 184 384 319 1
1097 2 1209 79 1400 322 1
1097 4 0 108 92 289 0
1098 1 235 224 340 356 1
1098 2 1149 79 1351 317 1
1098 4 0 163 80 359 0
1099 1 195 257 314 404 1
1099 2 1091 72 1321 316 1
1100 1 164 284 262 436 1
1100 2 1044 73 1270 326 1
1101 1 131 315 244 465 1
1101 2 1008 80 1233 349 1
1102 1 96 337 204 487 1
1102 2 971 73 1195 346 1
1103 1 70 354 177 501 1
1103 2 927 100 1156 346 0
1104 1 32 364 141 506 1
1104 2 885 98 1116 359 0
1105 1 3 371 108 515 1
1105 2 854 98 1117 359 0
1106 1 3 371 86 517 1
1106 2 823 98 1117 359 0
1107 1 3 371 63 509 1
1107 2 788 75 1046 339 0
1108 2 735 57 971 330 0
1109 2 692 31 930 309 0
1110 2 649 6 888 290 0
1111 2 632 3 879 268 0
1112 2 615 0 869 245 0
1113 2 608 0 850 239 0
1114 2 602 0 831 234 0
1115 2 595 0 811 228 0
1116 2 589 0 792 222 0
1117 2 543 0 742 187 0
1118 2 498 0 685 185 0
1119 2 416 0 656 166 0
1120 2 363 0 599 142 0
1121 2 336 0 575 87 0
1122 2 313 0 516 73 0
1123 2 313 0 414 42 0
1481 2 1596 2 1794 50 0
1482 2 1596 2 1794 66 0
1483 2 1596 2 1794 82 0
1484 2 1596 2 1794 98 0
1485 2 1605 2 1790 103 0
1486 2 1601 2 1790 110 0
1487 2 1597 2 1790 116 0
1488 2 1582 0 1771 117 0
1489 2 1568 0 1757 112 0
1490 2 1555 0 1744 106 0
1491 2 1541 0 1728 91 0
1492 2 1509 0 1698 58 0
1493 2 1493 1 1679 56 0
1494 2 1487 1 1665 41 0
1495 2 1487 1 1651 15 0
2096 2 1520 0 1661 91 0
2097 2 1533 0 1680 111 0
2098 2 1546 0 1701 147 0
2099 2 1559 0 1722 182 0
2100 2 1573 0 1743 218 0
2101 2 1596 22 1753 233 0
2102 2 1612 61 1755 261 0
2103 2 1612 61 1764 297 0
2104 2 1618 101 1782 321 0
2105 2 1635 120 1792 341 0
2106 2 1635 132 1800 364 0
2107 2 1635 154 1800 363 0
2108 2 1635 168 1799 375 0
2109 2 1635 183 1798 387 0
2110 2 1635 197 1797 399 0
2111 2 1635 197 1797 418 0
2112 2 1635 197 1797 438 0
2113 2 1635 210 1797 437 0
2114 2 1635 224 1797 437 0
2115 2 1642 217 1802 431 0
2116 2 1649 210 1807 425 0
2117 2 1655 202 1811 417 0
2118 2 1662 195 1816 411 1
2119 2 1669 188 1820 405 1
2120 2 1676 181 1825 399 1
2121 2 1683 174 1830 392 1
2122 2 1690 167 1835 386 1
2123 2 1697 160 1840 380 1
2124 2 1703 152 1844 372 1
2125 2 1710 145 1848 366 1
2126 2 1717 138 1853 360 1
2127 2 1717 129 1858 343 1
2128 2 1717 121 1863 327 1
2129 2 1717 112 1868 310 1
2130 2 1735 74 1894 298 1
2131 2 1735 70 1894 297 1
2132 2 1735 66 1894 297 1
2133 2 1735 63 1894 298 1
2134 2 1735 59 1894 298 1
2135 2 1735 55 1894 298 1
2136 2 1734 50 1894 292 1
2137 2 1732 45 1893 285 1
2138 2 1730 40 1891 279 1
2139 2 1728 35 1890 272 1
2140 2 1727 30 1890 266 1
2141 2 1725 25 1889 259 1
2142 2 1723 20 1888 253 1
2143 2 1722 15 1888 246 1
2144 2 1720 10 1887 240 1
2145 2 1735 0 1877 209 1
2146 2 1777 0 1918 162 1
2214 2 1053 0 1247 43 1
2215 2 1043 0 1247 62 1
2216 2 1034 0 1248 81 1
2217 1 67 0 150 28 0
2217 2 1024 0 1248 95 1
2218 1 46 0 127 36 0
2218 2 1014 0 1247 110 1
2219 1 46 0 149 55 0
2219 2 1010 0 1240 109 1
2220 1 46 0 151 69 0
2220 2 1007 0 1240 122 1
2221 1 46 0 139 79 0
2221 2 1007 0 1240 139 1
2222 1 46 0 140 94 0
2222 2 1005 0 1240 150 1
2223 1 46 0 151 103 0
2223 2 1002 0 1240 161 1
2224 1 46 0 161 113 0
2224 2 1000 0 1240 172 1
2225 1 46 0 162 121 0
2225 2 1000 0 1240 182 1
2226 1 46 0 164 129 0
2226 2 1000 0 1240 192 1
2227 1 46 0 165 137 0
2227 2 1000 0 1240 202 1
2228 1 47 0 166 149 0
2228 2 1000 0 1240 213 1
2229 1 50 0 166 149 0
2229 2 1007 0 1246 217 1
2230 1 54 0 171 150 0
2230 2 1014 0 1253 221 1
2231 1 58 0 176 152 0
2231 2 1021 0 1259 225 1
2232 1 63 0 182 154 0
2232 2 1029 0 1267 229 1
2233 1 67 0 188 156 0
2233 2 1036 0 1273 233 1
2234 1 71 0 193 153 0
2234 2 1048 0 1288 233 1
2235 1 76 0 199 151 0
2235 2 1061 0 1300 233 1
2236 1 80 0 204 149 0
2236 2 1074 0 1311 233 1
2237 1 85 0 211 147 0
2237 2 1086 0 1321 233 1
2238 1 87 0 211 142 0
2238 2 1092 0 1332 233 1
2239 1 90 0 213 138 0
2239 2 1100 0 1341 234 1
2240 1 93 0 215 134 0
2240 2 1108 0 1350 235 1
2241 1 95 0 215 129 0
2241 2 1115 0 1358 236 1
2242 1 98 0 217 125 0
2242 2 1123 0 1366 237 1
2243 1 101 0 218 121 0
2243 2 1130 0 1374 238 1
2244 1 105 0 224 120 0
2244 2 1138 0 1383 242 1
2245 1 110 0 231 120 0
2245 2 1146 0 1391 247 1
2246 1 114 0 237 119 0
2246 2 1154 0 1399 251 1
2247 1 119 0 244 119 0
2247 2 1162 0 1407 255 1
2248 1 122 0 245 111 0
2248 2 1167 0 1407 255 1
2249 1 125 0 246 103 0
2249 2 1174 0 1415 255 1
2250 1 129 0 248 95 0
2250 2 1181 0 1423 255 1
2251 1 131 0 251 93 0
2251 2 1184 0 1426 254 1
2252 1 134 0 255 91 0
2252 2 1187 0 1430 254 1
2253 1 136 0 257 89 0
2253 2 1190 0 1434 253 1
2254 1 139 0 259 86 0
2254 2 1193 0 1437 253 1
2255 1 143 0 262 84 0
2255 2 1196 0 1441 252 1
2256 1 146 0 263 81 0
2256 2 1200 0 1444 252 1
2257 1 149 0 265 78 0
2257 2 1204 0 1447 252 1
2258 1 152 0 266 75 0
2258 2 1207 0 1450 252 1
2259 1 156 0 269 72 0
2259 2 1211 0 1453 252 1
2260 1 159 0 271 69 0
2260 2 1215 0 1456 252 1
2261 1 162 0 272 66 0
2261 2 1218 0 1459 252 1
2262 1 166 0 275 64 0
2262 2 1222 0 1462 252 1
2263 1 169 0 276 61 0
2263 2 1222 0 1462 252 1
2264 1 172 0 277 58 0
2264 2 1223 0 1463 252 1
2265 1 175 0 279 55 0
2265 2 1223 0 1462 251 1
2266 1 178 0 280 53 0
2266 2 1223 1 1462 252 1
2267 1 181 0 281 50 0
2267 2 1224 1 1463 252 1
2268 1 184 0 283 47 0
2268 2 1224 1 1463 252 1
2269 1 187 0 284 44 0
2269 2 1224 1 1463 251 1
2270 1 190 0 285 42 0
2270 2 1225 1 1464 251 1
2271 1 193 0 286 39 0
2271 2 1225 1 1464 251 1
2272 1 196 0 288 36 0
2272 2 1226 1 1464 251 1
2273 1 212 0 288 36 0
2273 2 1226 1 1464 251 1
2274 1 211 0 287 36 0
2274 2 1226 1 1464 250 1
2275 1 210 0 286 37 0
2275 2 1227 1 1465 250 1
2276 1 210 0 286 37 0
2276 2 1227 1 1465 250 1
2277 1 209 0 285 37 0
2277 2 1227 2 1465 251 1
2278 1 208 0 284 38 0
2278 2 1228 2 1466 251 1
2279 1 208 0 284 38 0
2279 2 1228 2 1465 250 1
2280 1 207 0 283 38 0
2280 2 1228 2 1465 250 1
2281 1 206 0 282 39 0
2281 2 1229 2 1466 250 1
2282 1 206 0 282 39 0
2282 2 1229 2 1466 250 1
2283 1 205 0 281 39 0
2283 2 1229 2 1466 250 1
2284 1 204 0 280 40 0
2284 2 1230 2 1467 249 1
2285 1 204 0 280 40 0
2285 2 1230 2 1466 249 1
2286 1 203 0 279 40 0
2286 2 1231 2 1467 249 1
2287 1 202 0 278 41 0
2287 2 1231 2 1467 249 1
2288 1 202 0 278 41 0
2288 2 1231 3 1467 249 1
2289 1 201 0 277 41 0
2289 2 1232 3 1468 249 1
2290 2 1232 3 1468 249 1
2291 2 1232 3 1468 249 1
2292 2 1233 3 1468 249 1
2293 2 1233 3 1468 248 1
2294 2 1233 3 1468 248 1
2295 2 1234 3 1469 248 1
2296 2 1234 3 1469 248 1
2297 2 1234 3 1469 248 1
2298 2 1235 3 1470 247 1
2299 2 1235 4 1469 248 1
2300 2 1236 4 1470 248 1
2301 2 1236 4 1470 248 1
2302 2 1236 4 1470 247 1
2303 2 1237 4 1471 247 1
2304 2 1237 4 1471 247 1
2305 2 1237 4 1470 247 1
2306 2 1238 4 1471 247 1
2307 2 1238 4 1471 246 1
2308 2 1238 4 1471 246 1
2309 2 1239 4 1472 246 1
2310 2 1239 5 1472 247 1
2311 2 1239 5 1472 247 1
2312 2 1240 5 1472 246 1
2313 2 1240 5 1474 245 1
2314 2 1240 6 1475 245 1
2315 2 1240 6 1477 244 1
2316 2 1240 7 1478 244 1
2317 2 1240 7 1479 243 1
2318 2 1240 8 1481 243 1
2319 2 1240 9 1482 243 1
2320 2 1240 9 1484 241 1
2321 2 1240 10 1485 241 1
2322 2 1240 10 1486 240 1
2323 2 1240 11 1488 240 1
2324 2 1240 11 1489 239 1
2325 2 1240 12 1491 239 1
2326 2 1240 13 1492 239 1
2327 2 1240 13 1493 238 1
2328 2 1240 14 1495 237 1
2329 2 1240 14 1493 238 1
2330 2 1241 14 1492 238 1
2331 2 1241 14 1491 239 1
2332 2 1242 14 1490 240 1
2333 2 1242 14 1489 240 0
2334 2 1243 14 1488 241 0
2335 2 1243 14 1486 241 0
2336 2 1243 14 1485 242 0
2337 2 1244 14 1484 242 0
2338 2 1244 14 1482 243 0
2339 2 1245 14 1482 243 0
2340 2 1245 15 1480 245 0
2341 2 1246 15 1479 245 0
2342 2 1246 15 1478 246 0
2343 2 1247 15 1477 246 0
2344 2 1247 15 1476 247 0
2345 2 1247 15 1474 247 0
2346 2 1248 15 1473 248 0
2347 2 1248 15 1472 248 0
2348 2 1249 15 1471 249 0
2349 2 1253 6 1466 250 0
2350 2 1226 11 1442 257 0
2351 2 1199 16 1417 263 0
2352 1 160 0 233 62 0
2352 2 1172 21 1393 269 0
2353 1 100 0 191 95 0
2353 2 1120 33 1343 284 0
2354 1 53 0 148 118 0
2354 2 1068 45 1293 299 0
2355 1 16 0 111 151 0
2355 2 1040 56 1260 310 0
2356 1 1 0 96 156 0
2356 2 1014 66 1238 332 0
2357 1 1 0 76 171 0
2357 2 996 74 1216 335 0
2358 1 1 5 73 184 0
2358 2 984 78 1209 333 0
2359 1 1 14 67 198 0
2359 2 972 83 1202 332 0
2360 1 1 21 62 196 0
2360 2 974 77 1202 328 0
2361 1 1 21 59 201 0
2361 2 976 71 1202 324 0
2362 1 1 21 56 206 0
2362 2 978 65 1203 321 0
2363 1 1 21 59 197 0
2363 2 980 60 1203 318 0
2364 1 1 21 61 188 0
2364 2 981 54 1202 314 0
2365 1 1 21 64 180 0
2365 2 983 48 1202 310 0
2366 1 1 21 67 171 0
2366 2 985 42 1202 306 0
2367 1 1 13 74 168 0
2367 2 993 35 1214 297 0
2368 1 1 6 80 167 0
2368 2 1000 28 1225 287 0
2369 1 1 0 86 165 0
2369 2 1008 20 1237 277 0
2370 1 1 0 90 156 0
2370 2 1013 14 1241 269 0
2371 1 1 0 94 148 0
2371 2 1019 8 1246 261 0
2372 1 1 0 95 147 0
2372 2 1018 7 1246 260 0
2373 1 1 0 95 145 0
2373 2 1018 7 1247 259 0
2374 1 1 0 95 144 0
2374 2 1017 6 1248 257 0
2375 1 1 0 96 143 0
2375 2 1017 6 1249 257 0
2376 1 1 0 96 141 0
2376 2 1016 5 1249 255 0
2377 1 1 0 96 140 0
2377 2 1016 5 1250 254 0
2378 1 1 0 97 139 0
2378 2 1015 4 1250 253 0
2379 1 1 0 97 138 0
2379 2 1015 4 1251 252 0
2380 1 1 0 97 136 0
2380 2 1015 3 1252 251 0
2381 1 1 0 98 135 0
2381 2 1014 3 1253 250 0
2382 1 1 0 98 134 0
2382 2 1014 2 1254 248 0
2383 1 1 0 99 132 0
2383 2 1013 2 1254 248 0
2384 1 1 0 99 131 0
2384 2 1013 1 1255 246 0
2385 1 1 0 99 130 0
2385 2 1012 1 1255 246 0
2386 1 1 0 100 128 0
2386 2 1012 0 1256 244 0
2387 1 1 0 100 127 0
2387 2 1011 0 1256 243 0
2388 1 1 0 100 126 0
2388 2 1011 0 1257 242 0
2389 1 1 0 100 125 0
2389 2 1012 0 1258 241 0
2390 1 1 0 100 125 0
2390 2 1012 0 1258 240 0
2391 1 2 0 101 125 0
2391 2 1013 0 1259 240 1
2392 1 2 0 101 124 0
2392 2 1014 0 1260 239 1
2393 1 2 0 102 124 0
2393 2 1014 0 1259 238 1
2394 1 2 0 102 124 0
2394 2 1015 0 1260 237 1
2395 1 2 0 102 123 0
2395 2 1016 0 1261 236 1
2396 1 3 0 103 123 0
2396 2 1016 0 1261 235 1
2397 1 3 0 103 122 0
2397 2 1017 0 1262 234 1
2398 1 3 0 103 122 0
2398 2 1018 0 1262 233 1
2399 1 3 0 103 122 0
2399 2 1018 0 1262 232 1
2400 1 3 0 103 121 0
2400 2 1019 0 1263 231 1
2401 1 4 0 104 121 0
2401 2 1020 0 1264 231 1
2402 1 4 0 104 121 0
2402 2 1020 0 1264 230 1
2403 1 4 0 104 120 0
2403 2 1021 0 1264 229 1
2404 1 4 0 104 120 0
2404 2 1022 0 1265 228 1
2405 1 5 0 105 120 0
2405 2 1022 0 1265 227 1
2406 1 5 0 105 119 0
2406 2 1023 0 1266 226 1
2407 1 5 0 105 119 0
2407 2 1024 0 1266 225 1
2408 1 5 0 105 119 0
2408 2 1024 0 1266 224 1
2409 1 5 0 105 118 0
2409 2 1025 0 1267 223 1
2410 1 6 0 106 118 0
2410 2 1025 0 1267 222 1
2411 1 6 0 106 118 0
2411 2 1026 0 1268 221 1
2412 1 6 0 106 117 0
2412 2 1027 0 1268 221 1
2413 1 6 0 106 117 0
2413 2 1027 0 1268 220 1
2414 1 6 0 107 117 0
2414 2 1028 0 1269 219 1
2415 1 7 0 108 116 0
2415 2 1029 0 1270 218 1
2416 1 7 0 108 116 0
2416 2 1029 0 1270 217 1
2417 1 7 0 108 116 0
2417 2 1030 0 1270 216 1
2418 1 7 0 108 115 0
2418 2 1031 0 1271 215 1
2419 1 8 0 109 115 0
2419 2 1031 0 1271 214 1
2420 1 8 0 109 115 0
2420 2 1032 0 1272 213 1
2421 1 8 0 109 114 0
2421 2 1033 0 1273 212 1
2422 1 8 0 109 114 0
2422 2 1033 0 1272 212 1
2423 1 8 0 109 114 0
2423 2 1034 0 1273 211 1
2424 1 9 0 110 113 0
2424 2 1035 0 1274 210 1
2425 1 9 0 110 113 0
2425 2 1035 0 1274 209 1
2426 1 9 0 110 113 0
2426 2 1036 0 1275 208 1
2427 1 9 0 110 112 0
2427 2 1037 0 1275 207 1
2428 1 9 0 110 112 0
2428 2 1037 0 1275 206 1
2429 1 10 0 111 112 0
2429 2 1038 0 1276 205 1
2430 1 10 0 111 111 0
2430 2 1039 0 1277 204 1
2431 1 10 0 111 111 0
2431 2 1039 0 1276 203 1
2432 1 10 0 111 110 0
2432 2 1040 0 1277 202 1
2433 1 11 0 112 110 0
2433 2 1041 0 1278 202 1
2434 1 11 0 112 110 0
2434 2 1041 0 1278 201 1
2435 1 11 0 112 109 0
2435 2 1042 0 1279 200 1
2436 1 11 0 113 109 0
2436 2 1043 0 1279 199 1
2437 1 11 0 113 109 0
2437 2 1043 0 1279 198 1
2438 1 12 0 114 108 0
2438 2 1043 0 1278 198 1
2439 1 12 0 114 107 0
2439 2 1042 0 1276 198 1
2440 1 12 0 114 107 0
2440 2 1041 0 1274 198 1
2441 1 12 0 115 106 0
2441 2 1040 0 1272 199 1
2442 1 12 0 115 105 0
2442 2 1040 0 1271 199 1
2443 1 12 0 115 105 0
2443 2 1039 0 1269 199 1
2444 1 13 0 117 104 0
2444 2 1038 0 1267 199 1
2445 1 13 0 117 103 0
2445 2 1038 0 1266 199 1
2446 1 13 0 117 102 0
2446 2 1037 0 1264 200 1
2447 1 13 0 118 102 0
2447 2 1036 0 1262 200 1
2448 1 13 0 118 101 0
2448 2 1035 0 1260 200 1
2449 1 13 0 118 100 0
2449 2 1035 0 1259 200 1
2450 1 14 0 119 100 0
2450 2 1034 0 1257 200 1
2451 1 14 0 120 99 0
2451 2 1033 0 1259 201 1
2452 1 14 0 120 98 0
2452 2 1032 0 1260 202 1
2453 1 14 0 120 98 0
2453 2 1031 0 1261 204 1
2454 1 14 0 121 97 0
2454 2 1029 0 1262 205 1
2455 1 14 0 121 96 0
2455 2 1028 0 1263 206 1
2456 1 15 0 122 95 0
2456 2 1027 0 1264 207 1
2457 1 15 0 122 95 0
2457 2 1026 0 1266 208 1
2458 1 15 0 123 94 0
2458 2 1025 0 1267 209 1
2459 1 15 0 123 93 0
2459 2 1024 0 1268 210 1
2460 1 15 0 123 93 0
2460 2 1023 0 1269 211 1
2461 1 15 0 124 92 0
2461 2 1022 0 1271 212 1
2462 1 16 0 125 91 0
2462 2 1022 0 1274 210 1
2463 1 16 0 125 91 0
2463 2 1022 0 1277 207 1
2464 1 16 0 126 90 0
2464 2 1022 0 1280 204 1
2465 1 16 0 126 89 0
2465 2 1022 0 1283 202 1
2466 1 16 0 126 88 0
2466 2 1034 0 1292 207 1
2467 1 16 0 126 88 0
2467 2 1045 0 1299 212 1
2468 1 30 0 134 78 0
2468 2 1057 0 1308 216 1
2469 1 44 0 142 68 0
2469 2 1069 0 1317 221 1
2470 1 61 0 162 56 0
2470 2 1086 0 1332 198 1
2471 1 109 0 192 33 0
2471 2 1122 0 1366 184 1
2472 2 1168 0 1400 184 1
2473 2 1213 0 1444 167 1
2474 2 1257 0 1495 153 1
2475 2 1301 0 1533 146 1
2476 2 1348 0 1572 136 1
2477 2 1382 0 1609 137 1
2478 2 1412 0 1645 114 1
2479 2 1438 0 1662 93 1
2480 2 1465 0 1685 86 1
2481 2 1487 0 1701 69 1
2482 2 1506 0 1720 64 1
2483 2 1532 0 1720 64 1
2484 2 1550 0 1720 64 1
2485 2 1577 0 1720 64 1
2486 2 1597 0 1793 49 1
2487 2 1616 0 1792 49 1
2488 2 1631 0 1801 49 1
2489 2 1647 0 1810 49 1
2490 2 1666 0 1814 61 1
2491 2 1682 0 1815 81 1
2492 2 1695 0 1822 91 1
2493 2 1705 0 1830 113 1
2494 2 1705 0 1841 117 1
2495 2 1705 0 1864 138 1
2496 2 1705 0 1888 159 1
2497 2 1705 2 1886 166 1
2498 2 1706 5 1886 174 1
2499 2 1706 8 1885 181 1
2500 2 1706 12 1883 190 1
2501 2 1706 15 1882 198 1
2502 2 1707 18 1881 206 1
2503 2 1703 18 1879 205 1
2504 2 1699 19 1877 206 1
2505 2 1695 19 1874 205 1
2506 2 1692 20 1873 206 1
2507 2 1692 17 1873 206 1
2508 2 1692 13 1873 206 1
2509 2 1683 13 1873 206 1
2510 2 1683 10 1871 199 1
2511 2 1683 6 1869 192 1
2512 2 1683 3 1866 185 1
2513 2 1683 0 1864 179 1
2514 2 1683 0 1864 159 1
2515 2 1703 0 1822 82 1
2696 2 1732 0 1803 25 0
2697 2 1732 0 1807 31 0
2698 2 1732 0 1811 36 0
2699 2 1732 0 1815 42 0
2700 2 1732 0 1819 47 0
2701 2 1732 0 1823 52 0
2702 2 1732 0 1827 58 0
2703 2 1732 0 1831 63 0
2704 2 1732 0 1839 76 0
2705 2 1732 0 1847 90 0
2706 2 1743 0 1898 108 0
2707 2 1746 0 1830 118 0
2708 2 1753 0 1834 137 0
2709 2 1760 0 1835 152 0
2710 2 1760 0 1835 173 0
2711 2 1761 1 1842 187 0
2712 2 1763 4 1851 201 0
2713 2 1764 7 1859 215 0
2714 2 1762 10 1858 218 0
2715 2 1761 13 1859 222 0
2716 2 1759 16 1859 226 0
2717 2 1757 19 1858 230 0
2718 2 1756 22 1859 233 0
2719 2 1754 25 1859 237 0
2720 2 1752 29 1858 242 0
2721 2 1751 23 1856 236 0
2722 2 1749 18 1853 232 0
2723 2 1747 12 1850 226 0
2724 2 1746 7 1847 221 0
2725 2 1744 7 1846 219 0
2726 2 1742 7 1845 217 0
2727 2 1741 7 1844 214 0
2728 2 1739 7 1843 212 0
2729 2 1737 7 1842 210 0
2730 2 1736 7 1841 208 0
2731 2 1734 7 1841 204 0
2732 2 1732 7 1840 201 0
2733 2 1731 7 1840 198 1
2734 2 1729 7 1840 195 1
2735 2 1727 7 1839 191 1
2736 2 1726 7 1822 153 1
2737 2 1724 7 1804 114 1
2738 2 1717 7 1804 56 1
2763 2 1078 2 1285 66 1
2764 2 1078 2 1288 70 1
2765 2 1078 2 1292 74 1
2766 2 1078 2 1295 79 1
2767 2 1078 2 1299 83 1
2768 2 1115 2 1319 94 1
2769 2 1152 2 1339 105 1
2770 2 1215 2 1395 152 1
2771 2 1292 2 1460 209 1
2772 2 1292 2 1523 240 1
2773 2 1279 2 1503 222 1
2774 2 1266 2 1483 203 1
2775 2 1237 2 1445 209 1
2776 2 1194 2 1405 205 1
2777 2 1163 2 1381 210 1
2778 2 1134 2 1347 210 1
2779 2 1100 2 1335 207 1
2780 2 1087 2 1321 203 1
2781 2 1073 2 1307 200 1
2782 2 1059 2 1292 196 1
2783 2 1055 2 1286 188 1
2784 2 1051 2 1280 179 1
2785 2 1047 2 1274 171 1
2786 2 1047 2 1274 140 1
2787 2 1047 2 1274 108 1
2788 2 1047 2 1254 69 1
2897 2 1501 0 1664 115 0
2898 2 1533 0 1699 144 0
2899 2 1533 0 1717 152 0
2900 2 1620 0 1747 214 0
2901 2 1618 29 1788 264 0
2902 1 797 5 946 114 0
2902 2 1623 34 1803 279 0
2903 1 802 5 954 116 0
2903 2 1628 39 1817 293 0
2904 1 807 5 963 118 0
2904 2 1633 44 1832 308 0
2905 1 812 5 972 119 0
2905 2 1633 44 1832 286 0
2906 1 812 5 961 129 0
2906 2 1636 44 1830 284 0
2907 1 812 5 951 138 0
2907 2 1638 44 1826 282 0
2908 1 812 5 955 147 0
2908 2 1641 44 1824 281 0
2909 1 812 5 959 156 0
2909 2 1644 44 1822 279 0
2910 1 812 5 963 165 0
2910 2 1646 44 1819 277 0
2910 4 301 1 440 99 1
2911 1 812 5 967 174 0
2911 2 1649 44 1816 275 0
2911 4 311 1 441 89 1
2912 1 812 5 971 183 0
2912 2 1652 44 1814 274 0
2912 4 321 1 442 78 1
2913 1 823 0 987 172 0
2913 2 1654 44 1811 272 0
2913 4 331 1 443 68 1
2914 1 818 2 986 170 0
2914 2 1657 44 1821 279 0
2914 4 329 1 443 70 1
2915 1 812 5 984 168 0
2915 2 1660 44 1832 286 0
2915 4 327 1 443 71 1
2916 1 812 5 984 198 0
2916 2 1660 44 1832 280 0
2916 4 326 1 444 72 1
2917 1 810 5 981 189 0
2917 2 1660 44 1832 274 0
2917 4 324 1 444 73 1
2918 1 808 5 978 180 0
2918 2 1660 44 1832 267 0
2918 4 322 1 444 75 1
2919 1 805 5 975 170 0
2919 2 1660 44 1832 261 0
2919 4 321 1 445 76 1
2920 1 803 5 972 172 0
2920 2 1660 44 1832 255 1
2920 4 319 1 446 77 1
2921 1 801 5 969 174 0
2921 2 1660 44 1832 249 1
2921 4 317 1 446 79 1
2922 1 798 5 966 175 0
2922 2 1660 44 1832 243 1
2922 4 316 1 447 80 1
2923 1 796 5 963 177 0
2923 2 1660 44 1832 237 1
2923 4 311 1 439 82 1
2924 1 794 5 961 179 0
2924 2 1660 44 1832 230 1
2924 4 307 1 433 84 1
2925 1 791 5 957 180 0
2925 2 1660 44 1832 224 1
2925 4 302 1 425 87 1
2926 1 789 5 954 182 0
2926 2 1660 44 1832 218 1
2926 4 298 1 419 89 1
2927 1 787 5 952 184 0
2927 2 1660 33 1827 211 1
2927 4 293 1 411 91 1
2928 1 784 5 948 185 0
2928 2 1660 22 1821 203 1
2928 4 289 1 405 93 1
2929 1 782 5 945 187 0
2929 2 1660 11 1816 196 1
2929 4 284 1 397 95 1
2930 1 780 5 943 189 0
2930 2 1660 0 1810 189 1
2930 4 280 1 391 97 1
2931 1 780 5 943 189 0
2931 2 1660 0 1810 145 1
2931 4 242 1 351 95 1
2932 4 205 1 313 93 1
2933 4 168 1 275 91 1
4459 2 971 0 1114 95 1
4460 2 971 0 1142 102 1
4461 2 971 0 1170 108 1
4462 2 971 0 1198 115 1
4463 2 971 0 1198 137 1
4464 2 971 0 1198 158 1
4465 2 1003 0 1199 158 1
4466 2 1003 0 1199 158 1
4467 2 1003 0 1200 158 1
4468 2 1003 0 1201 158 1
4469 2 1003 0 1201 158 1
4470 2 1003 0 1202 158 1
4471 2 1003 0 1203 158 1
4472 2 1003 0 1204 158 1
4473 2 1003 0 1204 138 1
4474 2 1019 0 1224 138 1
4475 2 1041 0 1223 138 1
4476 2 1059 0 1257 138 1
4477 2 1084 0 1257 151 1
4484 2 1339 2 1564 189 1
4485 2 1380 2 1590 191 1
4486 2 1421 2 1615 193 1
4487 2 1442 2 1615 157 1
4488 2 1466 2 1640 159 1
4489 2 1480 2 1660 176 1
4490 2 1494 2 1681 193 1
4491 2 1505 2 1687 199 1
4492 2 1516 2 1692 204 1
4493 2 1534 2 1714 216 1
4494 2 1534 16 1714 216 1
4495 2 1548 28 1728 228 1
4496 2 1556 42 1738 248 1
4497 2 1573 50 1737 248 1
4498 2 1573 50 1763 265 1
4499 2 1595 53 1779 273 1
4500 2 1618 51 1792 259 1
4501 2 1630 78 1800 303 1
4502 2 1646 104 1814 318 1
4503 2 1656 145 1828 339 1
4504 2 1680 172 1850 382 1
4505 2 1676 209 1850 422 1
4506 2 1666 233 1850 448 1
4507 1 960 0 1060 36 0
4507 2 1635 233 1825 478 1
4508 1 943 0 1024 50 0
4508 2 1605 242 1824 478 1
4509 1 934 0 1014 61 0
4509 2 1608 258 1797 494 1
4510 1 915 0 1013 61 0
4510 2 1587 267 1796 494 1
4511 1 915 0 1013 70 0
4511 2 1592 277 1787 504 1
4512 1 915 0 1014 80 0
4512 2 1597 286 1778 513 1
4513 1 915 0 1026 80 0
4513 2 1597 302 1778 514 1
4514 1 915 0 1025 80 0
4514 2 1592 310 1778 515 1
4515 1 915 0 1024 80 0
4515 2 1587 319 1778 518 1
4516 2 1587 325 1778 518 1
4517 2 1587 331 1778 518 1
4518 2 1587 337 1778 518 1
4519 2 1560 347 1760 560 1
4520 2 1560 359 1760 561 1
4521 2 1560 370 1760 560 1
4522 2 1570 370 1766 560 1
4523 2 1571 372 1769 563 1
4524 2 1573 373 1772 565 1
4525 2 1574 375 1774 569 1
4526 2 1575 376 1777 571 1
4527 2 1576 378 1779 574 1
4528 2 1576 372 1779 573 1
4529 2 1576 367 1779 573 1
4530 2 1576 362 1779 574 1
4531 2 1576 301 1782 518 1
4532 2 1576 272 1791 483 1
4533 2 1576 228 1791 446 1
4534 2 1576 183 1791 408 1
4535 2 1576 158 1774 357 1
4536 2 1572 145 1768 345 1
4537 2 1568 133 1763 334 1
4538 2 1565 121 1758 323 1
4539 2 1565 115 1758 315 1
4540 2 1565 110 1758 307 1
4541 2 1565 98 1766 295 1
4542 2 1565 87 1774 284 1
4543 2 1581 73 1779 268 1
4544 2 1581 58 1773 247 1
4545 2 1581 46 1773 247 1
4546 2 1575 38 1765 236 1
4547 2 1568 30 1756 226 1
4548 2 1557 30 1736 222 1
4549 2 1519 18 1708 217 1
4550 2 1496 9 1672 210 1
4551 2 1469 9 1643 209 1
4552 2 1433 2 1605 207 1
4553 2 1392 2 1574 188 1
4554 2 1361 2 1557 181 1
4555 2 1345 2 1531 179 1
4556 2 1322 2 1514 193 1
4557 2 1299 2 1498 207 1
4558 1 378 0 488 56 0
4558 2 1282 2 1482 204 1
4559 1 368 0 464 78 0
4559 2 1266 2 1466 202 1
4560 1 365 0 452 86 0
4560 2 1249 2 1450 200 1
4561 1 329 0 434 94 0
4561 2 1232 2 1433 198 1
4562 1 293 0 415 103 0
4562 2 1225 2 1427 191 1
4563 1 268 0 405 104 0
4563 2 1217 2 1420 183 1
4564 1 243 0 395 105 0
4564 2 1210 2 1415 176 1
4565 1 261 0 392 89 0
4565 2 1222 2 1424 164 1
4566 1 279 0 389 72 0
4566 2 1233 2 1432 151 1
4567 1 296 0 385 56 0
4567 2 1245 2 1441 139 1
4568 1 314 0 382 39 0
4568 2 1257 2 1451 126 1
4569 2 1269 2 1460 114 1
4570 2 1269 2 1460 69 1
4571 2 1287 2 1473 70 1
4572 2 1306 2 1487 72 1
4573 2 1314 2 1487 72 1
4574 2 1322 2 1486 72 1
4575 2 1330 2 1486 72 1
4576 2 1330 2 1486 72 1
4577 2 1330 2 1486 72 1
4578 2 1330 2 1486 72 1
4579 2 1330 2 1486 72 1
4580 2 1330 2 1486 72 1
4581 2 1330 2 1486 72 1
4582 2 1330 2 1486 72 1
4583 2 1330 2 1486 72 1
5664 1 309 38 385 143 1
5665 1 232 53 311 184 1
5665 2 1234 0 1387 141 1
5666 1 163 75 260 204 1
5666 2 1186 0 1334 138 1
5667 1 109 88 222 239 1
5667 2 1121 0 1286 157 1
5668 1 76 90 181 247 1
5668 2 1072 0 1237 154 1
5669 1 52 98 181 258 1
5669 2 1042 0 1238 154 1
5670 1 52 92 181 256 1
5670 2 1047 0 1243 155 1
5671 1 52 87 181 254 1
5671 2 1052 0 1249 156 1
5672 1 52 81 181 251 1
5672 2 1057 0 1255 157 1
5673 1 52 76 181 250 1
5673 2 1062 0 1260 158 1
5674 1 52 58 181 235 1
5674 2 1067 0 1266 159 1
5675 1 78 40 199 183 1
5675 2 1088 0 1266 148 1
5676 1 78 10 220 137 1
5676 2 1123 0 1297 118 1
5677 1 125 0 233 103 1
5677 2 1151 0 1322 88 1
5678 1 167 0 247 69 1
5678 2 1179 0 1347 58 1
5944 2 1514 0 1623 50 0
5945 2 1514 0 1631 50 0
5946 2 1514 0 1646 50 0
5947 2 1531 0 1655 50 0
5948 2 1547 0 1655 61 0
5949 2 1547 0 1669 66 0
5950 2 1547 0 1669 82 0
5951 2 1521 0 1695 104 0
5952 2 1521 0 1695 130 0
5953 2 1521 0 1702 167 0
5954 2 1530 0 1704 190 0
5955 2 1540 0 1706 212 0
5956 2 1550 5 1722 237 0
5957 2 1559 12 1737 263 0
5958 2 1572 36 1757 287 0
5959 2 1593 56 1758 323 0
5960 2 1607 89 1758 359 0
5961 2 1614 110 1758 385 0
5962 2 1620 146 1782 386 0
5963 2 1635 175 1782 447 0
5964 2 1649 205 1792 470 0
5965 2 1662 235 1802 493 0
5966 2 1676 265 1812 516 0
5967 1 910 0 1021 42 1
5967 2 1691 291 1829 542 0
5968 1 938 0 1057 77 1
5968 2 1709 334 1847 588 0
5969 1 958 0 1084 102 1
5969 2 1735 355 1863 595 0
5970 1 965 0 1108 132 1
5970 2 1742 388 1878 611 0
5971 1 982 0 1125 143 1
5971 2 1761 382 1892 611 0
5972 1 999 1 1142 155 1
5972 2 1773 412 1892 610 0
5973 1 1016 2 1160 166 1
5973 2 1788 424 1910 635 0
5974 1 1028 2 1174 173 1
5974 2 1788 439 1915 640 0
5975 1 1028 9 1174 173 1
5975 2 1788 454 1919 645 0
5976 1 1039 9 1192 178 1
5976 2 1791 457 1919 647 0
5977 1 1046 14 1199 180 1
5977 2 1793 461 1919 650 0
5978 1 1053 20 1206 184 1
5978 2 1796 465 1919 653 0
5979 1 1059 19 1211 183 1
5979 2 1798 468 1919 655 0
5980 1 1064 18 1215 182 1
5980 2 1801 472 1919 658 0
5981 1 1069 17 1219 181 1
5981 2 1803 475 1919 660 0
5982 1 1075 16 1224 181 1
5982 2 1806 479 1919 663 0
5983 1 1080 15 1227 180 1
5983 2 1808 483 1919 666 0
5984 1 1086 14 1232 179 1
5984 2 1811 486 1919 668 0
5985 1 1091 13 1236 178 1
5985 2 1813 490 1919 671 0
5986 1 1101 13 1248 185 1
5986 2 1818 499 1919 682 0
5987 1 1101 32 1248 191 1
5987 2 1823 507 1919 691 0
5988 1 1118 37 1263 201 1
5988 2 1831 503 1919 702 0
5989 1 1125 44 1263 218 1
5989 2 1838 516 1919 726 0
5990 1 1125 61 1281 227 1
5990 2 1846 529 1919 749 0
5991 1 1136 68 1291 237 1
5991 2 1852 536 1919 748 0
5992 1 1148 75 1302 247 1
5992 2 1859 544 1919 749 0
5993 1 1159 82 1312 257 1
5993 2 1865 552 1919 749 0
5994 1 1172 98 1321 273 1
5995 1 1185 114 1330 289 1
5996 1 1198 129 1339 305 1
5997 1 1227 160 1339 305 1
5998 1 1227 191 1370 360 1
5998 4 882 0 1032 81 0
5999 1 1254 223 1385 383 1
5999 4 882 0 1078 95 0
6000 1 1267 257 1414 408 1
6000 4 918 0 1100 145 0
6001 1 1285 285 1427 444 1
6001 4 925 0 1120 177 0
6002 1 1303 313 1440 481 1
6002 4 932 3 1140 211 0
6003 1 1309 334 1442 503 1
6003 4 946 36 1142 253 0
6004 1 1316 349 1447 516 1
6004 4 950 50 1144 268 0
6005 1 1322 365 1451 529 1
6005 4 954 65 1146 283 0
6006 1 1315 380 1452 549 1
6006 4 956 80 1146 301 0
6007 1 1315 398 1458 573 1
6007 4 959 95 1146 319 0
6008 1 1315 415 1463 596 1
6008 4 959 125 1145 350 0
6009 1 1327 436 1463 596 1
6009 4 962 150 1143 376 0
6010 1 1333 454 1463 619 1
6010 4 965 165 1149 391 0
6011 1 1343 463 1474 629 1
6011 4 968 181 1154 408 0
6011 3 533 0 663 62 0
6012 1 1352 472 1483 638 1
6012 4 971 196 1160 423 0
6012 3 533 0 721 78 0
6013 1 1356 472 1487 638 1
6013 4 971 196 1163 423 0
6013 3 533 0 725 81 0
6014 1 1360 472 1491 638 1
6014 4 971 196 1166 422 0
6014 3 533 0 729 84 0
6015 1 1364 472 1495 638 1
6015 4 971 196 1169 422 0
6015 3 533 0 734 87 0
6016 1 1368 472 1499 638 1
6016 4 971 196 1172 421 0
6016 3 533 0 738 90 0
6017 1 1369 469 1500 635 0
6017 4 974 194 1173 418 0
6017 3 533 0 738 89 0
6018 1 1370 466 1501 632 0
6018 4 977 192 1174 414 0
6018 3 533 0 738 88 0
6019 1 1371 463 1503 629 0
6019 4 980 190 1175 411 0
6019 3 533 0 738 87 0
6020 1 1372 461 1504 627 0
6020 4 982 189 1175 409 0
6020 3 533 0 738 86 0
6021 1 1372 458 1504 624 0
6021 4 985 187 1176 406 0
6021 3 533 0 738 85 0
6022 1 1373 455 1505 620 0
6022 4 988 185 1177 402 0
6022 3 533 0 731 78 0
6023 1 1374 452 1507 617 0
6023 4 991 183 1178 399 0
6023 3 533 0 725 71 0
6024 1 1375 450 1508 615 0
6024 4 994 181 1179 396 0
6024 3 533 0 718 64 0
6025 1 1374 450 1507 615 0
6025 4 994 181 1179 398 0
6025 3 535 0 718 65 0
6026 1 1373 450 1506 615 0
6026 4 994 181 1179 400 0
6026 3 536 0 718 66 0
6027 1 1373 451 1505 615 0
6027 4 994 181 1179 402 0
6027 3 538 0 718 68 0
6028 1 1372 451 1504 615 0
6028 4 994 181 1179 404 0
6028 3 539 0 718 69 0
6029 1 1371 451 1503 614 0
6029 4 994 181 1179 406 0
6029 3 541 0 718 70 0
6030 1 1370 451 1502 614 0
6030 4 994 181 1179 408 0
6030 3 543 0 719 72 0
6031 1 1370 452 1502 615 0
6031 4 994 181 1179 410 0
6031 3 544 0 718 73 0
6032 1 1365 453 1496 615 0
6032 4 987 181 1172 410 0
6032 3 544 0 732 76 0
6033 1 1360 454 1491 614 0
6033 4 979 181 1163 410 0
6033 3 544 0 732 83 0
6034 1 1356 455 1486 614 0
6034 4 972 181 1156 410 0
6034 3 544 0 732 90 0
6035 1 1353 458 1483 618 0
6035 4 969 188 1151 415 0
6035 3 544 0 737 99 0
6036 1 1351 461 1481 622 0
6036 4 966 195 1147 420 0
6036 3 538 0 738 108 0
6037 1 1348 464 1479 626 0
6037 4 963 202 1142 425 0
6037 3 531 0 739 117 0
6038 1 1346 467 1477 629 0
6038 4 960 209 1138 430 0
6038 3 525 0 740 126 0
6039 1 1343 469 1474 632 0
6039 4 957 216 1133 435 0
6039 3 519 0 741 135 0
6040 1 1341 472 1472 636 0
6040 4 955 223 1130 440 0
6040 3 512 0 742 144 0
6041 1 1338 475 1469 640 0
6041 4 952 230 1125 445 0
6041 3 506 0 743 154 0
6042 1 1339 473 1470 638 0
6042 4 950 231 1124 447 0
6042 3 503 0 744 159 0
6043 1 1340 470 1471 635 0
6043 4 948 232 1122 448 0
6043 3 499 0 743 164 0
6044 1 1340 468 1471 633 0
6044 4 946 233 1121 449 0
6044 3 495 0 743 169 0
6045 1 1341 466 1472 632 0
6045 4 944 235 1120 451 0
6045 3 492 0 740 175 0
6046 1 1342 463 1473 629 0
6046 4 942 236 1118 453 0
6046 3 489 0 737 180 0
6047 1 1343 461 1474 627 0
6047 4 940 237 1117 454 0
6047 3 486 0 734 185 0
6048 1 1343 459 1474 625 0
6048 4 938 238 1115 455 0
6048 3 483 0 731 190 0
6049 1 1344 456 1475 622 0
6049 4 936 239 1114 456 0
6049 3 480 0 728 195 0
6050 1 1345 454 1476 621 0
6050 4 934 241 1113 459 0
6050 3 477 0 725 201 0
6051 1 1346 451 1478 618 0
6051 4 932 242 1111 460 0
6051 3 474 0 722 206 0
6052 1 1347 449 1479 616 0
6052 4 930 243 1110 461 0
6052 3 441 0 716 211 0
6053 1 1347 447 1479 614 0
6053 4 930 239 1110 459 0
6053 3 409 0 712 216 0
6054 1 1348 444 1480 612 0
6054 4 930 236 1110 457 0
6054 3 376 0 706 221 0
6055 1 1349 442 1481 610 0
6055 4 930 232 1110 455 0
6055 3 343 0 700 226 0
6056 1 1350 439 1482 607 0
6056 4 930 229 1110 454 0
6056 3 335 0 694 228 0
6057 1 1350 437 1482 605 0
6057 4 930 225 1110 451 0
6057 3 327 0 689 230 0
6058 1 1348 434 1479 601 0
6058 4 927 224 1104 452 0
6058 3 318 0 682 232 0
6059 1 1346 431 1477 597 0
6059 4 925 222 1099 452 0
6059 3 310 0 677 234 0
6060 1 1343 428 1473 592 0
6060 4 923 221 1094 453 0
6060 3 302 0 671 237 0
6061 1 1341 425 1471 588 0
6061 4 921 220 1089 454 0
6061 3 294 0 666 239 0
6062 1 1341 419 1470 582 0
6062 4 919 216 1087 449 0
6062 3 294 0 660 239 0
6063 1 1341 414 1469 578 0
6063 4 917 212 1084 445 0
6063 3 294 0 654 239 0
6064 1 1341 408 1468 573 0
6064 4 915 209 1082 441 0
6064 3 294 0 648 239 0
6065 1 1341 403 1467 568 0
6065 4 913 205 1080 437 0
6065 3 283 0 636 239 0
6066 1 1341 397 1466 563 0
6066 4 912 202 1079 433 0
6066 3 272 0 624 240 0
6067 1 1341 392 1465 558 0
6067 4 910 198 1077 429 0
6067 3 262 0 613 241 0
6068 1 1341 386 1464 553 0
6068 4 908 194 1075 424 0
6068 3 251 0 601 242 0
6069 1 1339 381 1463 548 0
6069 4 903 190 1070 420 0
6069 3 246 0 594 242 0
6070 1 1337 375 1462 541 0
6070 4 898 185 1066 414 0
6070 3 242 0 587 242 0
6071 1 1335 369 1461 535 0
6071 4 893 181 1062 410 0
6071 3 237 0 580 243 0
6072 1 1333 364 1460 530 0
6072 4 888 176 1058 405 0
6072 3 233 0 573 243 0
6073 1 1331 358 1459 523 0
6073 4 883 172 1053 400 0
6073 3 228 0 566 243 0
6074 1 1327 353 1456 519 0
6074 4 879 170 1049 398 0
6074 3 221 0 558 246 0
6075 1 1322 348 1451 514 0
6075 4 875 169 1045 397 0
6075 3 213 0 550 249 0
6076 1 1318 343 1448 510 0
6076 4 872 167 1041 395 0
6076 3 205 0 542 252 0
6077 1 1314 338 1445 505 0
6077 4 868 165 1037 393 0
6077 3 198 0 534 255 0
6078 1 1310 333 1441 500 0
6078 4 864 164 1032 392 0
6078 3 190 0 526 258 0
6079 1 1306 328 1438 496 0
6079 4 861 162 1029 389 0
6079 3 182 0 518 260 0
6080 1 1302 324 1435 492 0
6080 4 857 160 1025 387 0
6080 3 175 0 510 263 0
6081 1 1297 319 1431 488 0
6081 4 853 158 1020 385 0
6081 3 167 0 502 266 0
6082 1 1293 314 1427 483 0
6082 4 849 157 1016 384 0
6082 3 159 0 493 269 0
6083 1 1288 313 1423 481 0
6083 4 844 157 1010 383 0
6083 3 159 0 488 274 0
6084 1 1283 312 1418 479 0
6084 4 839 157 1003 383 0
6084 3 159 0 482 279 0
6085 1 1278 311 1413 477 0
6085 4 834 157 997 383 0
6085 3 159 0 476 284 0
6086 1 1273 310 1409 475 0
6086 4 828 157 989 382 0
6086 3 159 0 470 290 0
6087 1 1267 309 1403 473 0
6087 4 823 157 983 382 0
6087 3 159 0 464 295 0
6088 1 1263 304 1397 469 0
6088 4 816 156 975 378 0
6088 3 150 0 452 302 0
6089 1 1258 299 1389 464 0
6089 4 809 155 967 375 0
6089 3 142 0 441 310 0
6090 1 1254 295 1383 461 0
6090 4 802 155 958 372 0
6090 3 133 0 429 318 0
6091 1 1249 290 1376 456 0
6091 4 795 154 950 368 0
6091 3 124 0 417 326 0
6092 1 1242 285 1371 452 0
6092 4 783 154 942 368 0
6092 3 105 0 404 334 0
6093 1 1235 279 1366 447 0
6093 4 770 154 933 367 0
6093 3 86 0 390 341 0
6094 1 1227 274 1360 443 0
6094 4 758 154 924 366 0
6094 3 86 6 381 354 0
6095 1 1224 277 1357 442 0
6095 4 758 164 922 380 0
6095 3 86 12 372 366 0
6096 1 1220 281 1353 443 0
6096 4 758 176 909 394 0
6096 3 86 18 362 378 0
6097 1 1214 284 1349 446 0
6097 4 758 183 909 394 0
6097 3 72 43 347 396 0
6098 1 1207 287 1344 450 0
6098 4 750 193 903 404 0
6098 3 72 52 341 396 0
6099 1 1200 289 1339 453 0
6099 4 741 203 895 414 0
6099 3 72 61 336 396 1
6100 1 1196 280 1333 442 0
6100 4 735 195 891 406 0
6100 3 67 61 336 396 1
6101 1 1192 271 1327 431 0
6101 4 730 187 888 398 0
6101 3 62 61 336 396 1
6102 1 1189 261 1323 418 0
6102 4 724 180 884 391 0
6102 3 57 61 336 396 1
6103 1 1185 252 1317 407 0
6103 4 718 172 880 383 0
6103 3 50 54 321 395 1
6104 1 1181 243 1311 396 0
6104 4 713 164 877 375 0
6104 3 43 46 306 393 1
6105 1 1177 233 1305 384 0
6105 4 707 157 874 368 0
6105 3 36 38 291 391 1
6106 1 1154 199 1282 363 0
6106 4 684 122 837 333 0
6106 3 29 31 275 390 1
6107 1 1130 166 1258 344 0
6107 4 661 87 800 298 0
6107 3 1 33 230 384 1
6108 1 1077 108 1205 284 0
6108 4 596 29 759 237 0
6108 3 1 33 150 356 0
6109 1 1010 43 1133 196 0
6109 4 540 4 681 178 0
6110 1 941 3 1060 107 0
6110 4 478 0 601 117 0
6212 1 1038 0 1129 39 0
6213 1 1038 0 1138 67 0
6214 1 1034 0 1138 67 0
6215 1 1025 0 1138 67 0
6216 1 1010 0 1126 81 0
6217 1 1017 0 1121 77 0
6218 1 1024 0 1116 74 0
6219 1 1032 0 1112 70 0
6220 1 1032 0 1112 70 0
6226 1 1045 0 1131 90 0
6227 1 1052 0 1160 112 0
6228 1 1059 0 1188 134 0
6229 1 1078 0 1189 134 0
6230 1 1092 0 1213 139 0
6230 4 691 2 809 69 0
6231 1 1106 0 1238 144 0
6231 4 698 2 821 76 0
6232 1 1106 0 1250 158 0
6232 4 706 2 834 84 0
6233 1 1106 0 1262 171 0
6233 4 713 3 847 92 0
6234 1 1136 6 1266 161 0
6234 4 712 3 856 102 0
6235 1 1136 6 1274 166 0
6235 4 712 3 866 111 0
6236 1 1158 20 1291 165 0
6236 4 712 3 877 121 0
6237 1 1178 29 1304 185 0
6237 4 711 3 886 131 0
6238 1 1210 48 1334 199 0
6238 4 738 3 906 143 0
6239 1 1210 48 1348 215 0
6239 4 765 3 925 155 0
6240 1 1210 48 1361 232 0
6240 4 771 3 929 161 0
6241 1 1247 50 1361 232 0
6241 4 776 3 933 167 0
6242 1 1236 58 1362 232 0
6242 4 781 3 936 172 0
6243 1 1224 66 1361 232 0
6243 4 781 4 930 166 0
6244 1 1224 56 1370 227 0
6244 4 781 4 923 158 0
6245 1 1224 46 1379 221 0
6245 4 780 4 916 150 0
6246 1 1224 36 1388 216 0
6246 4 780 4 916 150 0
6247 1 1224 22 1380 186 0
6248 1 1224 9 1372 157 0
6249 1 1215 4 1358 149 0
6250 1 1176 4 1302 122 0
6251 1 1138 4 1249 77 0
8597 2 774 0 920 86 0
8598 2 745 0 956 109 0
8599 2 745 0 956 127 0
8600 1 0 273 38 366 0
8600 2 745 0 996 153 0
8601 1 0 273 57 376 0
8601 2 771 0 996 153 0
8602 1 0 281 78 388 0
8602 2 779 0 1008 159 0
8603 1 0 290 85 402 0
8603 2 788 0 1022 165 0
8604 1 0 296 85 413 0
8604 2 796 0 1058 180 0
8605 1 0 296 85 430 0
8605 2 804 0 1066 190 0
8606 1 0 286 90 428 0
8606 2 812 0 1075 200 0
8607 1 0 277 95 427 0
8607 2 819 0 1082 210 0
8608 1 0 268 99 426 0
8608 2 822 0 1084 217 0
8609 1 0 258 104 424 0
8609 2 824 0 1086 225 0
8610 1 0 249 108 423 0
8610 2 826 0 1087 233 0
8611 1 4 253 113 429 0
8611 2 829 0 1089 240 0
8612 1 9 256 119 434 0
8612 2 831 0 1091 248 0
8613 1 14 260 125 441 0
8613 2 846 11 1112 277 0
8614 1 14 277 138 454 0
8614 2 861 23 1134 307 0
8615 1 31 314 164 498 0
8615 2 876 35 1155 337 0
8616 1 47 378 173 580 0
8616 2 899 109 1149 417 0
8617 1 47 465 164 647 0
8617 2 892 220 1185 517 0
8618 1 69 542 213 726 0
8618 2 917 301 1205 634 0
8619 1 98 593 234 767 0
8619 2 942 386 1232 700 0
8620 1 98 607 234 796 0
8620 2 974 393 1232 724 0
8621 1 98 597 246 771 0
8621 2 974 393 1257 698 0
8622 1 113 544 229 723 0
8622 2 986 330 1220 623 0
8623 1 108 443 234 617 0
8623 2 983 178 1203 437 0
8624 1 90 350 210 525 0
8624 2 945 100 1211 395 0
8625 1 90 332 221 508 0
8625 2 957 77 1228 377 0
8626 1 90 315 232 492 0
8626 2 969 55 1244 360 0
8627 1 90 298 244 476 0
8627 2 980 33 1260 343 0
8628 1 89 296 240 475 0
8628 2 976 29 1257 340 0
8629 1 88 295 236 474 0
8629 2 971 26 1252 339 0
8630 1 87 294 232 474 0
8630 2 967 23 1249 338 0
8631 1 86 292 228 472 0
8631 2 962 19 1244 335 0
8632 1 85 291 224 472 0
8632 2 958 16 1241 334 0
8633 1 84 289 220 470 0
8633 2 953 13 1237 333 0
8634 1 83 288 216 470 0
8634 2 949 9 1233 330 0
8635 1 58 282 187 452 0
8635 2 933 9 1205 338 0
8636 1 50 282 163 450 0
8636 2 917 9 1178 346 0
8637 1 30 263 129 431 0
8637 2 888 4 1155 333 0
8638 1 0 232 111 404 0
8638 2 859 0 1133 321 0
8639 1 0 195 91 352 0
8639 2 863 0 1135 299 0
8640 1 0 156 83 320 0
8640 2 868 0 1137 277 0
8641 1 0 142 83 306 0
8641 2 872 0 1138 255 0
8642 1 0 126 103 290 0
8642 2 877 0 1141 233 0
8643 1 7 105 114 267 0
8643 2 882 0 1143 211 0
8644 1 17 83 126 243 0
8644 2 886 0 1145 189 0
8645 1 17 60 146 224 0
8645 2 906 0 1145 189 0
8646 1 17 44 164 210 0
8646 2 929 0 1192 140 0
8647 1 64 32 187 192 0
8647 2 957 0 1200 121 0
8648 1 81 32 198 194 0
8648 2 976 0 1213 121 0
8649 1 104 41 214 206 0
8649 2 1004 0 1237 123 0
8650 1 129 54 239 219 0
8650 2 1031 0 1260 126 0
8651 1 147 61 260 233 0
8651 2 1031 0 1306 131 0
8652 1 166 70 277 241 0
8652 2 1053 0 1322 161 0
8653 1 188 87 306 254 0
8653 2 1080 0 1344 169 0
8654 1 210 104 336 268 0
8654 2 1108 0 1368 176 0
8655 1 232 121 365 282 0
8655 2 1135 0 1390 184 0
8656 1 246 142 365 281 0
8656 2 1153 0 1405 206 0
8657 1 265 163 398 335 0
8657 2 1174 0 1429 233 0
8658 1 287 181 429 356 0
8658 2 1196 0 1451 264 0
8659 1 312 202 428 356 0
8659 2 1204 0 1452 285 0
8660 1 325 216 452 357 0
8660 2 1212 0 1452 306 0
8660 4 0 256 36 456 1
8661 1 343 227 482 377 0
8661 2 1247 21 1496 333 0
8661 4 0 256 50 456 1
8662 1 364 242 491 404 0
8662 2 1261 45 1496 349 0
8662 4 0 256 64 456 1
8663 1 380 256 512 420 0
8663 2 1272 70 1497 380 0
8663 4 0 262 87 475 1
8664 1 396 269 533 436 0
8664 2 1289 101 1546 397 0
8664 4 0 268 110 493 1
8665 1 419 300 556 476 0
8665 2 1311 129 1562 430 0
8665 4 0 286 110 493 1
8666 1 444 324 583 511 0
8666 2 1333 173 1563 473 0
8666 4 0 297 138 525 1
8667 1 470 349 606 535 0
8667 2 1363 219 1603 511 0
8667 4 11 310 178 540 1
8668 1 506 375 640 543 0
8668 2 1389 249 1617 534 0
8668 4 32 322 184 557 1
8669 1 529 393 666 571 0
8669 2 1409 279 1617 566 0
8669 4 53 332 221 563 1
8670 1 553 419 698 598 0
8670 2 1428 299 1650 586 0
8670 4 53 332 252 563 1
8671 1 581 439 725 617 0
8671 2 1447 319 1683 606 0
8671 4 103 379 286 601 1
8672 1 609 459 751 636 0
8672 2 1472 337 1707 622 0
8672 4 134 395 306 626 1
8673 1 635 480 772 654 0
8673 2 1495 337 1707 622 0
8673 4 159 418 333 653 1
8674 1 655 494 798 666 0
8674 2 1510 344 1735 622 0
8674 4 184 431 355 667 1
8675 1 675 507 823 676 0
8675 2 1517 354 1734 625 0
8675 4 208 443 377 680 1
8676 1 682 518 830 693 0
8676 2 1542 368 1733 637 0
8676 4 208 459 405 694 1
8677 1 689 530 836 712 0
8677 2 1545 383 1748 648 0
8677 4 214 472 409 708 1
8678 1 696 541 843 729 0
8678 2 1547 398 1762 658 0
8678 4 220 485 412 721 1
8679 1 696 568 843 730 0
8679 2 1550 412 1777 667 0
8679 4 227 498 417 735 1
8680 1 696 574 843 736 0
8680 2 1553 419 1777 667 0
8680 4 228 507 415 742 1
8681 1 696 581 843 744 0
8681 2 1556 426 1778 667 0
8681 4 230 515 415 749 1
8682 1 696 588 843 752 0
8682 2 1558 433 1777 667 0
8682 4 231 523 414 755 1
8683 1 697 595 842 764 0
8683 2 1557 433 1778 682 0
8683 4 233 532 413 762 1
8684 1 698 602 841 775 0
8684 2 1555 433 1777 696 0
8684 4 235 540 413 768 1
8685 1 699 603 842 773 0
8685 2 1557 432 1775 692 0
8685 4 236 540 414 767 1
8686 1 701 604 843 771 0
8686 2 1558 432 1771 688 0
8686 4 238 540 417 766 1
8687 1 702 605 844 770 0
8687 2 1560 431 1768 684 0
8687 4 239 540 418 765 1
8688 1 703 606 845 768 0
8688 2 1562 430 1766 680 0
8688 4 241 540 421 764 1
8689 1 705 607 847 766 0
8689 2 1564 429 1763 676 0
8689 4 242 540 423 763 1
8690 1 706 607 848 763 0
8690 2 1566 428 1760 672 0
8690 4 244 540 425 762 1
8691 1 707 608 849 761 0
8691 2 1567 427 1757 667 0
8691 4 246 540 428 761 1
8692 1 709 609 851 759 0
8692 2 1569 426 1754 663 0
8692 4 247 540 430 760 1
8693 1 710 610 852 758 0
8693 2 1571 425 1751 659 0
8693 4 249 540 432 759 1
8694 1 711 611 853 756 0
8694 2 1573 424 1749 655 0
8694 4 250 540 434 758 1
8695 1 713 603 855 754 0
8695 2 1580 404 1761 631 0
8695 4 252 540 436 757 1
8696 1 729 571 863 734 0
8696 2 1588 385 1774 608 0
8696 4 252 516 453 727 1
8697 1 745 538 871 714 0
8697 2 1596 365 1787 585 0
8697 4 252 492 469 697 1
8698 1 728 486 875 669 0
8698 2 1584 336 1772 555 0
8698 4 252 432 456 654 1
8699 1 704 456 859 625 0
8699 2 1573 308 1757 527 0
8699 4 246 393 425 625 1
8700 1 677 430 827 606 0
8700 2 1532 284 1738 513 0
8700 4 226 370 404 597 1
8701 1 661 407 801 572 0
8701 2 1518 267 1715 502 0
8701 4 206 347 384 570 1
8702 1 644 384 773 539 0
8702 2 1504 250 1691 490 0
8702 4 186 324 363 542 1
8703 1 626 371 764 529 0
8703 2 1495 250 1692 490 0
8703 4 173 309 353 537 1
8704 1 608 359 755 520 0
8704 2 1485 250 1691 490 0
8704 4 160 294 343 532 1
8705 1 589 347 745 512 0
8705 2 1476 250 1691 490 0
8705 4 146 279 332 527 1
8706 1 571 334 736 502 0
8706 2 1467 250 1691 490 0
8706 4 133 264 322 522 1
8707 1 559 326 707 491 0
8707 2 1441 228 1664 476 0
8707 4 113 268 300 512 1
8708 1 548 317 678 480 0
8708 2 1415 205 1636 460 0
8708 4 93 271 278 500 1
8709 1 534 308 668 478 0
8709 2 1399 195 1624 451 0
8709 4 79 263 265 489 1
8710 1 521 298 658 476 0
8710 2 1382 186 1611 443 0
8710 4 65 255 252 478 1
8711 1 506 294 649 472 0
8711 2 1372 186 1596 443 0
8711 4 58 251 239 478 1
8712 1 491 289 639 467 0
8712 2 1362 186 1580 443 0
8712 4 50 246 226 478 1
8713 1 486 286 629 464 0
8713 2 1351 186 1573 439 0
8713 4 43 242 214 478 1
8714 1 480 283 617 461 0
8714 2 1341 186 1567 435 0
8714 4 35 235 202 460 1
8715 1 474 279 606 457 0
8715 2 1330 186 1560 432 0
8715 4 27 229 190 443 1
8716 1 474 269 612 447 0
8716 2 1330 186 1560 434 0
8716 4 27 214 196 431 1
8717 1 474 259 619 437 0
8717 2 1330 186 1559 437 0
8717 4 27 198 201 418 1
8718 1 474 248 625 426 0
8718 2 1330 186 1559 440 0
8718 4 27 183 207 406 1
8719 1 474 248 635 434 0
8719 2 1330 186 1559 442 0
8719 4 39 183 214 410 1
8720 1 474 248 645 442 0
8720 2 1358 209 1583 468 0
8720 4 50 183 220 414 1
8721 1 494 254 657 457 0
8721 2 1367 218 1591 478 0
8721 4 50 183 236 415 1
8722 1 514 260 669 471 0
8722 2 1377 227 1600 488 0
8722 4 50 183 252 416 1
8723 1 517 251 670 459 0
8723 2 1377 218 1600 477 0
8723 4 56 174 254 406 1
8724 1 521 242 672 446 0
8724 2 1377 210 1600 468 0
8724 4 62 165 257 397 1
8725 1 525 233 675 434 0
8725 2 1377 201 1600 458 0
8725 4 68 156 260 387 1
8726 1 529 225 677 422 0
8726 2 1377 193 1600 449 0
8726 4 73 147 261 377 1
8727 1 529 225 677 410 0
8727 2 1377 185 1600 440 0
8727 4 73 137 261 368 1
8728 1 529 225 677 397 0
8728 2 1377 176 1600 430 0
8728 4 73 127 261 359 1
8729 1 529 225 677 384 0
8729 2 1377 168 1600 421 0
8729 4 73 117 261 350 1
8730 1 529 178 698 356 0
8730 2 1400 158 1611 391 0
8730 4 73 97 272 340 1
8731 1 552 160 696 344 0
8731 2 1400 141 1611 392 0
8731 4 103 85 277 307 1
8732 1 552 145 696 334 0
8732 2 1400 110 1627 354 0
8732 4 103 76 277 307 1
8733 1 552 123 698 300 0
8733 2 1415 71 1622 305 0
8733 4 103 76 277 279 1
8734 1 552 102 698 276 0
8734 2 1406 53 1617 277 0
8734 4 103 57 277 260 1
8735 1 551 78 693 255 0
8735 2 1406 25 1615 253 0
8735 4 103 41 277 246 1
8736 1 550 55 687 236 0
8736 2 1406 0 1613 229 0
8736 4 103 24 277 232 1
8737 1 544 31 677 204 0
8737 2 1406 0 1613 203 0
8737 4 102 2 266 203 1
8738 1 534 16 666 179 0
8738 2 1406 0 1613 183 0
8738 4 102 2 258 182 1
8739 1 524 1 654 154 0
8739 2 1406 0 1613 163 0
8739 4 102 2 250 160 1
8740 1 513 1 655 128 0
8740 2 1406 0 1613 143 0
8740 4 102 2 239 137 1
8741 1 501 1 655 102 0
8741 2 1397 0 1601 134 0
8741 4 102 2 228 114 1
8742 1 487 1 630 82 0
8742 2 1387 0 1588 125 0
8742 4 88 2 215 107 1
8743 1 474 1 606 62 0
8743 2 1378 0 1576 116 0
8743 4 75 2 203 100 1
8744 1 456 1 566 50 0
8744 2 1353 0 1564 105 0
8744 4 48 2 167 69 1
8745 2 1353 0 1512 48 0
8745 4 39 2 152 48 1
8746 4 16 2 121 43 1
