91 2 833 418 886 498 0
92 2 833 418 886 498 0
93 2 871 605 937 689 0
94 2 871 605 937 689 0
95 1 75 0 324 89 0
95 2 871 772 935 845 0
96 1 75 0 324 89 0
96 2 871 772 935 845 0
97 1 189 0 488 251 0
98 1 189 0 488 251 0
99 1 271 31 558 347 0
100 1 271 31 558 347 0
101 1 347 92 581 399 0
102 1 347 92 581 399 0
103 1 383 145 629 411 0
104 1 383 145 629 411 0
105 1 441 175 663 424 0
106 1 441 175 663 424 0
107 1 485 175 704 436 0
108 1 485 175 704 436 0
109 1 485 175 704 436 0
110 1 503 175 705 441 0
111 1 503 175 705 441 0
112 1 523 177 757 432 0
113 1 509 148 752 417 0
114 1 509 148 752 417 0
115 1 474 136 735 399 0
116 1 474 136 717 414 0
117 1 438 110 716 414 0
118 1 438 110 716 414 0
119 1 394 69 687 376 0
120 1 394 69 687 376 0
121 1 391 48 687 364 0
122 1 391 48 687 364 0
123 1 391 48 687 364 0
124 1 391 48 687 364 0
125 1 391 48 687 364 0
126 1 391 48 687 364 0
127 1 365 25 652 312 0
128 1 365 25 652 312 0
129 1 359 4 652 253 0
130 1 359 4 652 253 0
131 1 380 10 652 203 0
132 1 380 10 652 203 0
133 1 418 31 652 183 0
134 1 418 31 652 183 0
135 1 450 75 684 192 0
136 1 450 75 684 192 0
137 1 468 119 705 224 0
138 1 468 119 705 224 0
139 1 500 148 719 244 0
140 1 500 148 690 241 0
141 1 506 148 690 271 0
142 1 506 148 690 271 0
143 1 515 122 682 242 0
144 1 515 122 682 242 0
145 1 529 75 699 198 0
146 1 529 75 699 198 0
147 1 553 28 723 157 0
148 1 553 28 723 157 0
149 1 567 0 737 104 0
150 1 567 0 737 104 0
151 1 588 0 755 81 0
152 1 588 0 755 81 0
153 1 597 0 778 72 0
154 1 597 0 778 72 0
155 1 620 0 807 72 0
156 1 620 0 807 72 0
157 1 667 0 840 98 0
158 1 667 0 840 98 0
159 1 711 0 886 125 0
160 1 711 0 886 125 0
161 1 755 13 925 147 0
162 1 755 13 925 147 0
163 1 755 13 925 147 0
164 1 814 13 984 162 0
165 1 814 13 984 162 0
166 1 843 25 1007 171 0
167 1 843 25 1007 171 0
168 1 896 22 1039 168 0
169 1 896 22 1039 168 0
170 1 919 25 1071 148 0
171 1 919 25 1071 148 0
172 1 934 25 1086 171 0
173 1 934 25 1086 171 0
174 1 969 63 1109 197 1
175 1 969 63 1109 197 1
176 1 969 63 1109 197 1
177 1 998 113 1118 256 1
178 1 998 113 1118 256 1
179 1 990 169 1119 280 1
180 1 990 169 1119 280 1
181 1 998 204 1118 321 1
182 1 998 204 1118 321 1
183 1 981 239 1118 344 1
184 1 981 239 1118 344 1
185 1 975 271 1106 367 1
186 1 975 271 1106 367 1
187 1 975 277 1095 391 1
188 1 975 277 1095 391 1
189 1 972 301 1092 406 1
190 1 972 301 1092 406 1
191 1 981 318 1098 420 1
192 1 981 318 1098 420 1
193 1 990 345 1101 447 1
194 1 990 345 1101 447 1
195 1 1004 353 1109 443 1
196 1 1004 353 1109 443 1
197 1 1010 368 1121 461 1
198 1 1010 368 1121 461 1
199 1 1028 368 1148 467 1
200 1 1031 374 1139 467 1
201 1 1045 389 1150 482 1
202 1 1045 389 1150 482 1
203 1 1057 409 1159 505 1
204 1 1057 409 1159 505 1
205 1 1057 409 1159 505 1
206 1 1075 418 1180 517 1
207 1 1075 418 1180 517 1
208 1 1089 421 1188 520 1
209 1 1089 421 1188 520 1
210 1 1098 427 1188 520 1
211 1 1098 427 1188 520 1
212 1 1098 427 1188 520 1
213 1 1098 427 1188 520 1
214 1 1098 427 1212 506 1
215 1 1098 427 1212 506 1
216 1 1119 427 1212 506 1
217 1 1119 427 1212 506 1
218 1 1139 427 1235 503 1
219 1 1139 427 1235 503 1
220 1 1139 427 1235 503 1
221 1 1139 427 1235 503 1
222 1 1139 427 1235 503 1
223 1 1130 441 1235 526 1
224 1 1130 441 1235 526 1
225 1 1130 456 1235 526 1
226 1 1130 456 1235 526 1
227 1 1130 456 1235 526 1
228 1 1130 456 1235 526 1
229 1 1130 456 1235 526 1
230 1 1119 468 1236 550 1
231 1 1119 468 1236 550 1
232 1 1119 468 1215 541 1
233 1 1119 468 1215 541 1
234 1 1119 468 1215 541 1
235 1 1110 468 1215 541 1
236 1 1110 468 1215 541 1
237 1 1110 468 1215 541 1
238 1 1110 468 1215 541 1
239 1 1110 441 1215 534 1
240 1 1110 441 1215 534 1
241 1 1110 441 1215 534 1
242 1 1110 441 1215 534 1
243 1 1110 441 1215 534 1
244 1 1119 441 1215 549 1
245 1 1119 441 1215 549 1
246 1 1119 450 1233 549 1
247 1 1128 450 1233 546 1
248 1 1128 450 1233 546 1
249 1 1133 433 1244 535 1
250 1 1133 433 1244 535 1
251 1 1133 433 1244 535 1
252 1 1148 409 1265 526 1
253 1 1148 409 1265 526 1
254 1 1157 409 1265 526 1
255 1 1157 409 1265 526 1
256 1 1157 409 1265 526 1
257 1 1157 409 1265 526 1
258 1 1157 409 1265 526 1
259 1 1157 409 1265 526 1
260 1 1157 409 1265 526 1
261 1 1157 409 1265 526 1
262 1 1157 409 1265 526 1
263 1 1157 409 1265 526 1
264 1 1151 389 1265 503 1
265 1 1151 389 1265 503 1
266 1 1139 386 1241 482 1
267 1 1139 386 1241 482 1
268 1 1139 386 1241 482 1
269 1 1139 386 1241 482 1
270 1 1169 371 1265 476 1
271 1 1169 371 1265 476 1
272 1 1210 351 1303 462 1
273 1 1210 351 1303 462 1
274 1 1210 351 1303 462 1
275 1 1259 330 1358 438 0
276 1 1259 330 1358 438 0
277 1 1295 301 1412 412 0
278 1 1295 301 1412 412 0
279 1 1333 268 1447 391 0
280 1 1333 268 1447 391 0
281 1 1383 221 1500 352 0
282 1 1383 221 1500 352 0
283 1 1462 136 1588 279 0
284 1 1462 136 1588 279 0
285 1 1462 136 1588 256 0
1781 3 89 96 166 178 0
1782 3 85 97 167 173 0
1783 3 130 301 206 380 0
1784 3 132 295 209 375 0
1785 3 164 435 244 518 0
1786 3 167 435 244 522 0
1787 3 176 539 275 615 0
1788 3 179 539 275 618 0
1789 3 187 597 280 677 0
1790 3 189 597 282 680 0
1791 3 208 645 300 715 0
1792 3 202 641 292 721 0
1793 3 227 672 321 748 0
1794 3 224 673 321 746 0
1795 3 239 687 336 760 0
1796 3 242 687 332 762 0
1797 3 242 703 332 774 0
1798 3 242 701 330 773 0
1799 3 242 703 330 774 0
1800 3 230 704 329 777 0
1801 3 228 701 327 775 0
1802 3 228 701 321 775 0
1803 3 228 701 321 775 0
1804 3 206 710 298 775 0
1805 3 206 710 298 775 0
1806 3 139 710 225 775 0
1807 3 139 710 225 775 0
1808 3 36 708 113 772 0
1809 3 36 708 113 772 0
1854 3 0 622 55 695 0
1855 3 0 622 55 695 0
1856 3 0 622 55 695 0
1857 3 0 574 86 651 0
1858 3 0 574 86 651 0
1859 3 3 529 107 598 0
1860 3 3 529 107 598 0
1861 3 30 462 130 533 0
1862 3 30 462 130 533 0
1863 3 48 380 148 459 0
1864 3 48 380 148 459 0
1865 3 63 268 159 345 0
1866 3 63 268 159 345 0
1867 3 63 268 159 345 0
1868 3 61 36 136 107 0
1869 3 61 36 136 107 0
5304 4 0 53 233 322 0
5305 4 0 53 233 322 0
5306 3 1222 490 1301 577 0
5306 4 102 164 368 401 0
5307 3 1222 490 1301 577 0
5307 4 102 164 368 401 0
5308 3 1231 534 1301 598 0
5308 4 160 185 421 404 0
5309 3 1231 534 1301 598 0
5309 4 160 185 421 404 0
5310 3 1134 510 1210 565 0
5310 4 72 99 347 345 0
5311 3 1134 510 1210 565 0
5311 4 72 99 347 345 0
5312 4 0 0 190 211 0
5313 4 0 0 190 211 0
7695 3 78 129 142 211 0
7696 3 175 205 233 275 0
7697 3 175 205 233 275 0
7698 3 336 349 397 413 0
7699 3 336 349 397 413 0
7700 3 468 481 544 557 0
7701 3 468 481 544 557 0
7702 3 473 490 543 569 0
7703 3 621 633 683 717 0
7703 6 1496 6 1657 173 0
7704 3 652 687 716 744 0
7704 6 1552 59 1727 205 0
7705 3 652 687 716 744 0
7705 6 1552 59 1727 205 0
7706 6 1631 144 1795 270 0
7707 6 1631 144 1795 270 0
7708 5 436 1 597 159 0
7708 6 1681 197 1848 334 0
7709 5 436 1 597 159 0
7709 6 1681 197 1848 334 0
7710 5 436 1 676 212 0
7710 6 1728 226 1903 355 0
7711 5 436 1 676 212 0
7711 6 1728 226 1903 355 0
7712 5 395 1 658 194 0
7712 6 1740 226 1910 378 0
7713 5 395 1 658 194 0
7713 6 1740 226 1910 378 0
7714 5 313 1 582 197 0
7714 6 1740 226 1910 378 0
7715 5 313 1 582 197 0
7715 6 1740 226 1883 378 0
7716 5 201 1 473 94 0
7716 6 1699 173 1854 304 0
7717 5 201 1 473 94 0
7717 6 1699 173 1854 304 0
7718 3 653 620 743 702 0
7718 6 1593 65 1760 208 0
7719 3 653 620 743 702 0
7719 6 1593 65 1760 208 0
7720 3 551 488 618 575 0
7720 6 1531 3 1660 76 0
7721 3 551 488 618 575 0
7721 6 1531 3 1660 76 0
7722 3 428 333 501 412 0
7723 3 428 333 501 412 0
7724 3 287 142 345 215 0
7725 3 287 142 345 215 0
7726 3 155 0 231 51 0
7727 3 155 0 231 51 0
8042 6 876 368 946 447 0
8043 6 876 368 946 447 0
8044 6 858 447 925 529 0
8045 6 858 447 925 529 0
8046 6 844 506 917 582 0
8047 6 844 506 917 582 0
8048 6 841 532 911 599 0
8049 6 841 532 911 599 0
8050 6 841 532 911 599 0
8051 6 841 532 911 599 0
8052 6 841 532 905 622 0
8053 6 841 544 917 623 0
8054 6 841 544 917 623 0
8055 6 841 544 917 623 0
8056 6 841 544 917 623 0
8057 6 841 544 917 623 0
8058 6 841 544 917 623 0
8059 6 841 544 917 617 0
8060 6 841 544 920 611 0
8061 6 841 544 920 611 0
8062 6 841 544 920 611 0
8063 6 841 544 920 611 0
8064 6 841 544 920 611 0
8065 6 841 544 920 611 0
8066 6 858 529 928 611 0
8067 6 858 529 928 611 0
8068 6 858 529 928 611 0
8069 6 858 529 928 611 0
8070 6 867 529 960 611 0
8071 6 867 529 960 611 0
8072 6 882 529 961 611 0
8073 6 882 529 961 611 0
8074 6 893 529 960 599 0
8075 6 893 529 960 599 0
8076 6 914 529 960 593 0
8077 6 914 529 960 593 0
8080 6 1028 491 1069 578 0
8081 6 1028 480 1075 571 0
8082 6 1028 469 1082 563 0
8083 6 1028 469 1082 563 0
8084 6 1028 469 1082 550 0
8085 6 1028 469 1082 550 0
8086 6 1028 440 1074 536 0
8087 6 1028 440 1074 536 0
8088 6 1028 440 1074 536 0
8475 3 1429 188 1487 290 0
8476 3 1429 188 1487 274 0
8477 3 1490 209 1567 291 0
8478 3 1490 209 1567 291 0
8479 3 1525 221 1607 301 0
8480 3 1543 225 1623 312 0
8481 3 1561 229 1638 324 0
8482 3 1561 229 1638 324 0
8483 3 1581 241 1663 321 0
8484 3 1594 241 1680 325 0
8485 3 1594 241 1680 325 0
8485 5 1 387 34 487 0
8486 3 1594 241 1680 325 0
8486 5 1 387 34 487 0
8487 3 1625 241 1711 321 0
8487 5 1 387 81 487 0
8488 3 1625 241 1711 321 0
8488 5 1 387 81 487 0
8489 3 1625 241 1711 321 0
8489 5 1 387 81 487 0
8490 3 1643 247 1716 331 0
8490 5 1 387 98 487 0
8491 3 1636 249 1720 337 0
8491 5 1 387 98 487 0
8492 3 1636 249 1720 337 0
8492 5 1 387 98 487 0
8493 3 1601 267 1681 342 0
8493 5 1 407 78 520 0
8494 3 1601 267 1681 342 0
8494 5 1 407 78 520 0
8495 3 1565 278 1631 350 0
8495 5 1 434 38 520 0
8496 3 1565 278 1634 349 0
8496 5 1 434 38 520 0
8497 3 1525 296 1588 370 0
8498 3 1525 296 1588 370 0
8499 3 1497 290 1566 365 0
8500 3 1497 290 1566 365 0
8501 3 1493 272 1568 352 0
8502 3 1493 272 1568 352 0
8503 3 1499 242 1575 321 0
8504 3 1499 242 1575 321 0
8505 3 1471 218 1535 288 0
8506 3 1471 218 1535 288 0
8507 3 1471 218 1535 288 0
8508 3 1311 143 1359 194 0
8509 3 1311 143 1359 194 0
